BASN,CANO,CASO,SOU,ISNE,MISC,MISE,MISS,MISW,NWPP,NYCW,NYUP,PJMC,PJMD,PJME,PJMW,RMRG,SPP,SRCA,SRCE,SRSG,TRE
0,0,0,0,0,0,0,0,0,0,0,0,0,0,0,0,0,0,0,0,0,0
0,0,0,0,0,0,0,0,0,0,0,0,0,0,0,0,0,0,0,0,0,0
0,0,0,0,0,0,0,0,0,0,0,0,0,0,0,0,0,0,0,0,0,0
0,0,0,0,0,0,0,0,0,0,0,0,0,0,0,0,0,0,0,0,0,0
0,0,0,0,0,0,0,0,0,0,0,0,0,0,0,0,0,0,0,0,0,0
0,0,0,0,0,0,0,0,0,0,0,0,0,0,0,0,0,0,0,0,0,0
0,0,0,0,0,0,0,0,0,0,0,0,0,0,0,0,0,0,0,0,0,0
0,0,0,0.2277,0.0162,0,0,0,0,0,0.018,0.018,0,0.04,0.0121,0.008,0,0,0.0219,8.00E-04,0,0
0,0,0,0.8518,0.1963,0.0076,0.0012,0.0889,5.00E-04,0,0.2208,0.2208,0.0012,0.2987,0.1851,0.1263,0,0.0485,0.2097,0.0825,0.0013,0.0636
0,0,0,1.3104,0.5131,0.1875,0.0228,0.3559,0.1874,0,0.4932,0.4932,0.0672,0.5785,0.4305,0.2885,0.0598,0.9578,0.4236,0.3466,0.0358,0.4236
0.2293,0.1704,0.1704,1.6106,0.7536,0.4235,0.0528,0.4883,0.4148,0.019,0.7212,0.7212,0.402,0.7952,0.7193,0.5052,0.4586,1.8268,0.6808,0.5378,0.3694,0.6828
0.5346,0.4716,0.4716,1.7732,0.7973,0.6559,0.39,0.6096,0.6693,0.0615,0.7116,0.7116,0.7752,0.848,0.7694,0.5959,0.739,2.3762,0.7721,0.6248,0.6352,0.8472
0.739,0.6828,0.6828,1.8105,0.746,0.8287,0.3192,0.7539,0.7522,0.1064,0.7692,0.7692,0.8736,0.8382,0.7929,0.6418,0.8859,2.6713,0.7182,0.6888,0.7971,0.936
0.8481,0.8076,0.8076,1.7274,0.5928,0.8749,0.216,0.8159,0.6656,0.1703,0.7092,0.7092,0.864,0.7214,0.7053,0.5653,0.9437,2.7302,0.5377,0.7527,0.8702,0.9576
0.8836,0.858,0.858,1.5124,0.2975,0.7731,0.1896,0.8062,0.4973,0.2521,0.492,0.492,0.6636,0.4742,0.5059,0.4285,0.9359,2.5679,0.3813,0.7453,0.8864,0.9168
0.8474,0.846,0.846,1.1438,0.098,0.519,0.1344,0.7107,0.3778,0.4121,0.1764,0.1764,0.2088,0.2581,0.2327,0.2593,0.8576,2.2093,0.2813,0.578,0.839,0.81
0.7383,0.7692,0.7692,0.5858,5.00E-04,0.3018,0.0348,0.5063,0.2203,0.423,0.006,0.006,0.0876,0.0463,0.0152,0.0437,0.6945,1.6062,0.0993,0.3116,0.7298,0.624
0.5497,0.624,0.624,0.042,0,0.0626,0,0.2104,0.039,0.3308,0,0,0,0,0,2.00E-04,0.4258,0.6757,0,0.025,0.5443,0.3432
0.2628,0.3924,0.3924,0,0,0,0,0.0031,1.00E-04,0.0817,0,0,0,0,0,0,0.0569,0.0376,0,0,0.2665,0.0132
0.0125,0.1092,0.1092,0,0,0,0,0,0,0.0045,0,0,0,0,0,0,0,0,0,0,0.0091,0
0,0,0,0,0,0,0,0,0,0,0,0,0,0,0,0,0,0,0,0,0,0
0,0,0,0,0,0,0,0,0,0,0,0,0,0,0,0,0,0,0,0,0,0
0,0,0,0,0,0,0,0,0,0,0,0,0,0,0,0,0,0,0,0,0,0
0,0,0,0,0,0,0,0,0,0,0,0,0,0,0,0,0,0,0,0,0,0
0,0,0,0,0,0,0,0,0,0,0,0,0,0,0,0,0,0,0,0,0,0
0,0,0,0,0,0,0,0,0,0,0,0,0,0,0,0,0,0,0,0,0,0
0,0,0,0,0,0,0,0,0,0,0,0,0,0,0,0,0,0,0,0,0,0
0,0,0,0,0,0,0,0,0,0,0,0,0,0,0,0,0,0,0,0,0,0
0,0,0,0,0,0,0,0,0,0,0,0,0,0,0,0,0,0,0,0,0,0
0,0,0,0,0,0,0,0,0,0,0,0,0,0,0,0,0,0,0,0,0,0
0,0,0,0,0,0,0,0,0,0,0,0,0,0,0,0,0,0,0,0,0,0
0,0,0,0.2206,0.0414,0,0,0,0,0,0.0288,0.0288,0,0.0695,0.0198,0.012,0,0,0.0352,0.0026,0,0
0,0,0,0.8543,0.2788,0.0088,0.0072,0.1763,0.0017,0,0.2892,0.2892,0.0036,0.4448,0.2619,0.1798,0,0.0684,0.4217,0.175,0.0019,0.09
0,0,0,1.3153,0.5123,0.2034,0.0456,0.5323,0.2481,0,0.498,0.498,0.0576,0.7049,0.4908,0.3679,0.0764,1.0844,0.6906,0.4192,0.035,0.4764
0.2337,0.1644,0.1644,1.6101,0.6117,0.3514,0.0828,0.7678,0.5133,0.0178,0.6492,0.6492,0.1152,0.8654,0.6495,0.4877,0.5,1.996,0.8641,0.5986,0.3496,0.726
0.5381,0.4152,0.4152,1.7511,0.641,0.4545,0.1116,0.9142,0.6685,0.0694,0.6828,0.6828,0.1944,0.9419,0.638,0.4691,0.7414,2.5667,0.9559,0.6715,0.6157,0.8832
0.7369,0.5928,0.5928,1.8,0.6296,0.5102,0.1104,0.9839,0.73,0.2107,0.6336,0.6336,0.252,0.9452,0.5654,0.4126,0.8794,2.8669,0.9769,0.6904,0.7807,0.9672
0.836,0.6888,0.6888,1.6671,0.5168,0.5139,0.0984,0.9873,0.722,0.3425,0.5196,0.5196,0.2592,0.8743,0.4688,0.3486,0.9334,2.928,0.9277,0.643,0.8596,0.984
0.8643,0.7452,0.7452,1.3216,0.3042,0.4746,0.0696,0.9251,0.6708,0.2883,0.348,0.348,0.2232,0.7244,0.3296,0.27,0.9237,2.7678,0.8059,0.445,0.8787,0.9372
0.8039,0.7824,0.7824,0.8011,0.0973,0.3795,0.036,0.7922,0.5496,0.2852,0.1404,0.1404,0.1428,0.4801,0.1554,0.1438,0.8468,2.3858,0.6006,0.3253,0.8358,0.8232
0.6677,0.7524,0.7524,0.2642,2.00E-04,0.2366,0.0084,0.5745,0.3383,0.1713,0.0048,0.0048,0.0492,0.141,0.0169,0.028,0.693,1.7283,0.2703,0.1329,0.7242,0.63
0.4693,0.6156,0.6156,0.0165,0,0.0714,0,0.2485,0.0638,0.1421,0,0,0,0,0,0,0.4384,0.733,6.00E-04,0.0109,0.5343,0.3384
0.2014,0.3876,0.3876,0,0,0,0,0.0028,1.00E-04,0.0441,0,0,0,0,0,0,0.0655,0.0365,0,0,0.2555,0.012
0.0077,0.1092,0.1092,0,0,0,0,0,0,0.0045,0,0,0,0,0,0,0,0,0,0,0.0081,0
0,0,0,0,0,0,0,0,0,0,0,0,0,0,0,0,0,0,0,0,0,0
0,0,0,0,0,0,0,0,0,0,0,0,0,0,0,0,0,0,0,0,0,0
0,0,0,0,0,0,0,0,0,0,0,0,0,0,0,0,0,0,0,0,0,0
0,0,0,0,0,0,0,0,0,0,0,0,0,0,0,0,0,0,0,0,0,0
0,0,0,0,0,0,0,0,0,0,0,0,0,0,0,0,0,0,0,0,0,0
0,0,0,0,0,0,0,0,0,0,0,0,0,0,0,0,0,0,0,0,0,0
0,0,0,0,0,0,0,0,0,0,0,0,0,0,0,0,0,0,0,0,0,0
0,0,0,0,0,0,0,0,0,0,0,0,0,0,0,0,0,0,0,0,0,0
0,0,0,0,0,0,0,0,0,0,0,0,0,0,0,0,0,0,0,0,0,0
0,0,0,0,0,0,0,0,0,0,0,0,0,0,0,0,0,0,0,0,0,0
0,0,0,0,0,0,0,0,0,0,0,0,0,0,0,0,0,0,0,0,0,0
0,0,0,0.2633,0.0214,0,0,0,0,0,0.0144,0.0144,0,0.0176,0.0097,0.0052,0,0,0.0327,0.001,0,0
0,0,0,0.912,0.1627,0.0793,0.0276,0.1927,0.0134,0,0.1716,0.1716,0.072,0.2652,0.1566,0.1228,0,0.0702,0.3477,0.2412,0.002,0.096
0,0,0,1.3705,0.3224,0.4376,0.096,0.5562,0.3171,0,0.3036,0.3036,0.4608,0.4859,0.3067,0.274,0.0095,0.9425,0.594,0.5693,0.0339,0.4968
0.1702,0.168,0.168,1.7293,0.3629,0.702,0.1344,0.7938,0.59,0.0183,0.3756,0.3756,0.7092,0.5436,0.3467,0.3278,0.1193,1.8465,0.8312,0.7984,0.3245,0.75
0.4347,0.462,0.462,1.9745,0.3789,0.8562,0.2232,0.9385,0.651,0.063,0.372,0.372,0.8532,0.6038,0.35,0.3617,0.2303,2.3846,0.9686,0.9353,0.5401,0.9048
0.6979,0.6732,0.6732,2,0.3712,0.9094,0.3288,0.9938,0.6844,0.1109,0.3084,0.3084,0.8748,0.6284,0.3141,0.3567,0.2739,2.6232,1,0.9848,0.6584,0.9852
0.8232,0.7956,0.7956,1.9636,0.2972,0.9094,0.4332,0.9969,0.6495,0.2036,0.2556,0.2556,0.8892,0.5147,0.2704,0.3161,0.2686,2.6297,0.9654,0.9564,0.6582,0.9984
0.8538,0.8448,0.8448,1.7367,0.1922,0.8234,0.4596,0.9364,0.4772,0.2597,0.1704,0.1704,0.7968,0.3694,0.1804,0.2387,0.2306,2.4628,0.8406,0.8518,0.6947,0.9444
0.8187,0.8328,0.8328,1.3585,0.0744,0.6257,0.3504,0.7947,0.2942,0.3229,0.0648,0.0648,0.5352,0.191,0.0743,0.1307,0.1621,2.094,0.6263,0.6631,0.7516,0.8184
0.7129,0.7584,0.7584,0.7884,0,0.3106,0.126,0.5689,0.1076,0.2987,0.0012,0.0012,0.1368,0.0376,0.0071,0.0383,0.0877,1.3908,0.298,0.37,0.7014,0.618
0.5205,0.612,0.612,0.0782,0,0.0542,0,0.2386,0.0124,0.2162,0,0,0,0,0,5.00E-04,0.0344,0.4921,6.00E-04,0.0348,0.5052,0.3204
0.2342,0.3816,0.3816,0,0,0,0,0.0026,1.00E-04,0.059,0,0,0,0,0,0,0.0014,0.0115,0,0,0.2347,0.0108
0.007,0.1104,0.1104,0,0,0,0,0,0,0.0051,0,0,0,0,0,0,0,0,0,0,0.0091,0
0,0,0,0,0,0,0,0,0,0,0,0,0,0,0,0,0,0,0,0,0,0
0,0,0,0,0,0,0,0,0,0,0,0,0,0,0,0,0,0,0,0,0,0
0,0,0,0,0,0,0,0,0,0,0,0,0,0,0,0,0,0,0,0,0,0
0,0,0,0,0,0,0,0,0,0,0,0,0,0,0,0,0,0,0,0,0,0
0,0,0,0,0,0,0,0,0,0,0,0,0,0,0,0,0,0,0,0,0,0
0,0,0,0,0,0,0,0,0,0,0,0,0,0,0,0,0,0,0,0,0,0
0,0,0,0,0,0,0,0,0,0,0,0,0,0,0,0,0,0,0,0,0,0
0,0,0,0,0,0,0,0,0,0,0,0,0,0,0,0,0,0,0,0,0,0
0,0,0,0,0,0,0,0,0,0,0,0,0,0,0,0,0,0,0,0,0,0
0,0,0,0,0,0,0,0,0,0,0,0,0,0,0,0,0,0,0,0,0,0
0,0,0,0,0,0,0,0,0,0,0,0,0,0,0,0,0,0,0,0,0,0
0,0,0,0.1898,0.0996,0,0,0,0,0,0.0552,0.0552,0,0.0762,0.04,0.0218,0,0,0.0357,0.0025,0,0
0,0,0,0.6499,0.4796,0.0202,0.018,0.1423,0.0086,0,0.426,0.426,0.0492,0.4564,0.3864,0.2418,0,0.0339,0.419,0.1621,9.00E-04,0.0408
0,0,0,1.1176,0.7193,0.2696,0.1488,0.4096,0.1383,0,0.6888,0.6888,0.3876,0.7171,0.5699,0.3416,0.0918,0.7213,0.6964,0.4009,0.0334,0.3096
0.2055,0.2352,0.2352,1.2816,0.865,0.4925,0.4728,0.6394,0.4403,0.0188,0.8328,0.8328,0.6384,0.8764,0.6388,0.3565,0.5255,1.6887,0.8711,0.5388,0.3642,0.5736
0.4977,0.4836,0.4836,1.633,0.9134,0.6736,0.7824,0.8062,0.6173,0.1258,0.7836,0.7836,0.774,0.9483,0.5625,0.3287,0.7545,2.2921,0.9623,0.5944,0.6302,0.7848
0.691,0.6912,0.6912,1.6887,0.8682,0.7945,0.8184,0.8953,0.5625,0.2705,0.4464,0.4464,0.7212,0.9378,0.365,0.3269,0.8678,2.5971,0.9797,0.6349,0.7936,0.864
0.7851,0.81,0.81,1.7521,0.6946,0.6888,0.6468,0.922,0.4275,0.3211,0.204,0.204,0.33,0.8292,0.2779,0.3306,0.8688,2.5945,0.9293,0.698,0.8646,0.8736
0.8135,0.8556,0.8556,1.4451,0.436,0.5824,0.2892,0.8494,0.4514,0.2984,0.1572,0.1572,0.1572,0.6321,0.1626,0.2041,0.8679,2.4361,0.8003,0.7023,0.8839,0.8028
0.7803,0.8412,0.8412,1.1396,0.1578,0.4656,0.078,0.7001,0.4894,0.181,0.0528,0.0528,0.1788,0.3216,0.0545,0.1146,0.8135,1.8776,0.5781,0.5812,0.8417,0.678
0.6851,0.7668,0.7668,0.5974,0,0.2527,0.0132,0.4349,0.2358,0.1221,0.0012,0.0012,0.1296,0.0611,0.0028,0.0249,0.6668,1.2671,0.2395,0.2972,0.7272,0.4416
0.5109,0.6192,0.6192,0.0459,0,0.0569,0,0.1217,0.0173,0.0816,0,0,0.0012,0,0,1.00E-04,0.4336,0.5085,6.00E-04,0.0207,0.5399,0.1212
0.2403,0.3876,0.3876,0,0,0,0,3.00E-04,0,0.0353,0,0,0,0,0,0,0.0714,0.0339,0,0,0.2647,0.0012
0.0111,0.0936,0.0936,0,0,0,0,0,0,0.0039,0,0,0,0,0,0,0,0,0,0,0.0097,0
0,0,0,0,0,0,0,0,0,0,0,0,0,0,0,0,0,0,0,0,0,0
0,0,0,0,0,0,0,0,0,0,0,0,0,0,0,0,0,0,0,0,0,0
0,0,0,0,0,0,0,0,0,0,0,0,0,0,0,0,0,0,0,0,0,0
0,0,0,0,0,0,0,0,0,0,0,0,0,0,0,0,0,0,0,0,0,0
0,0,0,0,0,0,0,0,0,0,0,0,0,0,0,0,0,0,0,0,0,0
0,0,0,0,0,0,0,0,0,0,0,0,0,0,0,0,0,0,0,0,0,0
0,0,0,0,0,0,0,0,0,0,0,0,0,0,0,0,0,0,0,0,0,0
0,0,0,0,0,0,0,0,0,0,0,0,0,0,0,0,0,0,0,0,0,0
0,0,0,0,0,0,0,0,0,0,0,0,0,0,0,0,0,0,0,0,0,0
0,0,0,0,0,0,0,0,0,0,0,0,0,0,0,0,0,0,0,0,0,0
0,0,0,0,0,0,0,0,0,0,0,0,0,0,0,0,0,0,0,0,0,0
0,0,0,0.2253,0.0119,0,0,0,0,0,0.0084,0.0084,0,0.0327,0.0096,0.0071,0,0,0.0256,0.0015,0,0
0,0,0,0.8899,0.1073,0.0318,0.036,0.0925,0.0081,0,0.1548,0.1548,0.0504,0.2849,0.1792,0.1444,0,0.0379,0.3695,0.1099,7.00E-04,0.0312
0,0,0,1.379,0.2549,0.2935,0.1212,0.3949,0.177,0,0.4944,0.4944,0.306,0.6606,0.455,0.3732,0.0787,0.7688,0.645,0.3883,0.0347,0.2952
0.1344,0.1188,0.1188,1.7051,0.3772,0.6285,0.3324,0.6682,0.3722,0.0096,0.678,0.678,0.5808,0.8254,0.6858,0.673,0.4878,1.7512,0.8208,0.7362,0.3573,0.6
0.364,0.39,0.39,1.8927,0.5937,0.7158,0.564,0.8141,0.5633,0.0556,0.732,0.732,0.5616,0.902,0.7951,0.8266,0.7208,2.306,0.9109,0.8737,0.6186,0.7488
0.6487,0.6456,0.6456,1.9429,0.6667,0.8355,0.6792,0.884,0.7225,0.1846,0.6816,0.6816,0.7632,0.8957,0.77,0.8576,0.8564,2.5928,0.9223,0.919,0.7858,0.8328
0.794,0.7236,0.7236,1.8552,0.5343,0.7858,0.288,0.8849,0.722,0.3581,0.5712,0.5712,0.6288,0.799,0.6599,0.7932,0.9152,2.6285,0.8658,0.8893,0.8649,0.8436
0.8458,0.66,0.66,1.6376,0.3037,0.6869,0.0996,0.8062,0.651,0.4487,0.3672,0.3672,0.492,0.6624,0.4351,0.5784,0.9066,2.4473,0.7362,0.788,0.8801,0.7428
0.814,0.5748,0.5748,1.2714,0.085,0.5302,0.0684,0.6276,0.4735,0.4768,0.1716,0.1716,0.3528,0.4373,0.2305,0.3549,0.8306,2.0409,0.5341,0.6134,0.832,0.5184
0.6953,0.5064,0.5064,0.7275,7.00E-04,0.2898,0.0348,0.3434,0.262,0.4344,0.0096,0.0096,0.162,0.1217,0.0248,0.0892,0.6787,1.4005,0.2366,0.3403,0.7171,0.2232
0.4986,0.438,0.438,0.0724,0,0.0578,0,0.0937,0.0427,0.2963,0,0,0.0036,0,0,3.00E-04,0.435,0.5309,0,0.0316,0.5342,0.0636
0.2321,0.2808,0.2808,0,0,0,0,0,0,0.108,0,0,0,0,0,0,0.0746,0.0333,0,0,0.2613,0
0.0139,0.1008,0.1008,0,0,0,0,0,0,0.0053,0,0,0,0,0,0,0,0,0,0,0.0099,0
0,0,0,0,0,0,0,0,0,0,0,0,0,0,0,0,0,0,0,0,0,0
0,0,0,0,0,0,0,0,0,0,0,0,0,0,0,0,0,0,0,0,0,0
0,0,0,0,0,0,0,0,0,0,0,0,0,0,0,0,0,0,0,0,0,0
0,0,0,0,0,0,0,0,0,0,0,0,0,0,0,0,0,0,0,0,0,0
0,0,0,0,0,0,0,0,0,0,0,0,0,0,0,0,0,0,0,0,0,0
0,0,0,0,0,0,0,0,0,0,0,0,0,0,0,0,0,0,0,0,0,0
0,0,0,0,0,0,0,0,0,0,0,0,0,0,0,0,0,0,0,0,0,0
0,0,0,0,0,0,0,0,0,0,0,0,0,0,0,0,0,0,0,0,0,0
0,0,0,0,0,0,0,0,0,0,0,0,0,0,0,0,0,0,0,0,0,0
0,0,0,0,0,0,0,0,0,0,0,0,0,0,0,0,0,0,0,0,0,0
0,0,0,0,0,0,0,0,0,0,0,0,0,0,0,0,0,0,0,0,0,0
0,0,0,0.2751,0.0147,0,0,0,0,0,0.0264,0.0264,0,0.0748,0.0217,0.0156,0,0,0.0179,0.0022,0,0
0,0,0,0.9388,0.171,0.0064,0.0048,0.0769,4.00E-04,0,0.2496,0.2496,0.0024,0.4306,0.2536,0.2045,0,0.0179,0.2874,0.2033,1.00E-04,0.006
0,0,0,1.4045,0.4073,0.1491,0.0348,0.2163,0.0459,0,0.6156,0.6156,0.0372,0.677,0.5713,0.3955,0.003,0.5599,0.6428,0.5004,0.0288,0.078
0.2267,0.2448,0.2448,1.7073,0.5773,0.3552,0.0804,0.4098,0.1941,0.0238,0.774,0.774,0.132,0.8279,0.6983,0.5226,0.1088,1.2244,0.812,0.74,0.3358,0.1788
0.5225,0.4932,0.4932,1.8673,0.6632,0.6632,0.1944,0.564,0.3585,0.1113,0.828,0.828,0.4032,0.8948,0.7459,0.661,0.5222,1.6781,0.896,0.8575,0.5945,0.2724
0.7237,0.7008,0.7008,1.8976,0.6675,0.7426,0.3264,0.655,0.4103,0.2599,0.696,0.696,0.5112,0.892,0.6538,0.7365,0.8127,1.9015,0.9092,0.894,0.7607,0.3432
0.8364,0.822,0.822,1.803,0.4964,0.7184,0.3252,0.6817,0.407,0.361,0.4776,0.4776,0.4752,0.8224,0.5451,0.6978,0.8967,1.99,0.8648,0.8755,0.8482,0.384
0.8579,0.87,0.87,1.578,0.2054,0.6242,0.2304,0.5159,0.357,0.3011,0.3168,0.3168,0.3804,0.6751,0.4177,0.598,0.8374,1.8309,0.746,0.7783,0.8683,0.3732
0.8043,0.8568,0.8568,1.2069,0.0498,0.4681,0.1284,0.3115,0.2761,0.2305,0.0744,0.0744,0.24,0.4396,0.2165,0.412,0.8135,1.4726,0.5469,0.599,0.8244,0.3252
0.6837,0.7788,0.7788,0.667,0,0.2509,0.0348,0.1914,0.1492,0.1504,0.0048,0.0048,0.0852,0.1306,0.0468,0.1292,0.6799,0.9691,0.2493,0.3288,0.7155,0.2436
0.4161,0.63,0.63,0.0607,0,0.0349,0,0.0657,0.0153,0.0658,0,0,0,0,0,5.00E-04,0.4336,0.3588,0,0.0269,0.5284,0.1224
0.2045,0.396,0.396,0,0,0,0,9.00E-04,0,0.0264,0,0,0,0,0,0,0.0739,0.0321,0,0,0.2535,0.0036
0.0146,0.1104,0.1104,0,0,0,0,0,0,0.0046,0,0,0,0,0,0,0,0,0,0,0.0102,0
0,0,0,0,0,0,0,0,0,0,0,0,0,0,0,0,0,0,0,0,0,0
0,0,0,0,0,0,0,0,0,0,0,0,0,0,0,0,0,0,0,0,0,0
0,0,0,0,0,0,0,0,0,0,0,0,0,0,0,0,0,0,0,0,0,0
0,0,0,0,0,0,0,0,0,0,0,0,0,0,0,0,0,0,0,0,0,0
0,0,0,0,0,0,0,0,0,0,0,0,0,0,0,0,0,0,0,0,0,0
0,0,0,0,0,0,0,0,0,0,0,0,0,0,0,0,0,0,0,0,0,0
0,0,0,0,0,0,0,0,0,0,0,0,0,0,0,0,0,0,0,0,0,0
0,0,0,0,0,0,0,0,0,0,0,0,0,0,0,0,0,0,0,0,0,0
0,0,0,0,0,0,0,0,0,0,0,0,0,0,0,0,0,0,0,0,0,0
0,0,0,0,0,0,0,0,0,0,0,0,0,0,0,0,0,0,0,0,0,0
0,0,0,0,0,0,0,0,0,0,0,0,0,0,0,0,0,0,0,0,0,0
0,0,0,0.2585,0.0166,0,0,0,0,0,0.0444,0.0444,0,0.0127,0.0331,0.0148,0,0,0.0154,5.00E-04,0,0
0,0,0,0.9047,0.1406,0.0365,0.0228,0.0949,0.015,0,0.3684,0.3684,0.0804,0.095,0.3474,0.201,0,0.0293,0.2195,0.0652,9.00E-04,0.0408
0,0,0,1.369,0.3332,0.357,0.3912,0.3437,0.3272,0,0.642,0.642,0.4512,0.2246,0.6261,0.4072,0.0047,0.8355,0.4687,0.2113,0.0315,0.318
0.1519,0.2568,0.2568,1.665,0.6183,0.6638,0.7056,0.5581,0.6087,0.0233,0.7968,0.7968,0.69,0.3749,0.7825,0.5912,0.088,1.6265,0.6254,0.3248,0.3328,0.5748
0.3805,0.5052,0.5052,1.8176,0.7364,0.8219,0.8232,0.722,0.778,0.0699,0.852,0.852,0.8316,0.5452,0.8405,0.7231,0.3061,1.9709,0.7398,0.4047,0.5943,0.7596
0.5628,0.7128,0.7128,1.8466,0.7181,0.8357,0.846,0.7844,0.8611,0.1481,0.828,0.828,0.8892,0.6241,0.8225,0.791,0.6656,1.8925,0.8106,0.4669,0.7642,0.8424
0.6896,0.828,0.828,1.7579,0.6164,0.7789,0.7896,0.7709,0.8312,0.1997,0.7248,0.7248,0.8724,0.5334,0.7229,0.7542,0.5706,1.7341,0.7898,0.5072,0.8617,0.8628
0.7511,0.8736,0.8736,1.5396,0.4242,0.6394,0.654,0.6832,0.6751,0.247,0.486,0.486,0.774,0.3274,0.4962,0.5978,0.4173,1.463,0.662,0.4542,0.8807,0.8196
0.7599,0.8568,0.8568,1.1798,0.1501,0.4377,0.2652,0.5471,0.487,0.2191,0.1836,0.1836,0.5892,0.1516,0.2452,0.3836,0.2446,1.0565,0.4481,0.3856,0.837,0.7116
0.6718,0.7752,0.7752,0.6509,5.00E-04,0.2149,0.0348,0.3568,0.2359,0.2086,0.0108,0.0108,0.2928,0.04,0.04,0.1203,0.1257,0.6713,0.1638,0.2204,0.7193,0.5136
0.5032,0.6216,0.6216,0.0584,0,0.0081,0,0.128,0.0171,0.1234,0,0,0.0048,0,0,6.00E-04,0.0376,0.2776,0,0.0139,0.5234,0.2388
0.2443,0.3792,0.3792,0,0,0,0,0.0017,0,0.043,0,0,0,0,0,0,0,0.0296,0,0,0.2387,0.0072
0.0167,0.0744,0.0744,0,0,0,0,0,0,0.0031,0,0,0,0,0,0,0,0,0,0,0.0082,0
0,0,0,0,0,0,0,0,0,0,0,0,0,0,0,0,0,0,0,0,0,0
0,0,0,0,0,0,0,0,0,0,0,0,0,0,0,0,0,0,0,0,0,0
0,0,0,0,0,0,0,0,0,0,0,0,0,0,0,0,0,0,0,0,0,0
0,0,0,0,0,0,0,0,0,0,0,0,0,0,0,0,0,0,0,0,0,0
0,0,0,0,0,0,0,0,0,0,0,0,0,0,0,0,0,0,0,0,0,0
0,0,0,0,0,0,0,0,0,0,0,0,0,0,0,0,0,0,0,0,0,0
0,0,0,0,0,0,0,0,0,0,0,0,0,0,0,0,0,0,0,0,0,0
0,0,0,0,0,0,0,0,0,0,0,0,0,0,0,0,0,0,0,0,0,0
0,0,0,0,0,0,0,0,0,0,0,0,0,0,0,0,0,0,0,0,0,0
0,0,0,0,0,0,0,0,0,0,0,0,0,0,0,0,0,0,0,0,0,0
0,0,0,0,0,0,0,0,0,0,0,0,0,0,0,0,0,0,0,0,0,0
0,0,0,0.2396,0.079,0,0,0,0,0,0.0468,0.0468,0,0.0151,0.0257,0.0078,0,0,0.0214,7.00E-04,0,0
0,0,0,0.8718,0.3779,0.0517,0.144,0.0209,0.0169,0,0.2232,0.2232,0.0492,0.191,0.202,0.1674,0,0.0072,0.269,0.0765,4.00E-04,0.018
0,0,0,1.3291,0.5724,0.2272,0.468,0.1014,0.2045,0,0.4224,0.4224,0.2472,0.4809,0.4233,0.4698,0.0648,0.2736,0.4979,0.2945,0.0164,0.1632
0.1977,0.2844,0.2844,1.6239,0.7021,0.3969,0.7248,0.2399,0.4167,0.0211,0.7176,0.7176,0.3936,0.759,0.6935,0.7118,0.4943,0.7193,0.6666,0.5235,0.2937,0.4032
0.4585,0.5316,0.5316,1.7861,0.7668,0.5139,0.8556,0.4346,0.6148,0.1377,0.8196,0.8196,0.4404,0.8419,0.8249,0.8463,0.7593,1.0817,0.6916,0.6174,0.5512,0.666
0.6854,0.7404,0.7404,1.8273,0.7152,0.5833,0.8952,0.4846,0.6823,0.3402,0.786,0.786,0.5016,0.8272,0.7888,0.8447,0.9129,1.2697,0.5819,0.572,0.7196,0.7512
0.8172,0.858,0.858,1.7536,0.563,0.4691,0.852,0.5743,0.6462,0.526,0.7284,0.7284,0.3636,0.7539,0.7537,0.7861,0.9836,1.408,0.5175,0.4816,0.8138,0.738
0.8669,0.9096,0.9096,1.5409,0.345,0.4094,0.7176,0.5155,0.549,0.6164,0.5748,0.5748,0.3108,0.6157,0.6112,0.643,0.9799,1.567,0.4077,0.4088,0.8424,0.6708
0.8233,0.8928,0.8928,1.183,0.0969,0.2776,0.4176,0.3794,0.4113,0.6352,0.1932,0.1932,0.1608,0.3638,0.2815,0.3991,0.9005,1.4383,0.2423,0.2968,0.8104,0.558
0.7023,0.8064,0.8064,0.6593,2.00E-04,0.1415,0.06,0.2246,0.2322,0.574,0.006,0.006,0.06,0.0731,0.0464,0.0864,0.7366,0.9281,0.1045,0.1431,0.7082,0.2868
0.5148,0.6504,0.6504,0.0625,0,0.026,0,0.0648,0.0338,0.4276,0,0,0,0,0,2.00E-04,0.4575,0.3006,0,0.0074,0.5285,0.1044
0.2422,0.4092,0.4092,0,0,0,0,6.00E-04,0,0.1969,0,0,0,0,0,0,0.0378,0.0125,0,0,0.2593,0.0024
0.016,0.0948,0.0948,0,0,0,0,0,0,0.0078,0,0,0,0,0,0,0,0,0,0,0.0118,0
0,0,0,0,0,0,0,0,0,0,0,0,0,0,0,0,0,0,0,0,0,0
0,0,0,0,0,0,0,0,0,0,0,0,0,0,0,0,0,0,0,0,0,0
0,0,0,0,0,0,0,0,0,0,0,0,0,0,0,0,0,0,0,0,0,0
0,0,0,0,0,0,0,0,0,0,0,0,0,0,0,0,0,0,0,0,0,0
0,0,0,0,0,0,0,0,0,0,0,0,0,0,0,0,0,0,0,0,0,0
0,0,0,0,0,0,0,0,0,0,0,0,0,0,0,0,0,0,0,0,0,0
0,0,0,0,0,0,0,0,0,0,0,0,0,0,0,0,0,0,0,0,0,0
0,0,0,0,0,0,0,0,0,0,0,0,0,0,0,0,0,0,0,0,0,0
0,0,0,0,0,0,0,0,0,0,0,0,0,0,0,0,0,0,0,0,0,0
0,0,0,0,0,0,0,0,0,0,0,0,0,0,0,0,0,0,0,0,0,0
0,0,0,0,0,0,0,0,0,0,0,0,0,0,0,0,0,0,0,0,0,0
0,0,0,0.1684,0.0339,0,0,0,0,0,0.0036,0.0036,0,0,0.0031,0.0016,0,0,0.0136,0,0,0
0,0,0,0.7212,0.2509,0.0513,0.1632,0.0092,0.0034,0,0.0984,0.0984,0.0144,0.0206,0.1155,0.1343,0,0.0081,0.1471,0.0593,3.00E-04,0.0132
0,0,0,1.0993,0.56,0.2517,0.3144,0.0607,0.2201,0,0.486,0.486,0.0768,0.0765,0.5082,0.4515,0.0788,0.6394,0.3099,0.2001,0.0213,0.0924
0.2278,0.2544,0.2544,1.3803,0.7831,0.458,0.366,0.1241,0.4502,0.0253,0.7872,0.7872,0.1452,0.2608,0.7598,0.675,0.4686,1.4223,0.4359,0.429,0.2716,0.2112
0.5334,0.4908,0.4908,1.588,0.8761,0.6301,0.2916,0.2132,0.6406,0.0761,0.8856,0.8856,0.3084,0.4881,0.8004,0.7377,0.7124,1.9732,0.5206,0.5889,0.5429,0.396
0.737,0.696,0.696,1.5031,0.8631,0.7224,0.2316,0.4088,0.7519,0.1521,0.8844,0.8844,0.5196,0.4421,0.7362,0.6352,0.8576,2.2038,0.4541,0.6884,0.7362,0.5736
0.8365,0.8172,0.8172,1.1023,0.7544,0.7497,0.1944,0.4325,0.7838,0.2145,0.798,0.798,0.6732,0.2225,0.5848,0.4145,0.9248,2.2935,0.3913,0.6849,0.8414,0.6456
0.874,0.8688,0.8688,0.9365,0.5542,0.7245,0.1368,0.3588,0.7475,0.2595,0.6252,0.6252,0.6816,0.1219,0.4203,0.2606,0.92,2.1228,0.2779,0.6214,0.8765,0.4872
0.8383,0.8544,0.8544,0.9731,0.2543,0.6044,0.1188,0.2791,0.603,0.2532,0.3468,0.3468,0.5544,0.0653,0.2156,0.1347,0.8443,1.7949,0.1309,0.4563,0.8346,0.2892
0.7235,0.7764,0.7764,0.5576,0.0045,0.3577,0.0432,0.18,0.3525,0.1907,0.0276,0.0276,0.2724,0.0076,0.0159,0.0435,0.6895,1.2797,0.0508,0.2,0.7142,0.138
0.5302,0.6252,0.6252,0.036,0,0.0637,0,0.0384,0.06,0.105,0,0,0.0072,0,0,7.00E-04,0.4327,0.4729,0,0.0122,0.5186,0.036
0.2405,0.3888,0.3888,0,0,0,0,0,1.00E-04,0.0312,0,0,0,0,0,0,0.0752,0.0334,0,0,0.2344,0
0.0125,0.0912,0.0912,0,0,0,0,0,0,0.0038,0,0,0,0,0,0,0,0,0,0,0.0096,0
0,0,0,0,0,0,0,0,0,0,0,0,0,0,0,0,0,0,0,0,0,0
0,0,0,0,0,0,0,0,0,0,0,0,0,0,0,0,0,0,0,0,0,0
0,0,0,0,0,0,0,0,0,0,0,0,0,0,0,0,0,0,0,0,0,0
0,0,0,0,0,0,0,0,0,0,0,0,0,0,0,0,0,0,0,0,0,0
0,0,0,0,0,0,0,0,0,0,0,0,0,0,0,0,0,0,0,0,0,0
0,0,0,0,0,0,0,0,0,0,0,0,0,0,0,0,0,0,0,0,0,0
0,0,0,0,0,0,0,0,0,0,0,0,0,0,0,0,0,0,0,0,0,0
0,0,0,0,0,0,0,0,0,0,0,0,0,0,0,0,0,0,0,0,0,0
0,0,0,0,0,0,0,0,0,0,0,0,0,0,0,0,0,0,0,0,0,0
0,0,0,0,0,0,0,0,0,0,0,0,0,0,0,0,0,0,0,0,0,0
0,0,0,0,0,0,0,0,0,0,0,0,0,0,0,0,0,0,0,0,0,0
0,0,0,0.1755,0.0514,0,0,0,0,0,0.0348,0.0348,0,0.0366,0.0206,0.0103,0,0,0.0042,8.00E-04,0,0
0,0,0,0.6762,0.301,0.0804,0.0624,0.0116,0.0186,0,0.3192,0.3192,0.0744,0.3254,0.2451,0.2106,0,0.0149,0.1004,0.1372,4.00E-04,0.0204
0,0,0,1.0521,0.5389,0.4208,0.306,0.0928,0.2822,0,0.6456,0.6456,0.4176,0.6765,0.6205,0.5901,0.1004,0.7525,0.2549,0.4222,0.0366,0.204
0.2008,0.24,0.24,1.3408,0.687,0.6715,0.6552,0.1849,0.5743,0.0119,0.804,0.804,0.6624,0.8398,0.8084,0.7948,0.5288,1.5468,0.5184,0.5207,0.3528,0.4992
0.4585,0.48,0.48,1.6627,0.7775,0.82,0.8232,0.3011,0.7439,0.0902,0.8724,0.8724,0.8064,0.9064,0.87,0.8616,0.7594,2.0833,0.5646,0.5473,0.6023,0.7344
0.6505,0.6912,0.6912,1.7175,0.7886,0.8817,0.8724,0.3525,0.8196,0.2342,0.8496,0.8496,0.8604,0.902,0.8544,0.8713,0.8938,2.3534,0.5277,0.5321,0.7716,0.8208
0.7473,0.816,0.816,1.5627,0.6726,0.8705,0.8316,0.3509,0.8237,0.4927,0.732,0.732,0.8424,0.8324,0.7584,0.8209,0.949,2.4181,0.4046,0.4565,0.8608,0.8628
0.7787,0.8688,0.8688,1.3476,0.4627,0.7899,0.708,0.3255,0.7526,0.6505,0.4344,0.4344,0.75,0.6893,0.514,0.6764,0.9405,2.2874,0.3216,0.4035,0.8845,0.8556
0.7698,0.8556,0.8556,0.9871,0.1712,0.6281,0.4896,0.261,0.5982,0.6744,0.1464,0.1464,0.5724,0.4532,0.2647,0.4546,0.8629,1.9325,0.2147,0.2857,0.8397,0.7332
0.6373,0.7812,0.7812,0.5184,0.0015,0.3656,0.168,0.1616,0.3403,0.5917,0.0072,0.0072,0.288,0.1376,0.0529,0.1477,0.7122,1.316,0.0606,0.1528,0.7238,0.4692
0.4372,0.6288,0.6288,0.0409,0,0.069,0,0.0467,0.0542,0.4516,0,0,0.0084,0,0,6.00E-04,0.463,0.5021,0,0.0085,0.533,0.1428
0.2093,0.384,0.384,0,0,0,0,0.0017,0,0.2109,0,0,0,0,0,0,0.0959,3.57E-02,0,0,0.2527,0.0072
0.0146,0.0648,0.0648,0,0,0,0,0,0,0.0093,0,0,0,0,0,0,0,0,0,0,0.0099,0
0,0,0,0,0,0,0,0,0,0,0,0,0,0,0,0,0,0,0,0,0,0
0,0,0,0,0,0,0,0,0,0,0,0,0,0,0,0,0,0,0,0,0,0
0,0,0,0,0,0,0,0,0,0,0,0,0,0,0,0,0,0,0,0,0,0
0,0,0,0,0,0,0,0,0,0,0,0,0,0,0,0,0,0,0,0,0,0
0,0,0,0,0,0,0,0,0,0,0,0,0,0,0,0,0,0,0,0,0,0
0,0,0,0,0,0,0,0,0,0,0,0,0,0,0,0,0,0,0,0,0,0
0,0,0,0,0,0,0,0,0,0,0,0,0,0,0,0,0,0,0,0,0,0
0,0,0,0,0,0,0,0,0,0,0,0,0,0,0,0,0,0,0,0,0,0
0,0,0,0,0,0,0,0,0,0,0,0,0,0,0,0,0,0,0,0,0,0
0,0,0,0,0,0,0,0,0,0,0,0,0,0,0,0,0,0,0,0,0,0
0,0,0,0,0,0,0,0,0,0,0,0,0,0,0,0,0,0,0,0,0,0
0,0,0,0.0735,0.1066,0,0,0.0089,0,0,0.0672,0.0672,0,0.0091,0.0364,0.0083,0,0.0009,0,2.00E-04,0,0
0,0,0,0.2612,0.462,0.0236,0.0468,0.1219,0.0159,0,0.4164,0.4164,0.0564,0.0599,0.265,0.0925,0,0.0467,0.025,0.0084,0.0019,0.0924
0,0,0,0.4006,0.6769,0.2274,0.1968,0.3855,0.2295,0,0.6612,0.6612,0.2616,0.0904,0.4661,0.2025,0.0107,0.6818,0.0658,0.036,0.0316,0.48
0.1613,0.084,0.084,0.5421,0.8053,0.3963,0.4524,0.5717,0.4209,0.0215,0.8112,0.8112,0.4284,0.1122,0.6347,0.3246,0.1346,1.2616,0.0865,0.0778,0.1973,0.726
0.4788,0.2172,0.2172,0.6804,0.8693,0.5169,0.5436,0.7056,0.5552,0.0904,0.8736,0.8736,0.5784,0.131,0.713,0.3952,0.2437,1.711,0.1142,0.175,0.3915,0.876
0.7487,0.33,0.33,0.8172,0.8497,0.5716,0.354,0.8125,0.595,0.3203,0.8556,0.8556,0.6384,0.1026,0.6142,0.3058,0.3381,1.9122,0.1503,0.245,0.6397,0.9504
0.8622,0.3576,0.3576,0.777,0.747,0.545,0.264,0.8716,0.564,0.4263,0.7224,0.7224,0.5664,0.0864,0.4431,0.1591,0.3505,1.9391,0.166,0.2166,0.82,0.96
0.9136,0.4716,0.4716,0.5282,0.5433,0.4424,0.198,0.8367,0.4265,0.306,0.3768,0.3768,0.3744,0.0606,0.216,0.0761,0.364,1.7721,0.1588,0.1755,0.8608,0.9072
0.8821,0.5868,0.5868,0.3036,0.2194,0.2934,0.078,0.7152,0.2581,0.2595,0.1044,0.1044,0.198,0.0244,0.0628,0.0308,0.353,1.3617,0.0949,0.1204,0.8126,0.7908
0.7709,0.558,0.558,0.1233,0.0013,0.1267,0.0132,0.5049,0.1073,0.2652,0.0012,0.0012,0.0672,0.002,0.0012,0.003,0.2819,0.8186,0.0384,0.0376,0.6965,0.6012
0.5771,0.4356,0.4356,0.0034,0,0.0095,0,0.202,0.0072,0.3902,0,0,0,0,0,0,0.1587,0.3026,0,0.0016,0.4947,0.318
0.2644,0.2052,0.2052,0,0,0,0,0.0037,2.00E-04,0.2426,0,0,0,0,0,0,0.0263,0.042,0,0,0.2083,0.0156
0.0167,0.0288,0.0288,0,0,0,0,0,0,0.0167,0,0,0,0,0,0,0,0,0,0,0.0069,0
0,0,0,0,0,0,0,0,0,0,0,0,0,0,0,0,0,0,0,0,0,0
0,0,0,0,0,0,0,0,0,0,0,0,0,0,0,0,0,0,0,0,0,0
0,0,0,0,0,0,0,0,0,0,0,0,0,0,0,0,0,0,0,0,0,0
0,0,0,0,0,0,0,0,0,0,0,0,0,0,0,0,0,0,0,0,0,0
0,0,0,0,0,0,0,0,0,0,0,0,0,0,0,0,0,0,0,0,0,0
0,0,0,0,0,0,0,0,0,0,0,0,0,0,0,0,0,0,0,0,0,0
0,0,0,0,0,0,0,0,0,0,0,0,0,0,0,0,0,0,0,0,0,0
0,0,0,0,0,0,0,0,0,0,0,0,0,0,0,0,0,0,0,0,0,0
0,0,0,0,0,0,0,0,0,0,0,0,0,0,0,0,0,0,0,0,0,0
0,0,0,0,0,0,0,0,0,0,0,0,0,0,0,0,0,0,0,0,0,0
0,0,0,0,0,0,0,0,0,0,0,0,0,0,0,0,0,0,0,0,0,0
0,0,0,0.1281,0,0,0,6.00E-04,0,0,0,0,0,0.056,0.0028,0.0058,0,0.0001,0.0219,0.001,0,0
0,0,0,0.6931,0.0106,0.0029,0.0012,0.0885,0,0,0.0168,0.0168,0.0012,0.3113,0.0598,0.0804,0,5.71E-02,0.1411,0.0173,0.0016,0.078
0,0,0,1.1882,0.0231,0.0367,0.018,0.3754,0.019,0,0.078,0.078,0.018,0.5445,0.2147,0.2539,0.0981,0.5384,0.3264,0.0889,0.024,0.4572
0.28,0.1236,0.1236,1.4974,0.0411,0.0889,0.0444,0.6982,0.063,0.008,0.1452,0.1452,0.042,0.7091,0.384,0.4534,0.5381,1.0557,0.5717,0.1976,0.1273,0.7212
0.5674,0.4632,0.4632,1.6764,0.0651,0.1248,0.0768,0.8698,0.1076,0.0735,0.1704,0.1704,0.0588,0.7285,0.441,0.52,0.7745,1.4373,0.8541,0.2612,0.2564,0.8796
0.7761,0.702,0.702,1.7093,0.0625,0.1516,0.108,0.9054,0.1359,0.1981,0.132,0.132,0.0624,0.616,0.423,0.5292,0.9348,1.6212,0.8414,0.2891,0.3632,0.8064
0.8894,0.852,0.852,1.5934,0.0427,0.1608,0.1272,0.8289,0.1357,0.307,0.0684,0.0684,0.0588,0.5548,0.3725,0.5189,0.9963,1.5842,0.7386,0.2995,0.4482,0.5856
0.9402,0.9048,0.9048,1.2243,0.0198,0.1497,0.108,0.7385,0.1125,0.3648,0.0396,0.0396,0.0492,0.6408,0.2721,0.415,0.9778,1.5011,0.6564,0.2778,0.5332,0.3192
0.9146,0.8892,0.8892,0.7086,0.0046,0.119,0.06,0.6505,0.0767,0.3308,0.0132,0.0132,0.0288,0.4267,0.1062,0.1678,0.8558,1.2882,0.4653,0.2162,0.5444,0.2736
0.804,0.81,0.81,0.2713,0,0.0618,0.012,0.4379,0.0345,0.2612,0,0,0.0072,0.1189,0.0162,0.0309,0.5941,0.8787,0.1286,0.098,0.4561,0.1224
0.6044,0.654,0.654,0.0211,0,0.0109,0,0.1499,0.0042,0.2308,0,0,0,0,0,0,0.2556,0.3642,0,0.0098,0.3429,0.0552
0.2994,0.4116,0.4116,0,0,0,0,9.00E-04,2.00E-04,0.1588,0,0,0,0,0,0,0.0284,1.39E-02,0,0,0.1721,0.0036
0.0258,0.0996,0.0996,0,0,0,0,0,0,0.013,0,0,0,0,0,0,0,0,0,0,0.0119,0
0,0,0,0,0,0,0,0,0,0,0,0,0,0,0,0,0,0,0,0,0,0
0,0,0,0,0,0,0,0,0,0,0,0,0,0,0,0,0,0,0,0,0,0
0,0,0,0,0,0,0,0,0,0,0,0,0,0,0,0,0,0,0,0,0,0
0,0,0,0,0,0,0,0,0,0,0,0,0,0,0,0,0,0,0,0,0,0
0,0,0,0,0,0,0,0,0,0,0,0,0,0,0,0,0,0,0,0,0,0
0,0,0,0,0,0,0,0,0,0,0,0,0,0,0,0,0,0,0,0,0,0
0,0,0,0,0,0,0,0,0,0,0,0,0,0,0,0,0,0,0,0,0,0
0,0,0,0,0,0,0,0,0,0,0,0,0,0,0,0,0,0,0,0,0,0
0,0,0,0,0,0,0,0,0,0,0,0,0,0,0,0,0,0,0,0,0,0
0,0,0,0,0,0,0,0,0,0,0,0,0,0,0,0,0,0,0,0,0,0
0,0,0,0,0,0,0,0,0,0,0,0,0,0,0,0,0,0,0,0,0,0
0,0,0,0.0688,0.0019,0,0,0.0018,0,0,0.024,0.024,0,0.111,0.0299,0.0276,0,0.0002,0.0548,0.0039,0,0
0,0,0,0.314,0.0457,0.0095,0.0072,0.1897,0.0027,0,0.3108,0.3108,0.0024,0.4946,0.3413,0.2377,0,0.0641,0.4517,0.0927,0.0022,0.1056
0,0,0,0.6899,0.1474,0.1959,0.0396,0.4727,0.1338,0,0.5436,0.5436,0.0636,0.7357,0.4941,0.3606,0.0594,0.9651,0.708,0.2602,0.0619,0.4956
0.3025,0.2748,0.2748,1.1316,0.4031,0.3596,0.084,0.6705,0.334,0.0284,0.636,0.636,0.1452,0.8894,0.5402,0.3979,0.4065,1.792,0.8871,0.3411,0.4443,0.6744
0.6058,0.5688,0.5688,1.43,0.6541,0.4609,0.12,0.7735,0.5143,0.1992,0.7236,0.7236,0.1872,0.9645,0.6032,0.4293,0.6558,2.3361,0.9893,0.3942,0.6963,0.5904
0.8083,0.7704,0.7704,1.4371,0.6444,0.5069,0.1416,0.843,0.6389,0.4342,0.5388,0.5388,0.2064,0.9619,0.5318,0.458,0.7508,2.6754,1,0.4035,0.8547,0.6744
0.9109,0.8892,0.8892,1.3364,0.502,0.4934,0.1548,0.8829,0.6512,0.6147,0.264,0.264,0.18,0.8851,0.4178,0.4432,0.6287,2.7418,0.9492,0.4247,0.9269,0.7488
0.9446,0.9396,0.9396,1.0914,0.3024,0.448,0.1368,0.8276,0.574,0.6189,0.1584,0.1584,0.168,0.727,0.3508,0.4049,0.6799,2.6124,0.7958,0.4142,0.9406,0.714
0.9018,0.9252,0.9252,0.7555,0.0787,0.3665,0.0732,0.6119,0.4433,0.5967,0.0936,0.0936,0.1452,0.4729,0.2374,0.2785,0.8216,2.2363,0.4917,0.2761,0.8925,0.6336
0.7877,0.8448,0.8448,0.3306,0.001,0.2309,0.0168,0.4244,0.2508,0.3912,0.012,0.012,0.0576,0.1451,0.0526,0.0715,0.7339,1.5966,0.1647,0.1234,0.7773,0.5136
0.5921,0.6912,0.6912,0.0228,0,0.069,0,0.1694,0.0477,0.2064,0,0,0,0,0,0,0.4817,0.5981,0.0012,0.0121,0.585,0.312
0.2956,0.4512,0.4512,0,0,0,0,0.0043,0,0.0893,0,0,0,0,0,0,0.1192,4.51E-02,0,0,0.2992,0.018
0.0279,0.1008,0.1008,0,0,0,0,0,0,0.0064,0,0,0,0,0,0,0,0,0,0,0.014,0
0,0,0,0,0,0,0,0,0,0,0,0,0,0,0,0,0,0,0,0,0,0
0,0,0,0,0,0,0,0,0,0,0,0,0,0,0,0,0,0,0,0,0,0
0,0,0,0,0,0,0,0,0,0,0,0,0,0,0,0,0,0,0,0,0,0
0,0,0,0,0,0,0,0,0,0,0,0,0,0,0,0,0,0,0,0,0,0
0,0,0,0,0,0,0,0,0,0,0,0,0,0,0,0,0,0,0,0,0,0
0,0,0,0,0,0,0,0,0,0,0,0,0,0,0,0,0,0,0,0,0,0
0,0,0,0,0,0,0,0,0,0,0,0,0,0,0,0,0,0,0,0,0,0
0,0,0,0,0,0,0,0,0,0,0,0,0,0,0,0,0,0,0,0,0,0
0,0,0,0,0,0,0,0,0,0,0,0,0,0,0,0,0,0,0,0,0,0
0,0,0,0,0,0,0,0,0,0,0,0,0,0,0,0,0,0,0,0,0,0
0,0,0,0,0,0,0,0,0,0,0,0,0,0,0,0,0,0,0,0,0,0
0,0,0,0.1352,0.0238,0,0,6.00E-04,0,0,0.0108,0.0108,0,0.1101,0.0133,0.015,0,0.0001,0.059,0.0042,0,0
0,0,0,0.5918,0.1497,0.016,0.042,0.2087,0.005,0,0.1068,0.1068,0.0108,0.4974,0.1869,0.1967,0,0.0862,0.4658,0.1495,0.0023,0.1092
0,0,0,1.0214,0.3097,0.2059,0.198,0.5513,0.1258,0,0.2592,0.2592,0.1212,0.7445,0.4059,0.4352,0.0951,0.8973,0.7252,0.3642,0.0566,0.4992
0.3005,0.1236,0.1236,1.2471,0.4634,0.387,0.3228,0.7771,0.3072,0.008,0.378,0.378,0.2568,0.9003,0.5394,0.5707,0.513,1.6716,0.8921,0.4174,0.3999,0.7452
0.5791,0.3936,0.3936,1.428,0.5825,0.5517,0.366,0.9139,0.4202,0.048,0.3612,0.3612,0.4812,0.9741,0.5669,0.6234,0.7522,2.295,0.9761,0.4768,0.6482,0.8964
0.7658,0.5136,0.5136,1.3794,0.596,0.6488,0.3492,0.98,0.4297,0.1011,0.3048,0.3048,0.6192,0.9739,0.5318,0.5921,0.8795,2.6669,0.9917,0.4373,0.8093,0.972
0.8611,0.486,0.486,1.0211,0.57,0.6745,0.2976,0.9808,0.3499,0.1386,0.2784,0.2784,0.6936,0.9005,0.3893,0.4221,0.9407,2.7095,0.9377,0.3667,0.8933,0.9876
0.89,0.3816,0.3816,0.7134,0.3869,0.618,0.192,0.9155,0.2802,0.1911,0.1872,0.1872,0.6408,0.7451,0.2703,0.3131,0.9382,2.5944,0.802,0.3094,0.8904,0.9396
0.8469,0.2796,0.2796,0.4894,0.1376,0.4659,0.132,0.7795,0.2042,0.235,0.1056,0.1056,0.4224,0.4942,0.1293,0.1571,0.8637,2.2295,0.5829,0.3193,0.7641,0.8232
0.7157,0.1752,0.1752,0.2301,9.00E-04,0.2592,0.0324,0.5608,0.1243,0.2564,0.006,0.006,0.1596,0.1597,0.0149,0.0331,0.7112,1.6222,0.2897,0.2308,0.4601,0.6312
0.5224,0.1092,0.1092,0.0207,0,0.0658,0,0.2426,0.0235,0.1842,0,0,0.006,1.00E-04,0,0,0.4621,0.7003,0.0036,0.0241,0.2278,0.3444
0.2608,0.0564,0.0564,0,0,0,0,0.0054,0,0.0777,0,0,0,0,0,0,0.1126,4.92E-02,0,0,0.0697,0.0228
0.0209,0.0132,0.0132,0,0,0,0,0,0,0.0028,0,0,0,0,0,0,0,0,0,0,4.00E-04,0
0,0,0,0,0,0,0,0,0,0,0,0,0,0,0,0,0,0,0,0,0,0
0,0,0,0,0,0,0,0,0,0,0,0,0,0,0,0,0,0,0,0,0,0
0,0,0,0,0,0,0,0,0,0,0,0,0,0,0,0,0,0,0,0,0,0
0,0,0,0,0,0,0,0,0,0,0,0,0,0,0,0,0,0,0,0,0,0
0,0,0,0,0,0,0,0,0,0,0,0,0,0,0,0,0,0,0,0,0,0
0,0,0,0,0,0,0,0,0,0,0,0,0,0,0,0,0,0,0,0,0,0
0,0,0,0,0,0,0,0,0,0,0,0,0,0,0,0,0,0,0,0,0,0
0,0,0,0,0,0,0,0,0,0,0,0,0,0,0,0,0,0,0,0,0,0
0,0,0,0,0,0,0,0,0,0,0,0,0,0,0,0,0,0,0,0,0,0
0,0,0,0,0,0,0,0,0,0,0,0,0,0,0,0,0,0,0,0,0,0
0,0,0,0,0,0,0,0,0,0,0,0,0,0,0,0,0,0,0,0,0,0
0,0,0,0.1044,0.1589,0,0,0,0,0,0.1176,0.1176,0,0.0251,0.0844,0.0393,0,0,0.0489,0.002,0,0
0,0,0,0.6887,0.5341,0.0846,0.0888,0.138,0.0092,0,0.54,0.54,0.0552,0.3241,0.5066,0.3671,0,0.0585,0.4152,0.2371,0.0015,0.072
0,0,0,1.3626,0.7618,0.4401,0.2844,0.4658,0.218,0,0.7908,0.7908,0.4032,0.6681,0.7725,0.6536,0.0734,0.9911,0.6825,0.5689,0.0361,0.4056
0.1991,0.174,0.174,1.723,0.8986,0.7,0.4824,0.7429,0.5478,0.0164,0.942,0.942,0.6804,0.8527,0.9327,0.8422,0.449,1.8949,0.8525,0.803,0.2234,0.6612
0.4531,0.45,0.45,1.854,0.9613,0.8553,0.7092,0.8853,0.7562,0.0511,1,1,0.8472,0.9385,0.9997,0.9464,0.6939,2.4235,0.9432,0.9267,0.3346,0.822
0.6628,0.66,0.66,1.9101,0.9506,0.9191,0.6864,0.9483,0.8501,0.1131,0.9876,0.9876,0.912,0.9476,0.9944,0.9691,0.7839,2.6429,0.9618,0.9685,0.4157,0.8976
0.7765,0.7956,0.7956,1.8486,0.8441,0.8962,0.5508,0.9174,0.8301,0.1873,0.8916,0.8916,0.8628,0.8873,0.909,0.9115,0.7596,2.6153,0.9169,0.9378,0.4625,0.9072
0.7743,0.8448,0.8448,1.6452,0.6324,0.7789,0.4284,0.833,0.6855,0.2047,0.708,0.708,0.6684,0.7409,0.7383,0.7708,0.6691,2.404,0.7921,0.8343,0.5163,0.834
0.711,0.7872,0.7872,1.2908,0.2824,0.6407,0.2832,0.637,0.58,0.2094,0.4176,0.4176,0.5796,0.4979,0.4648,0.5285,0.5236,1.9605,0.5851,0.6524,0.5596,0.5184
0.6024,0.672,0.672,0.7518,0.0109,0.3714,0.0888,0.3555,0.3064,0.1548,0.0624,0.0624,0.2964,0.1584,0.1073,0.1851,0.3005,1.2781,0.2766,0.3697,0.3508,0.228
0.4277,0.5256,0.5256,0.0964,0,0.0612,0,0.1162,0.0533,0.0983,0,0,0.0132,1.00E-04,0,0.0011,0.1179,0.4263,0.0036,0.052,0.1195,0.0948
0.1996,0.2988,0.2988,0,0,0,0,9.00E-04,0,0.0497,0,0,0,0,0,0,0.0177,0.0118,0,0,0.0495,0.0036
0.0167,0.0648,0.0648,0,0,0,0,0,0,0.0032,0,0,0,0,0,0,0,0,0,0,0.0018,0
0,0,0,0,0,0,0,0,0,0,0,0,0,0,0,0,0,0,0,0,0,0
0,0,0,0,0,0,0,0,0,0,0,0,0,0,0,0,0,0,0,0,0,0
0,0,0,0,0,0,0,0,0,0,0,0,0,0,0,0,0,0,0,0,0,0
0,0,0,0,0,0,0,0,0,0,0,0,0,0,0,0,0,0,0,0,0,0
0,0,0,0,0,0,0,0,0,0,0,0,0,0,0,0,0,0,0,0,0,0
0,0,0,0,0,0,0,0,0,0,0,0,0,0,0,0,0,0,0,0,0,0
0,0,0,0,0,0,0,0,0,0,0,0,0,0,0,0,0,0,0,0,0,0
0,0,0,0,0,0,0,0,0,0,0,0,0,0,0,0,0,0,0,0,0,0
0,0,0,0,0,0,0,0,0,0,0,0,0,0,0,0,0,0,0,0,0,0
0,0,0,0,0,0,0,0,0,0,0,0,0,0,0,0,0,0,0,0,0,0
0,0,0,0,0,0,0,0,0,0,0,0,0,0,0,0,0,0,0,0,0,0
0,0,0,0.0759,0.1659,0,0,0,0,0,0.1152,0.1152,0,0.088,0.0855,0.042,0,0,0.0219,0.0017,0,0
0,0,0,0.4322,0.5442,0.0248,0.0684,0.0546,0.0032,0,0.5112,0.5112,0.0204,0.36,0.4706,0.3186,0,0.0148,0.1451,0.0673,6.00E-04,0.0264
0,0,0,0.9255,0.77,0.1355,0.1932,0.2482,0.0519,0,0.7476,0.7476,0.1812,0.4867,0.7209,0.5894,0.0972,0.3761,0.3245,0.2002,0.0212,0.2052
0.1387,0.1188,0.1188,1.2923,0.8789,0.2074,0.3348,0.4483,0.1509,0.006,0.888,0.888,0.2328,0.4929,0.8703,0.7123,0.4491,1.0795,0.4296,0.2879,0.2388,0.3996
0.392,0.3864,0.3864,1.5354,0.871,0.3184,0.4068,0.6158,0.287,0.0527,0.9288,0.9288,0.234,0.4346,0.9126,0.6537,0.6865,1.799,0.5527,0.2948,0.4264,0.6228
0.5625,0.7164,0.7164,1.6372,0.7467,0.4122,0.4404,0.6883,0.4147,0.1327,0.8844,0.8844,0.2136,0.4306,0.8825,0.6126,0.8326,2.2724,0.5982,0.2939,0.5997,0.7632
0.6677,0.87,0.87,1.4115,0.498,0.3695,0.354,0.6819,0.4585,0.1831,0.8064,0.8064,0.0636,0.5534,0.8065,0.5719,0.8981,2.3686,0.5417,0.2215,0.6764,0.8052
0.7254,0.9312,0.9312,0.922,0.2484,0.3317,0.1392,0.6096,0.36,0.201,0.5976,0.5976,0.0252,0.6499,0.6234,0.4516,0.7987,2.2706,0.4583,0.1717,0.6683,0.7476
0.7729,0.9204,0.9204,0.5744,0.0706,0.2708,0.0216,0.4645,0.2345,0.183,0.2952,0.2952,0.012,0.4267,0.3164,0.2401,0.6063,1.8172,0.2452,0.1117,0.5977,0.6216
0.6983,0.8388,0.8388,0.234,0.0021,0.1359,0,0.2697,0.1113,0.1434,0.0312,0.0312,0.0036,0.0818,0.0322,0.0277,0.4386,1.1378,0.0953,0.0466,0.4427,0.4116
0.4933,0.684,0.684,0.0182,0,0.0159,0,0.079,0.0211,0.0941,0,0,0,0,0,0,0.2494,0.3581,6.00E-04,0.0037,0.2615,0.1272
0.2473,0.438,0.438,0,0,0,0,9.00E-04,1.00E-04,0.0422,0,0,0,0,0,0,0.0366,0.0231,0,0,0.1034,0.0036
0.0293,0.114,0.114,0,0,0,0,0,0,0.0047,0,0,0,0,0,0,0,0,0,0,0.0062,0
0,0,0,0,0,0,0,0,0,0,0,0,0,0,0,0,0,0,0,0,0,0
0,0,0,0,0,0,0,0,0,0,0,0,0,0,0,0,0,0,0,0,0,0
0,0,0,0,0,0,0,0,0,0,0,0,0,0,0,0,0,0,0,0,0,0
0,0,0,0,0,0,0,0,0,0,0,0,0,0,0,0,0,0,0,0,0,0
0,0,0,0,0,0,0,0,0,0,0,0,0,0,0,0,0,0,0,0,0,0
0,0,0,0,0,0,0,0,0,0,0,0,0,0,0,0,0,0,0,0,0,0
0,0,0,0,0,0,0,0,0,0,0,0,0,0,0,0,0,0,0,0,0,0
0,0,0,0,0,0,0,0,0,0,0,0,0,0,0,0,0,0,0,0,0,0
0,0,0,0,0,0,0,0,0,0,0,0,0,0,0,0,0,0,0,0,0,0
0,0,0,0,0,0,0,0,0,0,0,0,0,0,0,0,0,0,0,0,0,0
0,0,0,0,0,0,0,0,0,0,0,0,0,0,0,0,0,0,0,0,0,0
0,0,0,0.1898,0.0075,0,0,0,0,0,0.0072,0.0072,0,0.008,0.0045,7.00E-04,0,0,0.0041,1.00E-04,0,0
0,0,0,0.753,0.0891,0.0098,0.0276,0.0622,0.0017,0,0.0972,0.0972,0.0036,0.1067,0.0739,0.0384,0,0.0364,0.0762,0.0428,2.00E-04,0.0084
0.0015,0,0,1.2323,0.246,0.1919,0.0396,0.2653,0.0685,0,0.2568,0.2568,0.0936,0.3298,0.157,0.0837,0.1638,0.7289,0.2167,0.1329,0.042,0.0924
0.326,0.2628,0.2628,1.5259,0.3214,0.305,0.0492,0.4955,0.1309,0.0227,0.0948,0.0948,0.102,0.4458,0.1264,0.1552,0.5656,1.4094,0.3073,0.1831,0.3635,0.1992
0.6079,0.5604,0.5604,1.716,0.3738,0.419,0.1068,0.6142,0.2114,0.059,0.0648,0.0648,0.1512,0.537,0.1832,0.2797,0.808,2.1645,0.435,0.232,0.6191,0.3192
0.7965,0.7704,0.7704,1.7789,0.2218,0.5409,0.1344,0.6352,0.3056,0.1027,0.066,0.066,0.156,0.717,0.2276,0.3339,0.9556,2.6264,0.6291,0.2621,0.784,0.3984
0.9063,0.8928,0.8928,1.67,0.1066,0.5897,0.5112,0.6239,0.5624,0.1458,0.102,0.102,0.204,0.7808,0.2544,0.338,1,2.7556,0.6042,0.2688,0.8657,0.3924
0.9327,0.9468,0.9468,1.4688,0.048,0.529,0.2676,0.5188,0.6641,0.1804,0.1224,0.1224,0.2256,0.6051,0.2129,0.3108,1,2.6379,0.4591,0.3186,0.8904,0.3576
0.8908,0.9324,0.9324,1.1786,0.0148,0.4212,0.1044,0.4133,0.5469,0.1967,0.0492,0.0492,0.1632,0.3781,0.1173,0.2068,0.9291,2.2834,0.3018,0.2902,0.8488,0.3132
0.7801,0.8484,0.8484,0.6657,0,0.2566,0.0324,0.2783,0.3412,0.1846,0.0024,0.0024,0.0576,0.0962,0.0249,0.0503,0.761,1.6569,0.1029,0.1851,0.7271,0.2292
0.596,0.6924,0.6924,0.0834,0,0.0832,0,0.1057,0.09,0.1285,0,0,0,0,0,3.00E-04,0.4932,0.7214,6.00E-04,0.0246,0.5363,0.114
0.3077,0.4476,0.4476,0,0,0,0,0.0011,3.00E-04,0.0536,0,0,0,0,0,0,0.1234,0.0435,0,0,0.2581,0.0048
0.0334,0.1176,0.1176,0,0,0,0,0,0,0.0049,0,0,0,0,0,0,0,0,0,0,0.0165,0
0,0,0,0,0,0,0,0,0,0,0,0,0,0,0,0,0,0,0,0,0,0
0,0,0,0,0,0,0,0,0,0,0,0,0,0,0,0,0,0,0,0,0,0
0,0,0,0,0,0,0,0,0,0,0,0,0,0,0,0,0,0,0,0,0,0
0,0,0,0,0,0,0,0,0,0,0,0,0,0,0,0,0,0,0,0,0,0
0,0,0,0,0,0,0,0,0,0,0,0,0,0,0,0,0,0,0,0,0,0
0,0,0,0,0,0,0,0,0,0,0,0,0,0,0,0,0,0,0,0,0,0
0,0,0,0,0,0,0,0,0,0,0,0,0,0,0,0,0,0,0,0,0,0
0,0,0,0,0,0,0,0,0,0,0,0,0,0,0,0,0,0,0,0,0,0
0,0,0,0,0,0,0,0,0,0,0,0,0,0,0,0,0,0,0,0,0,0
0,0,0,0,0,0,0,0,0,0,0,0,0,0,0,0,0,0,0,0,0,0
0,0,0,0,0,0,0,0,0,0,0,0,0,0,0,0,0,0,0,0,0,0
0,0,0,0.1898,0.1316,0,0,0,0,0,0.0912,0.0912,0,0.0039,0.0727,0.0379,0,0,0.017,0.0086,0,0
0,0,0,0.7228,0.4495,0.1359,0.1932,0.2129,0.0353,0,0.4272,0.4272,0.15,0.0854,0.405,0.3239,0,0.0933,0.2416,0.3266,0.0025,0.1176
0,0,0,1.2378,0.6684,0.3954,0.5148,0.5605,0.2568,0,0.642,0.642,0.5292,0.3104,0.6171,0.5881,0.0581,0.8024,0.4564,0.6319,0.0587,0.4932
0.0995,0.2676,0.2676,1.5822,0.8421,0.5671,0.726,0.7863,0.4221,0.0114,0.7536,0.7536,0.7596,0.6299,0.7568,0.8073,0.3306,1.5705,0.5477,0.8433,0.3967,0.7188
0.3887,0.5568,0.5568,1.7751,0.9107,0.7446,0.8184,0.9219,0.5915,0.0283,0.8616,0.8616,0.9108,0.8581,0.8921,0.9372,0.622,2.1421,0.5868,0.9683,0.6507,0.8544
0.5558,0.7608,0.7608,1.8261,0.8783,0.9189,0.8784,0.9893,0.8275,0.0597,0.9072,0.9072,0.9588,0.9161,0.9259,0.9567,0.8344,2.6559,0.6309,0.9979,0.8124,0.9648
0.595,0.876,0.876,1.7501,0.7707,0.9332,0.8748,0.9858,0.8885,0.1183,0.8328,0.8328,0.9012,0.8611,0.8577,0.8972,0.9047,2.8252,0.613,0.9662,0.8868,0.9792
0.5121,0.9252,0.9252,1.537,0.5829,0.8276,0.7692,0.912,0.832,0.135,0.6648,0.6648,0.7608,0.7273,0.7062,0.7461,0.9163,2.6927,0.5788,0.8057,0.9059,0.9288
0.5714,0.9096,0.9096,1.1753,0.2984,0.6421,0.5592,0.7762,0.6593,0.1054,0.3984,0.3984,0.5232,0.4912,0.4493,0.4969,0.8435,2.3054,0.4416,0.6054,0.8585,0.81
0.4888,0.8256,0.8256,0.6551,0.0159,0.3692,0.2148,0.5596,0.2483,0.0849,0.0684,0.0684,0.2076,0.1507,0.1048,0.1615,0.6848,1.5169,0.2096,0.2925,0.7397,0.6144
0.3747,0.6708,0.6708,0.0828,0,0.0737,0,0.241,0.0446,0.0618,0,0,0.0024,3.00E-04,0,0.0017,0.3719,0.5773,0.0036,0.0229,0.5442,0.3276
0.1938,0.432,0.432,0,0,0,0,0.0057,0,0.0347,0,0,0,0,0,0,0.0522,4.48E-02,0,0,0.2622,0.024
0.023,0.1092,0.1092,0,0,0,0,0,0,0.0045,0,0,0,0,0,0,0,0,0,0,0.0173,0
0,0,0,0,0,0,0,0,0,0,0,0,0,0,0,0,0,0,0,0,0,0
0,0,0,0,0,0,0,0,0,0,0,0,0,0,0,0,0,0,0,0,0,0
0,0,0,0,0,0,0,0,0,0,0,0,0,0,0,0,0,0,0,0,0,0
0,0,0,0,0,0,0,0,0,0,0,0,0,0,0,0,0,0,0,0,0,0
0,0,0,0,0,0,0,0,0,0,0,0,0,0,0,0,0,0,0,0,0,0
0,0,0,0,0,0,0,0,0,0,0,0,0,0,0,0,0,0,0,0,0,0
0,0,0,0,0,0,0,0,0,0,0,0,0,0,0,0,0,0,0,0,0,0
0,0,0,0,0,0,0,0,0,0,0,0,0,0,0,0,0,0,0,0,0,0
0,0,0,0,0,0,0,0,0,0,0,0,0,0,0,0,0,0,0,0,0,0
0,0,0,0,0,0,0,0,0,0,0,0,0,0,0,0,0,0,0,0,0,0
0,0,0,0,0,0,0,0,0,0,0,0,0,0,0,0,0,0,0,0,0,0
0,0,0,0.2728,0.1717,0,0,0,0,0,0.1092,0.1092,0,0.0331,0.0921,0.0508,0,0,0.0548,0.0022,0,0
0,0,0,0.8926,0.5184,0.0057,0.0024,0.1623,0.0111,0,0.4284,0.4284,0.0024,0.4452,0.4546,0.3268,0,0.0587,0.449,0.076,7.00E-04,0.0324
0,0,0,1.2743,0.738,0.1022,0.0168,0.4456,0.3571,0,0.6468,0.6468,0.0516,0.7488,0.6949,0.5088,0.141,0.7068,0.7109,0.1339,0.0429,0.2076
0.1671,0.2664,0.2664,1.5402,0.8419,0.2523,0.0396,0.655,0.7026,0.0128,0.8016,0.8016,0.1608,0.8996,0.8578,0.6164,0.4863,1.5543,0.8608,0.2176,0.3056,0.3816
0.3838,0.558,0.558,1.7491,0.877,0.4535,0.132,0.7995,0.8472,0.0319,0.8688,0.8688,0.3216,0.9676,0.9289,0.6673,0.7073,2.2102,0.8949,0.3287,0.544,0.5616
0.5423,0.7656,0.7656,1.8316,0.7982,0.6101,0.3372,0.8563,0.898,0.0576,0.81,0.81,0.666,0.9604,0.9056,0.6666,0.8429,2.4865,0.8376,0.3714,0.7012,0.6252
0.6684,0.8832,0.8832,1.7668,0.6128,0.6675,0.6684,0.8491,0.925,0.0794,0.7068,0.7068,0.8112,0.898,0.8102,0.6095,0.8981,2.6052,0.8998,0.4103,0.7822,0.6324
0.6958,0.9336,0.9336,1.5661,0.391,0.6385,0.732,0.7849,0.9057,0.1133,0.528,0.528,0.7776,0.7288,0.584,0.4455,0.8814,2.5538,0.6587,0.4942,0.8267,0.6132
0.6113,0.9012,0.9012,1.2258,0.1372,0.524,0.5544,0.6355,0.7463,0.1099,0.2292,0.2292,0.6264,0.4769,0.2067,0.1684,0.7892,2.2225,0.3604,0.4077,0.7935,0.5676
0.4647,0.7968,0.7968,0.7034,0.0025,0.3294,0.1956,0.3582,0.4681,0.1215,0.012,0.012,0.3612,0.143,0.0116,0.021,0.6091,1.5772,0.1566,0.2191,0.7033,0.3672
0.2891,0.6444,0.6444,0.0981,0,0.0782,0,0.0987,0.1013,0.0861,0,0,0.0324,0,0,0,0.3769,0.6282,0.0041,0.0339,0.529,0.1668
0.1088,0.4368,0.4368,0,0,0,0,0.0023,0,0.0431,0,0,0,0,0,0,0.0873,0.0385,0,0,0.2634,0.0096
0.0139,0.1104,0.1104,0,0,0,0,0,0,0.0046,0,0,0,0,0,0,0,0,0,0,0.0203,0
0,0,0,0,0,0,0,0,0,0,0,0,0,0,0,0,0,0,0,0,0,0
0,0,0,0,0,0,0,0,0,0,0,0,0,0,0,0,0,0,0,0,0,0
0,0,0,0,0,0,0,0,0,0,0,0,0,0,0,0,0,0,0,0,0,0
0,0,0,0,0,0,0,0,0,0,0,0,0,0,0,0,0,0,0,0,0,0
0,0,0,0,0,0,0,0,0,0,0,0,0,0,0,0,0,0,0,0,0,0
0,0,0,0,0,0,0,0,0,0,0,0,0,0,0,0,0,0,0,0,0,0
0,0,0,0,0,0,0,0,0,0,0,0,0,0,0,0,0,0,0,0,0,0
0,0,0,0,0,0,0,0,0,0,0,0,0,0,0,0,0,0,0,0,0,0
0,0,0,0,0,0,0,0,0,0,0,0,0,0,0,0,0,0,0,0,0,0
0,0,0,0,0,0,0,0,0,0,0,0,0,0,0,0,0,0,0,0,0,0
0,0,0,0,0,0,0,0,0,0,0,0,0,0,0,0,0,0,0,0,0,0
0,0,0,0.3463,0.1117,1.00E-04,0.006,0,1.00E-04,0,0.126,0.126,0,0.0718,0.0924,0.0461,0,0,0.0399,0.0052,0,0
0,0,0,0.9746,0.4331,0.0114,0.282,0.084,0.0039,0,0.504,0.504,0.0072,0.1604,0.4559,0.2803,0,0.0254,0.3345,0.0893,7.00E-04,0.0336
0,0,0,1.4082,0.6746,0.0996,0.6096,0.2325,0.0287,0,0.7656,0.7656,0.0336,0.1737,0.694,0.4458,0.1243,0.3284,0.5566,0.2581,0.0344,0.2232
0.1889,0.1956,0.1956,1.6986,0.8273,0.1714,0.7884,0.3827,0.0707,0.0127,0.9288,0.9288,0.0612,0.2483,0.7702,0.4803,0.4489,0.6896,0.706,0.3885,0.1931,0.438
0.4362,0.4728,0.4728,1.8526,0.9296,0.1665,0.5292,0.4987,0.1063,0.053,0.9984,0.9984,0.0804,0.3109,0.8712,0.6217,0.7029,1.0429,0.6957,0.4199,0.5268,0.6024
0.5517,0.6552,0.6552,1.891,0.9366,0.1545,0.2412,0.5031,0.1306,0.1202,0.9852,0.9852,0.0864,0.2809,0.7436,0.4896,0.8398,1.2555,0.58,0.4134,0.7742,0.6084
0.5833,0.7596,0.7596,1.8024,0.8446,0.1287,0.1476,0.5073,0.1319,0.1581,0.8916,0.8916,0.0792,0.2629,0.6477,0.3379,0.889,1.3674,0.4973,0.3632,0.8611,0.5124
0.6138,0.84,0.84,1.5874,0.653,0.0995,0.0972,0.4649,0.1273,0.1509,0.6936,0.6936,0.0612,0.2161,0.4802,0.2174,0.7845,1.2872,0.4005,0.2006,0.8783,0.4152
0.7289,0.8424,0.8424,1.2295,0.3472,0.0747,0.042,0.3478,0.1226,0.1372,0.3828,0.3828,0.036,0.1513,0.2581,0.1092,0.6512,1.1209,0.2792,0.102,0.8302,0.354
0.6822,0.7308,0.7308,0.7101,0.0212,0.0393,0.0084,0.2278,0.069,0.1082,0.0432,0.0432,0.012,0.0541,0.0352,0.0252,0.4352,0.8377,0.0942,0.0399,0.7261,0.2484
0.4621,0.4908,0.4908,0.1065,0,0.0068,0,0.0649,0.0159,0.0693,0,0,0,0,0,0,0.3214,0.3637,6.00E-04,0.0057,0.5352,0.0972
0.1966,0.2232,0.2232,0,0,0,0,0.0011,2.00E-04,0.0281,0,0,0,0,0,0,0.0743,0.0426,0,0,0.2569,0.0048
0.0216,0.0432,0.0432,0,0,0,0,0,0,0.0018,0,0,0,0,0,0,0,0,0,0,0.0144,0
0,0,0,0,0,0,0,0,0,0,0,0,0,0,0,0,0,0,0,0,0,0
0,0,0,0,0,0,0,0,0,0,0,0,0,0,0,0,0,0,0,0,0,0
0,0,0,0,0,0,0,0,0,0,0,0,0,0,0,0,0,0,0,0,0,0
0,0,0,0,0,0,0,0,0,0,0,0,0,0,0,0,0,0,0,0,0,0
0,0,0,0,0,0,0,0,0,0,0,0,0,0,0,0,0,0,0,0,0,0
0,0,0,0,0,0,0,0,0,0,0,0,0,0,0,0,0,0,0,0,0,0
0,0,0,0,0,0,0,0,0,0,0,0,0,0,0,0,0,0,0,0,0,0
0,0,0,0,0,0,0,0,0,0,0,0,0,0,0,0,0,0,0,0,0,0
0,0,0,0,0,0,0,0,0,0,0,0,0,0,0,0,0,0,0,0,0,0
0,0,0,0,0,0,0,0,0,0,0,0,0,0,0,0,0,0,0,0,0,0
0,0,0,0,0,0,0,0,0,0,0,0,0,0,0,0,0,0,0,0,0,0
0,0,0,0.2775,0.0026,0,0,0,0,0,0.0036,0.0036,0,0.0116,0.0019,7.00E-04,0,0,0.0089,5.00E-04,0,0
0,0,0,0.8589,0.0327,0.0414,0.1728,0.0713,0.0265,0,0.0336,0.0336,0.0252,0.1023,0.0216,0.0725,0,0.0498,0.0882,0.0464,9.00E-04,0.0444
0,0,0,1.341,0.0652,0.2847,0.4992,0.2896,0.2875,0,0.0444,0.0444,0.1596,0.1183,0.0767,0.2292,0.0232,0.9938,0.1338,0.1876,0.0408,0.3024
0.0507,0.0012,0.0012,1.5903,0.0903,0.5418,0.678,0.4831,0.5962,0.0013,0.0708,0.0708,0.336,0.1451,0.1498,0.3535,0.1904,1.8387,0.1814,0.2651,0.2689,0.5436
0.1324,0.0252,0.0252,1.7091,0.1033,0.6766,0.8328,0.6165,0.7702,0.0133,0.1068,0.1068,0.4524,0.1598,0.1615,0.3745,0.5082,2.3333,0.3131,0.363,0.4049,0.7068
0.1978,0.15,0.15,1.6554,0.1061,0.7477,0.9036,0.6678,0.844,0.0447,0.1056,0.1056,0.5484,0.1511,0.1263,0.3177,0.7769,2.6398,0.3895,0.4057,0.5256,0.8208
0.331,0.33,0.33,1.5631,0.0951,0.7571,0.9012,0.6807,0.8459,0.0845,0.0996,0.0996,0.5868,0.0972,0.1218,0.2994,0.7704,2.6935,0.3609,0.3938,0.5583,0.8352
0.4879,0.3708,0.3708,1.2985,0.0712,0.7061,0.78,0.6364,0.7681,0.1126,0.0864,0.0864,0.5028,0.0671,0.1151,0.2958,0.5533,2.4162,0.2865,0.3441,0.6871,0.798
0.4934,0.3936,0.3936,0.9645,0.0371,0.5324,0.5664,0.5037,0.5885,0.1331,0.0564,0.0564,0.3816,0.0294,0.0647,0.1842,0.4973,1.9846,0.1728,0.2411,0.6715,0.6816
0.4337,0.3912,0.3912,0.5747,8.00E-04,0.3119,0.2328,0.3332,0.2604,0.1431,0.0048,0.0048,0.2496,0.0018,0.0091,0.059,0.4,1.4291,0.0523,0.1034,0.4799,0.4668
0.3352,0.3168,0.3168,0.0727,0,0.0771,0,0.1262,0.0204,0.1237,0,0,0.0228,0,0,6.00E-04,0.2337,0.5636,0,0.0089,0.2692,0.2148
0.1723,0.24,0.24,0,0,0,0,0.0028,0,0.076,0,0,0,0,0,0,0.0238,0.0369,0,0,0.1212,0.012
0.0202,0.03,0.03,0,0,0,0,0,0,0.0051,0,0,0,0,0,0,0,0,0,0,0.0059,0
0,0,0,0,0,0,0,0,0,0,0,0,0,0,0,0,0,0,0,0,0,0
0,0,0,0,0,0,0,0,0,0,0,0,0,0,0,0,0,0,0,0,0,0
0,0,0,0,0,0,0,0,0,0,0,0,0,0,0,0,0,0,0,0,0,0
0,0,0,0,0,0,0,0,0,0,0,0,0,0,0,0,0,0,0,0,0,0
0,0,0,0,0,0,0,0,0,0,0,0,0,0,0,0,0,0,0,0,0,0
0,0,0,0,0,0,0,0,0,0,0,0,0,0,0,0,0,0,0,0,0,0
0,0,0,0,0,0,0,0,0,0,0,0,0,0,0,0,0,0,0,0,0,0
0,0,0,0,0,0,0,0,0,0,0,0,0,0,0,0,0,0,0,0,0,0
0,0,0,0,0,0,0,0,0,0,0,0,0,0,0,0,0,0,0,0,0,0
0,0,0,0,0,0,0,0,0,0,0,0,0,0,0,0,0,0,0,0,0,0
0,0,0,0,0,0,0,0,0,0,0,0,0,0,0,0,0,0,0,0,0,0
0,0,0,0.0949,0.1494,0,0,0,0,0,0.0912,0.0912,0,0.0044,0.0681,0.0271,0,0,0.0287,0.0013,0,0
0,0,0,0.4106,0.4605,0.0195,0.036,0.0242,0.0032,0,0.4944,0.4944,0.0156,0.0733,0.4217,0.2489,0,1.33E-02,0.2243,0.056,4.00E-04,0.0168
0.0024,0,0,0.7632,0.6904,0.102,0.1584,0.1222,0.0344,1.00E-04,0.7128,0.7128,0.108,0.1429,0.6043,0.4133,0.0095,0.2105,0.4129,0.1694,0.0576,0.1032
0.2296,0.0924,0.0924,1.0243,0.7827,0.2066,0.4032,0.2038,0.0967,0.0223,0.6996,0.6996,0.2304,0.1805,0.6415,0.541,0.0637,0.6042,0.5177,0.2928,0.3464,0.1752
0.5521,0.2604,0.2604,1.2663,0.7929,0.2782,0.5556,0.2985,0.1499,0.057,0.7416,0.7416,0.33,0.2005,0.7083,0.651,0.1523,0.8488,0.4688,0.3781,0.5869,0.2664
0.7754,0.3828,0.3828,1.4054,0.6647,0.2746,0.618,0.4253,0.1786,0.1138,0.6552,0.6552,0.3228,0.1729,0.6309,0.6338,0.2909,1.15,0.4071,0.3034,0.5108,0.4848
0.8363,0.5748,0.5748,1.4877,0.6006,0.2565,0.5844,0.571,0.1706,0.1722,0.4032,0.4032,0.2388,0.1416,0.4174,0.5359,0.5342,1.4464,0.3565,0.2286,0.8509,0.6468
0.8401,0.582,0.582,1.4417,0.3057,0.1917,0.4644,0.5628,0.1104,0.1612,0.2148,0.2148,0.1356,0.114,0.2494,0.3967,0.7937,1.4558,0.2478,0.1797,0.854,0.6384
0.6681,0.4344,0.4344,1.1559,0.1269,0.0879,0.27,0.4505,0.0553,0.1504,0.096,0.096,0.054,0.0717,0.1118,0.2363,0.7949,1.1362,0.1415,0.1152,0.5624,0.4812
0.4077,0.4092,0.4092,0.6376,0.0102,0.0269,0.0696,0.2253,0.018,0.1232,0.012,0.012,0.012,0.0138,0.0143,0.0787,0.6725,0.7332,0.0477,0.0455,0.3914,0.2844
0.2574,0.5472,0.5472,0.0814,0,0.0063,0,0.0607,0.0023,0.1029,0,0,0,0,0,4.00E-04,0.418,0.336,0,0.0043,0.3195,0.12
0.1012,0.3936,0.3936,0,0,0,0,0.0011,3.00E-04,0.0474,0,0,0,0,0,0,0.0989,0.0471,0,0,0.1205,0.0048
0.0132,0.084,0.084,0,0,0,0,0,0,0.0057,0,0,0,0,0,0,0,0,0,0,0.0064,0
0,0,0,0,0,0,0,0,0,0,0,0,0,0,0,0,0,0,0,0,0,0
0,0,0,0,0,0,0,0,0,0,0,0,0,0,0,0,0,0,0,0,0,0
0,0,0,0,0,0,0,0,0,0,0,0,0,0,0,0,0,0,0,0,0,0
0,0,0,0,0,0,0,0,0,0,0,0,0,0,0,0,0,0,0,0,0,0
0,0,0,0,0,0,0,0,0,0,0,0,0,0,0,0,0,0,0,0,0,0
0,0,0,0,0,0,0,0,0,0,0,0,0,0,0,0,0,0,0,0,0,0
0,0,0,0,0,0,0,0,0,0,0,0,0,0,0,0,0,0,0,0,0,0
0,0,0,0,0,0,0,0,0,0,0,0,0,0,0,0,0,0,0,0,0,0
0,0,0,0,0,0,0,0,0,0,0,0,0,0,0,0,0,0,0,0,0,0
0,0,0,0,0,0,0,0,0,0,0,0,0,0,0,0,0,0,0,0,0,0
0,0,0,0,0,0,0,0,0,0,0,0,0,0,0,0,0,0,0,0,0,0
0,0,0,0.3226,0.0274,0,0,0,0,0,0.0084,0.0084,0,0.0057,0.0038,6.00E-04,0,0,0.0053,1.00E-04,0,0
0,0,0,0.914,0.0999,0.0208,0.0048,0.0637,0.0045,0,0.054,0.054,0,0.0743,0.0357,0.0237,0,0.0687,0.0675,0.1739,0.0012,0.0588
8.00E-04,0,0,1.3528,0.1792,0.1832,0.03,0.2383,0.1254,1.00E-04,0.1104,0.1104,0.0156,0.127,0.0689,0.0948,0.0738,0.8849,0.2159,0.4412,0.0455,0.3228
0.139,0.0036,0.0036,1.6305,0.2576,0.2881,0.2064,0.3724,0.2626,0.009,0.1152,0.1152,0.0192,0.1828,0.09,0.2139,0.2559,1.6786,0.3754,0.628,0.3127,0.564
0.2828,0.018,0.018,1.7949,0.2648,0.4151,0.3036,0.4252,0.314,0.1295,0.1356,0.1356,0.1212,0.2842,0.1215,0.3124,0.3275,2.1894,0.4377,0.733,0.5154,0.7044
0.2634,0.0384,0.0384,1.8366,0.159,0.5234,0.1632,0.4396,0.2815,0.2882,0.1236,0.1236,0.2196,0.4123,0.1208,0.308,0.3955,2.3571,0.449,0.7932,0.4567,0.6984
0.3077,0.066,0.066,1.7415,0.0914,0.5185,0.0588,0.4398,0.2729,0.4567,0.0672,0.0672,0.1788,0.3839,0.0774,0.2356,0.536,2.3251,0.426,0.7816,0.4044,0.6084
0.443,0.1092,0.1092,1.517,0.0438,0.4862,0.1956,0.4756,0.2507,0.6577,0.0456,0.0456,0.1656,0.3654,0.0491,0.1457,0.749,2.233,0.3774,0.6491,0.3909,0.4272
0.4262,0.1872,0.1872,1.0962,0.0132,0.398,0.1404,0.3787,0.2006,0.7081,0.0324,0.0324,0.1188,0.2841,0.0263,0.1049,0.7852,1.9006,0.274,0.3565,0.2561,0.2484
0.3411,0.2844,0.2844,0.5972,0,0.2607,0.0444,0.2395,0.121,0.6354,0.0012,0.0012,0.0516,0.0692,0.0028,0.0425,0.6435,1.3197,0.1165,0.1544,0.1568,0.126
0.2025,0.2904,0.2904,0.0984,0,0.0897,0,0.0922,0.0234,0.4912,0,0,0.0024,0,0,7.00E-04,0.3809,0.5469,0.0024,0.0365,0.0984,0.0564
0.0599,0.2064,0.2064,0,0,0,0,6.00E-04,1.00E-04,0.265,0,0,0,0,0,0,0.0722,0.0151,0,0,0.0865,0.0024
0.0037,0.054,0.054,0,0,0,0,0,0,0.0189,0,0,0,0,0,0,0,0,0,0,0.0106,0
0,0,0,0,0,0,0,0,0,0,0,0,0,0,0,0,0,0,0,0,0,0
0,0,0,0,0,0,0,0,0,0,0,0,0,0,0,0,0,0,0,0,0,0
0,0,0,0,0,0,0,0,0,0,0,0,0,0,0,0,0,0,0,0,0,0
0,0,0,0,0,0,0,0,0,0,0,0,0,0,0,0,0,0,0,0,0,0
0,0,0,0,0,0,0,0,0,0,0,0,0,0,0,0,0,0,0,0,0,0
0,0,0,0,0,0,0,0,0,0,0,0,0,0,0,0,0,0,0,0,0,0
0,0,0,0,0,0,0,0,0,0,0,0,0,0,0,0,0,0,0,0,0,0
0,0,0,0,0,0,0,0,0,0,0,0,0,0,0,0,0,0,0,0,0,0
0,0,0,0,0,0,0,0,0,0,0,0,0,0,0,0,0,0,0,0,0,0
0,0,0,0,0,0,0,0,0,0,0,0,0,0,0,0,0,0,0,0,0,0
0,0,0,0,0,0,0,0,0,0,0,0,0,0,0,0,0,0,0,0,0,0
0,0,0,0.2396,0.0363,0,0,0,0,0,0.036,0.036,0,0.0094,0.017,0.0058,0,0,0.0054,5.00E-04,0,0
0,0,0,0.7323,0.1191,0.0724,0.06,0.1115,0.0448,0,0.1572,0.1572,0.1188,0.1175,0.0973,0.1303,0,0.0597,0.0675,0.1736,6.00E-04,0.03
0.0025,0.0012,0.0012,1.1305,0.2497,0.2761,0.1908,0.354,0.3387,5.00E-04,0.4944,0.4944,0.4524,0.3755,0.333,0.2942,0.0072,0.5763,0.1849,0.4369,0.0405,0.1416
0.2608,0.2052,0.2052,1.4958,0.6279,0.4707,0.246,0.5559,0.6712,0.0303,0.8112,0.8112,0.726,0.6995,0.6138,0.4869,0.0612,1.0878,0.484,0.7236,0.3397,0.2244
0.5248,0.4956,0.4956,1.6695,0.8351,0.5995,0.2916,0.6331,0.7993,0.0666,0.8916,0.8916,0.8976,0.8383,0.7689,0.6084,0.1284,1.4049,0.5594,0.8721,0.5781,0.3096
0.7386,0.7032,0.7032,1.7109,0.8305,0.6445,0.3384,0.6028,0.7946,0.1038,0.8772,0.8772,0.9588,0.8673,0.7379,0.5761,0.1939,1.5294,0.5844,0.9204,0.7331,0.2604
0.8649,0.8328,0.8328,1.6395,0.7282,0.5843,0.3324,0.5768,0.7107,0.1272,0.7332,0.7332,0.9384,0.8055,0.5986,0.4627,0.2499,1.3861,0.5903,0.9023,0.8197,0.192
0.9077,0.8916,0.8916,1.4572,0.5314,0.5012,0.2592,0.5164,0.5768,0.1455,0.3792,0.3792,0.8412,0.6292,0.4106,0.406,0.2982,1.1058,0.5429,0.8289,0.8448,0.162
0.8683,0.882,0.882,1.1262,0.2319,0.3957,0.168,0.3642,0.4545,0.1556,0.0984,0.0984,0.6564,0.3082,0.2281,0.2989,0.3026,0.8024,0.4315,0.6242,0.817,0.1404
0.7616,0.8076,0.8076,0.6423,0.0082,0.2534,0.06,0.1952,0.2191,0.1349,0.0096,0.0096,0.3696,0.0627,0.0532,0.0943,0.2778,0.5579,0.2276,0.3697,0.73,0.0936
0.5741,0.6564,0.6564,0.0961,0,0.0371,0,0.0648,0.0269,0.0923,0,0,0.0444,5.00E-04,0,0.0015,0.2075,0.2154,0.0078,0.0698,0.5526,0.0264
0.294,0.42,0.42,0,0,0,0,0,4.00E-04,0.0427,0,0,0,0,0,0,0.0431,0.0285,0,0,0.2843,0
0.0355,0.102,0.102,0,0,0,0,0,0,0.0042,0,0,0,0,0,0,0,0,0,0,0.0293,0
0,0,0,0,0,0,0,0,0,0,0,0,0,0,0,0,0,0,0,0,0,0
0,0,0,0,0,0,0,0,0,0,0,0,0,0,0,0,0,0,0,0,0,0
0,0,0,0,0,0,0,0,0,0,0,0,0,0,0,0,0,0,0,0,0,0
0,0,0,0,0,0,0,0,0,0,0,0,0,0,0,0,0,0,0,0,0,0
0,0,0,0,0,0,0,0,0,0,0,0,0,0,0,0,0,0,0,0,0,0
0,0,0,0,0,0,0,0,0,0,0,0,0,0,0,0,0,0,0,0,0,0
0,0,0,0,0,0,0,0,0,0,0,0,0,0,0,0,0,0,0,0,0,0
0,0,0,0,0,0,0,0,0,0,0,0,0,0,0,0,0,0,0,0,0,0
0,0,0,0,0,0,0,0,0,0,0,0,0,0,0,0,0,0,0,0,0,0
0,0,0,0,0,0,0,0,0,0,0,0,0,0,0,0,0,0,0,0,0,0
0,0,0,0,0,0,0,0,0,0,0,0,0,0,0,0,0,0,0,0,0,0
0,0,0,0.3297,0.1494,0,0,0,0,0,0.0828,0.0828,0,0.0838,0.076,0.0501,0,0,0.0676,0.0051,0,0
0,0,0,0.9165,0.4557,0.0097,0.1476,0.0447,0.0064,0,0.4572,0.4572,0.0156,0.4569,0.4451,0.3042,0,0.0138,0.4423,0.0532,4.00E-04,0.0204
0.0027,0,0,1.3482,0.6904,0.053,0.2328,0.2028,0.1158,1.00E-04,0.6948,0.6948,0.0828,0.7315,0.6977,0.5028,0.1979,0.3502,0.6895,0.1321,0.076,0.2076
0.2023,0.246,0.246,1.64,0.834,0.1398,0.3372,0.375,0.311,0.0228,0.7836,0.7836,0.1884,0.8795,0.8043,0.6009,0.5245,1.0328,0.842,0.2767,0.4268,0.4212
0.4624,0.528,0.528,1.7976,0.8779,0.2483,0.348,0.5129,0.501,0.0736,0.876,0.876,0.2712,0.9245,0.892,0.6299,0.7329,1.566,0.9194,0.3802,0.6745,0.6
0.6625,0.7224,0.7224,1.8338,0.8433,0.2428,0.3204,0.4913,0.6139,0.1284,0.8832,0.8832,0.2556,0.9294,0.8838,0.6191,0.8464,1.7139,0.9278,0.3648,0.8301,0.4788
0.7998,0.8376,0.8376,1.7404,0.7089,0.3079,0.2904,0.4269,0.5334,0.1765,0.7008,0.7008,0.21,0.8329,0.7537,0.5758,0.8685,1.793,0.8708,0.3186,0.9087,0.36
0.8385,0.8844,0.8844,1.519,0.4526,0.2541,0.1476,0.3717,0.5315,0.2121,0.516,0.516,0.1584,0.7196,0.5275,0.4036,0.8589,1.5825,0.7095,0.2796,0.9277,0.3504
0.8042,0.8676,0.8676,1.1674,0.2336,0.1414,0.0492,0.3025,0.3835,0.2132,0.2244,0.2244,0.0876,0.4758,0.1701,0.1253,0.7495,1.1984,0.4549,0.2403,0.8803,0.3348
0.6993,0.7896,0.7896,0.6627,0.0147,0.0734,0.0108,0.2045,0.1607,0.1501,0.0348,0.0348,0.0384,0.1023,0.0257,0.0224,0.488,0.7596,0.1694,0.1359,0.757,0.27
0.5198,0.642,0.642,0.1053,0,0.0146,0,0.0756,0.0258,0.1034,0,0,0.0012,3.00E-04,0,1.00E-04,0.1392,0.3355,0.0048,0.0124,0.5475,0.108
0.2522,0.4188,0.4188,0,0,0,0,0.0011,1.00E-04,0.0494,0,0,0,0,0,0,0.0207,0.0459,0,0,0.2646,0.0048
0.023,0.1224,0.1224,0,0,0,0,0,0,0.0067,0,0,0,0,0,0,0,0,0,0,0.0268,0
0,0,0,0,0,0,0,0,0,0,0,0,0,0,0,0,0,0,0,0,0,0
0,0,0,0,0,0,0,0,0,0,0,0,0,0,0,0,0,0,0,0,0,0
0,0,0,0,0,0,0,0,0,0,0,0,0,0,0,0,0,0,0,0,0,0
0,0,0,0,0,0,0,0,0,0,0,0,0,0,0,0,0,0,0,0,0,0
0,0,0,0,0,0,0,0,0,0,0,0,0,0,0,0,0,0,0,0,0,0
0,0,0,0,0,0,0,0,0,0,0,0,0,0,0,0,0,0,0,0,0,0
0,0,0,0,0,0,0,0,0,0,0,0,0,0,0,0,0,0,0,0,0,0
0,0,0,0,0,0,0,0,0,0,0,0,0,0,0,0,0,0,0,0,0,0
0,0,0,0,0,0,0,0,0,0,0,0,0,0,0,0,0,0,0,0,0,0
0,0,0,0,0,0,0,0,0,0,0,0,0,0,0,0,0,0,0,0,0,0
0,0,0,0,0,0,0,0,0,0,0,0,0,0,0,0,0,0,0,0,0,0
0,0,0,0.3392,0.0425,0,0,0,0,0,0.0228,0.0228,0,0.031,0.0148,0.0055,0,0,0.016,8.00E-04,0,0
0,0,0,0.9136,0.203,0.0073,0.0084,0.0436,0.0112,0,0.1644,0.1644,0.0108,0.1699,0.1261,0.0678,0,0.0399,0.153,0.0199,0.0016,0.078
0.004,0,0,1.3273,0.3902,0.0804,0.0468,0.1469,0.1383,0,0.3324,0.3324,0.0756,0.3781,0.26,0.1549,0.2022,0.6897,0.3203,0.0589,0.0788,0.4116
0.2463,0.2208,0.2208,1.6018,0.5541,0.264,0.1272,0.2274,0.4152,0.01,0.3636,0.3636,0.1752,0.4769,0.3131,0.2206,0.5323,1.5333,0.4715,0.0987,0.4149,0.6264
0.4732,0.5148,0.5148,1.7642,0.5906,0.4674,0.1692,0.2772,0.5099,0.0927,0.39,0.39,0.2064,0.5197,0.3326,0.2413,0.752,2.2046,0.5377,0.1571,0.6622,0.762
0.6407,0.7212,0.7212,1.8037,0.59,0.4706,0.2796,0.4216,0.5364,0.2508,0.2652,0.2652,0.2124,0.4801,0.2541,0.2174,0.8829,2.5007,0.5577,0.1919,0.8171,0.7812
0.7485,0.84,0.84,1.7229,0.5085,0.4219,0.2292,0.4881,0.5578,0.4178,0.1572,0.1572,0.2148,0.4226,0.1855,0.193,0.937,2.4678,0.5168,0.1526,0.8887,0.7836
0.7593,0.8904,0.8904,1.5139,0.264,0.3488,0.1188,0.5219,0.5263,0.5629,0.0744,0.0744,0.1404,0.3392,0.1157,0.1407,0.925,2.2774,0.4116,0.1213,0.9055,0.7836
0.6794,0.8808,0.8808,1.1644,0.0613,0.3161,0.0516,0.4318,0.4071,0.5402,0.0264,0.0264,0.0756,0.2686,0.0651,0.09,0.828,2.0632,0.2444,0.1005,0.8571,0.7092
0.5299,0.8064,0.8064,0.6602,3.00E-04,0.2171,0.0108,0.3139,0.2572,0.4474,0,0,0.0276,0.0619,0.009,0.0173,0.6661,1.5293,0.0907,0.0533,0.7379,0.5652
0.3626,0.6624,0.6624,0.1074,0,0.0811,0,0.1439,0.0567,0.3266,0,0,0,0,0,0,0.3157,0.7101,0.003,0.0029,0.5496,0.318
0.1765,0.4356,0.4356,0,0,0,0,0.0085,1.00E-04,0.17,0,0,0,0,0,0,0.0334,0.0462,0,0,0.2878,0.036
0.021,0.1248,0.1248,0,0,0,0,0,0,0.0263,0,0,0,0,0,0,0,0,0,0,0.0268,0
0,0,0,0,0,0,0,0,0,0,0,0,0,0,0,0,0,0,0,0,0,0
0,0,0,0,0,0,0,0,0,0,0,0,0,0,0,0,0,0,0,0,0,0
0,0,0,0,0,0,0,0,0,0,0,0,0,0,0,0,0,0,0,0,0,0
0,0,0,0,0,0,0,0,0,0,0,0,0,0,0,0,0,0,0,0,0,0
0,0,0,0,0,0,0,0,0,0,0,0,0,0,0,0,0,0,0,0,0,0
0,0,0,0,0,0,0,0,0,0,0,0,0,0,0,0,0,0,0,0,0,0
0,0,0,0,0,0,0,0,0,0,0,0,0,0,0,0,0,0,0,0,0,0
0,0,0,0,0,0,0,0,0,0,0,0,0,0,0,0,0,0,0,0,0,0
0,0,0,0,0,0,0,0,0,0,0,0,0,0,0,0,0,0,0,0,0,0
0,0,0,0,0,0,0,0,0,0,0,0,0,0,0,0,0,0,0,0,0,0
0,0,0,0,0,0,0,0,0,0,0,0,0,0,0,0,0,0,0,0,0,0
0,0,0,0.2135,9.00E-04,0,0,0,0,0,0.0036,0.0036,0,0.0155,0.0024,0.0014,0,0,0.0144,0.0012,0,0
0,0,0,0.6973,0.0188,0.0887,0.0684,0.2105,0.0381,0,0.0252,0.0252,0.216,0.0855,0.0238,0.0279,0,0.0882,0.2185,0.1185,0.0034,0.162
0.0036,0,0,1.0934,0.0449,0.2541,0.288,0.532,0.2057,4.00E-04,0.0372,0.0372,0.558,0.1374,0.0375,0.0789,0.07,0.4244,0.3689,0.3476,0.0537,0.5256
0.2037,0.0792,0.0792,1.2976,0.074,0.3957,0.432,0.7627,0.3492,0.0283,0.0612,0.0612,0.7812,0.2503,0.0943,0.1694,0.1911,0.7589,0.5084,0.5633,0.2407,0.7536
0.455,0.198,0.198,1.4066,0.0723,0.4973,0.5544,0.8993,0.3985,0.3047,0.0672,0.0672,0.912,0.3246,0.2027,0.325,0.2536,1.0779,0.7382,0.6877,0.3975,0.8964
0.7231,0.3072,0.3072,1.3059,0.0638,0.6085,0.5532,0.9589,0.419,0.5849,0.1236,0.1236,0.9636,0.3308,0.3929,0.5346,0.3377,1.4454,0.8842,0.782,0.5093,0.9708
0.8724,0.4932,0.4932,1.1255,0.0559,0.6276,0.5028,0.9485,0.3914,0.7536,0.1656,0.1656,0.9288,0.3553,0.4205,0.5696,0.4443,1.6196,0.8666,0.8418,0.5321,0.9804
0.9248,0.7308,0.7308,0.8391,0.0443,0.5404,0.4728,0.8761,0.2962,0.8341,0.4224,0.4224,0.732,0.3983,0.5166,0.4973,0.6383,1.6199,0.7539,0.781,0.503,0.9276
0.9025,0.8148,0.8148,0.5085,0.0528,0.3373,0.3816,0.7348,0.1899,0.8285,0.2544,0.2544,0.3588,0.3985,0.3151,0.363,0.6861,1.3913,0.5549,0.5229,0.4458,0.81
0.8016,0.7956,0.7956,0.2281,0.0053,0.1288,0.2304,0.531,0.1103,0.6889,0.0336,0.0336,0.1116,0.1266,0.0731,0.1087,0.6174,0.8882,0.2728,0.1993,0.3828,0.6192
0.6174,0.6564,0.6564,0.0239,0,0.0136,0.0036,0.2472,0.0207,0.4933,0,0,0.0036,8.00E-04,0,0.0016,0.4039,0.3922,0.0138,0.0219,0.2654,0.3408
0.3066,0.4272,0.4272,0,0,0,0,0.0094,4.00E-04,0.2976,0,0,0,0,0,0,0.1106,0.0582,0,0,0.1073,0.0396
0.0432,0.1356,0.1356,0,0,0,0,0,0,0.0451,0,0,0,0,0,0,0,0,0,0,0.0088,0
0,0,0,0,0,0,0,0,0,0,0,0,0,0,0,0,0,0,0,0,0,0
0,0,0,0,0,0,0,0,0,0,0,0,0,0,0,0,0,0,0,0,0,0
0,0,0,0,0,0,0,0,0,0,0,0,0,0,0,0,0,0,0,0,0,0
0,0,0,0,0,0,0,0,0,0,0,0,0,0,0,0,0,0,0,0,0,0
0,0,0,0,0,0,0,0,0,0,0,0,0,0,0,0,0,0,0,0,0,0
0,0,0,0,0,0,0,0,0,0,0,0,0,0,0,0,0,0,0,0,0,0
0,0,0,0,0,0,0,0,0,0,0,0,0,0,0,0,0,0,0,0,0,0
0,0,0,0,0,0,0,0,0,0,0,0,0,0,0,0,0,0,0,0,0,0
0,0,0,0,0,0,0,0,0,0,0,0,0,0,0,0,0,0,0,0,0,0
0,0,0,0,0,0,0,0,0,0,0,0,0,0,0,0,0,0,0,0,0,0
0,0,0,0,0,0,0,0,0,0,0,0,0,0,0,0,0,0,0,0,0,0
0,0,0,0.1518,0.2365,0,0,0,0,0,0.1572,0.1572,0,0.1767,0.1158,0.0606,0,0,0.0849,0.0074,0,0
0,0,0,0.5238,0.5203,0.1187,0.0156,0.1945,0.0688,0,0.3708,0.3708,0.2268,0.509,0.3617,0.2778,0,0.1468,0.4292,0.0754,0.0028,0.132
0.0109,0.0012,0.0012,0.8728,0.6791,0.505,0.0516,0.4775,0.4393,0,0.4404,0.4404,0.5616,0.7347,0.5394,0.511,0.1386,1.1819,0.7019,0.3371,0.0956,0.4848
0.3769,0.3408,0.3408,1.1588,0.7358,0.7799,0.0924,0.7021,0.7106,0.0277,0.7056,0.7056,0.7848,0.8762,0.7747,0.672,0.4648,1.9391,0.8609,0.7974,0.4554,0.7248
0.6693,0.6192,0.6192,1.3376,0.7808,0.926,0.2688,0.8463,0.8639,0.1013,0.9276,0.9276,0.9276,0.9419,0.8728,0.7369,0.6758,2.4404,0.9438,0.9611,0.6954,0.8796
0.8582,0.8136,0.8136,1.2752,0.7231,0.985,0.5592,0.9118,0.925,0.1672,0.9192,0.9192,0.9792,0.9393,0.9157,0.8796,0.7684,2.5807,0.96,0.9952,0.8459,0.9624
0.9634,0.9276,0.9276,1.012,0.7286,0.9758,0.8268,0.9046,0.9037,0.2452,0.8136,0.8136,0.9564,0.8683,0.8282,0.8765,0.8661,2.4174,0.9084,0.9755,0.9205,0.978
0.9905,0.9732,0.9732,0.7117,0.537,0.8954,0.7464,0.8347,0.7618,0.421,0.6108,0.6108,0.8688,0.7207,0.6457,0.7493,0.8816,2.2799,0.7871,0.8593,0.937,0.9312
0.9548,0.9552,0.9552,0.3882,0.2317,0.7273,0.4584,0.7131,0.5416,0.4849,0.3744,0.3744,0.6888,0.4865,0.4174,0.5194,0.8406,2.1966,0.5824,0.6759,0.8938,0.8172
0.8382,0.8712,0.8712,0.1719,0.0287,0.4643,0.1428,0.5205,0.3582,0.4801,0.0876,0.0876,0.4056,0.1648,0.0994,0.1885,0.6799,1.7014,0.267,0.3997,0.7762,0.63
0.6452,0.7188,0.7188,0.0197,0,0.1369,0,0.2273,0.1005,0.377,0,0,0.0708,5.00E-04,0,0.0085,0.44,0.8118,0.0155,0.0834,0.5907,0.354
0.3568,0.4824,0.4824,0,0,0,0,0.0111,1.00E-04,0.1892,0,0,0,0,0,0,0.1316,0.0741,0,0,0.3216,0.0468
0.0497,0.1608,0.1608,0,0,0,0,0,0,0.0246,0,0,0,0,0,0,0,0,0,0,0.0482,0
0,0,0,0,0,0,0,0,0,0,0,0,0,0,0,0,0,0,0,0,0,0
0,0,0,0,0,0,0,0,0,0,0,0,0,0,0,0,0,0,0,0,0,0
0,0,0,0,0,0,0,0,0,0,0,0,0,0,0,0,0,0,0,0,0,0
0,0,0,0,0,0,0,0,0,0,0,0,0,0,0,0,0,0,0,0,0,0
0,0,0,0,0,0,0,0,0,0,0,0,0,0,0,0,0,0,0,0,0,0
0,0,0,0,0,0,0,0,0,0,0,0,0,0,0,0,0,0,0,0,0,0
0,0,0,0,0,0,0,0,0,0,0,0,0,0,0,0,0,0,0,0,0,0
0,0,0,0,0,0,0,0,0,0,0,0,0,0,0,0,0,0,0,0,0,0
0,0,0,0,0,0,0,0,0,0,0,0,0,0,0,0,0,0,0,0,0,0
0,0,0,0,0,0,0,0,0,0,0,0,0,0,0,0,0,0,0,0,0,0
0,0,0,0,0,0,0,0,0,0,0,0,0,0,0,0,0,0,0,0,0,0
0,0,0,0.0332,0.2102,0,0,6.00E-04,0,0,0.1944,0.1944,0,0.2159,0.1662,0.099,0,0.0001,0.106,0.0119,0,0
0,0,0,0.2099,0.4925,0.0881,0.2028,0.2473,0.0288,0,0.5352,0.5352,0.0948,0.562,0.5265,0.4402,0,0.1856,0.5037,0.3568,0.0032,0.1512
0.0096,0.0012,0.0012,0.3969,0.7116,0.379,0.1992,0.5679,0.3179,0,0.7632,0.7632,0.4224,0.7898,0.756,0.6895,0.186,1.2755,0.7491,0.6315,0.099,0.5076
0.293,0.288,0.288,0.4396,0.843,0.4946,0.1536,0.7861,0.5613,0.0146,0.9024,0.9024,0.4776,0.9367,0.8758,0.8118,0.4593,1.9836,0.9081,0.8154,0.4376,0.7404
0.5649,0.5724,0.5724,0.4922,0.9004,0.5349,0.1116,0.9236,0.8242,0.0433,0.9564,0.9564,0.4236,1,0.8467,0.7501,0.6813,2.4818,0.988,0.9161,0.6807,0.8916
0.7285,0.7644,0.7644,0.5191,0.8755,0.6588,0.0936,0.9902,0.9607,0.0695,0.858,0.858,0.5484,1,0.6766,0.5799,0.8227,2.8292,0.9974,0.8985,0.8332,0.9708
0.7753,0.8568,0.8568,0.5167,0.7365,0.8365,0.1728,0.9921,0.9655,0.0826,0.5268,0.5268,0.8208,0.9331,0.478,0.4274,0.8838,2.8448,0.9595,0.8423,0.9054,0.984
0.7452,0.8952,0.8952,0.406,0.484,0.8361,0.2412,0.9296,0.8891,0.0994,0.3672,0.3672,0.8208,0.7833,0.5007,0.4833,0.8777,2.6282,0.8407,0.7979,0.9329,0.9336
0.664,0.8928,0.8928,0.2675,0.2079,0.6801,0.114,0.7966,0.7267,0.1069,0.2892,0.2892,0.6768,0.5475,0.4081,0.4109,0.7913,2.2734,0.6421,0.667,0.894,0.816
0.5651,0.8328,0.8328,0.1363,0.023,0.3979,0.0336,0.5827,0.4468,0.1008,0.0828,0.0828,0.3984,0.2123,0.1248,0.1564,0.6256,1.6244,0.3498,0.4142,0.7796,0.6228
0.4355,0.6936,0.6936,0.0173,0,0.1086,0,0.2757,0.0865,0.08,0,0,0.0684,0.0013,0,0.0032,0.3655,0.7634,0.0276,0.0924,0.5944,0.3444
0.2616,0.4632,0.4632,0,0,0,0,0.0111,1.00E-04,0.0407,0,0,0,0,0,0,0.0565,0.0706,0,0,0.3229,0.0444
0.0424,0.1428,0.1428,0,0,0,0,0,0,0.0063,0,0,0,0,0,0,0,0,0,0,0.0477,0
0,0,0,0,0,0,0,0,0,0,0,0,0,0,0,0,0,0,0,0,0,0
0,0,0,0,0,0,0,0,0,0,0,0,0,0,0,0,0,0,0,0,0,0
0,0,0,0,0,0,0,0,0,0,0,0,0,0,0,0,0,0,0,0,0,0
0,0,0,0,0,0,0,0,0,0,0,0,0,0,0,0,0,0,0,0,0,0
0,0,0,0,0,0,0,0,0,0,0,0,0,0,0,0,0,0,0,0,0,0
0,0,0,0,0,0,0,0,0,0,0,0,0,0,0,0,0,0,0,0,0,0
0,0,0,0,0,0,0,0,0,0,0,0,0,0,0,0,0,0,0,0,0,0
0,0,0,0,0,0,0,0,0,0,0,0,0,0,0,0,0,0,0,0,0,0
0,0,0,0,0,0,0,0,0,0,0,0,0,0,0,0,0,0,0,0,0,0
0,0,0,0,0,0,0,0,0,0,0,0,0,0,0,0,0,0,0,0,0,0
0,0,0,0,0,0,0,0,0,0,0,0,0,0,0,0,0,0,0,0,0,0
0,0,0,0.3179,0.0784,0,0,1.00E-04,0,0,0.1416,0.1416,0,0.2196,0.1345,0.0912,0,0,0.1105,0.0099,0,0
0,0,0,0.8918,0.2591,0.0517,0.0528,0.134,0.0206,0,0.444,0.444,0.0384,0.5557,0.4644,0.3717,0,0.1022,0.4892,0.2933,0.0015,0.0696
0.0061,0,0,1.3325,0.5544,0.2348,0.1344,0.3885,0.2586,0,0.6816,0.6816,0.1992,0.7789,0.7114,0.6212,0.2143,0.8523,0.7287,0.6061,0.0936,0.3072
0.2556,0.1344,0.1344,1.6334,0.8114,0.4967,0.2388,0.5082,0.4812,0.0137,0.84,0.84,0.4752,0.9178,0.8672,0.7877,0.5134,1.6777,0.88,0.8057,0.4276,0.4284
0.4633,0.4428,0.4428,1.7951,0.902,0.6023,0.2892,0.5858,0.5428,0.0551,0.9048,0.9048,0.4212,0.9868,0.9257,0.8431,0.734,2.2251,0.9586,0.9121,0.6702,0.552
0.5858,0.7284,0.7284,1.8274,0.8842,0.6827,0.27,0.7174,0.6675,0.1252,0.8028,0.8028,0.3912,0.9853,0.8746,0.8455,0.8657,2.537,0.9737,0.9462,0.832,0.6516
0.6481,0.8568,0.8568,1.7489,0.7647,0.7686,0.276,0.7449,0.7458,0.2023,0.594,0.594,0.5388,0.9133,0.74,0.7835,0.9075,2.6244,0.9239,0.9123,0.9149,0.6744
0.6719,0.81,0.81,1.529,0.5317,0.6995,0.2556,0.6565,0.6715,0.3181,0.4548,0.4548,0.4512,0.7649,0.5938,0.6589,0.8041,2.4566,0.8063,0.8122,0.9282,0.6444
0.6557,0.4224,0.4224,1.1768,0.1895,0.5624,0.1752,0.4712,0.4654,0.3869,0.282,0.282,0.3324,0.5294,0.3814,0.4617,0.3511,2.0691,0.6107,0.6429,0.8722,0.5304
0.6377,0.2244,0.2244,0.6638,0.0152,0.356,0.0444,0.2994,0.2864,0.2867,0.0552,0.0552,0.1848,0.1993,0.0907,0.1719,0.1864,1.514,0.3257,0.3911,0.7563,0.3828
0.5573,0.144,0.144,0.1112,0,0.1004,0,0.1179,0.0834,0.1652,0,0,0.024,0.0011,0,0.0053,0.0836,0.7091,0.0252,0.0842,0.5552,0.174
0.2409,0.1104,0.1104,0,0,0,0,0.0023,1.00E-04,0.0806,0,0,0,0,0,0,0.0146,0.0568,0,0,0.2489,0.0096
0.012,0.0396,0.0396,0,0,0,0,0,0,0.0114,0,0,0,0,0,0,0,0,0,0,0.0306,0
0,0,0,0,0,0,0,0,0,0,0,0,0,0,0,0,0,0,0,0,0,0
0,0,0,0,0,0,0,0,0,0,0,0,0,0,0,0,0,0,0,0,0,0
0,0,0,0,0,0,0,0,0,0,0,0,0,0,0,0,0,0,0,0,0,0
0,0,0,0,0,0,0,0,0,0,0,0,0,0,0,0,0,0,0,0,0,0
0,0,0,0,0,0,0,0,0,0,0,0,0,0,0,0,0,0,0,0,0,0
0,0,0,0,0,0,0,0,0,0,0,0,0,0,0,0,0,0,0,0,0,0
0,0,0,0,0,0,0,0,0,0,0,0,0,0,0,0,0,0,0,0,0,0
0,0,0,0,0,0,0,0,0,0,0,0,0,0,0,0,0,0,0,0,0,0
0,0,0,0,0,0,0,0,0,0,0,0,0,0,0,0,0,0,0,0,0,0
0,0,0,0,0,0,0,0,0,0,0,0,0,0,0,0,0,0,0,0,0,0
0,0,0,0,0,0,0,0,0,0,0,0,0,0,0,0,0,0,0,0,0,0
0,0,0,0.1921,0.0242,0,0,0,0,0,0.09,0.09,0,0.1953,0.0818,0.0542,0,0,0.0998,0.0089,0,0
0,0,0,0.6539,0.1114,0.0648,0.096,0.1095,0.0035,0,0.3168,0.3168,0.0264,0.5156,0.2879,0.2538,0,0.0498,0.4587,0.2186,5.00E-04,0.0252
0.0029,0,0,1.0595,0.23,0.1968,0.2592,0.3291,0.0568,4.00E-04,0.5124,0.5124,0.1224,0.738,0.4897,0.4908,0.182,0.4484,0.7024,0.473,0.0405,0.1488
0.1628,0.2496,0.2496,1.3607,0.3489,0.2858,0.5316,0.5269,0.1783,0.0208,0.6252,0.6252,0.2424,0.8725,0.6517,0.6791,0.5131,1.1475,0.8318,0.6014,0.2267,0.2784
0.493,0.5268,0.5268,1.5597,0.4461,0.2878,0.7932,0.6557,0.3954,0.1044,0.5916,0.5916,0.2076,0.9345,0.6847,0.7828,0.7516,1.7459,0.8739,0.6457,0.4614,0.3816
0.6868,0.7224,0.7224,1.61,0.468,0.3727,0.7164,0.7083,0.6319,0.2306,0.51,0.51,0.2256,0.9295,0.662,0.8107,0.8896,2.2043,0.8877,0.6405,0.651,0.444
0.8273,0.8448,0.8448,1.5617,0.3918,0.3984,0.5148,0.7261,0.6628,0.342,0.3792,0.3792,0.1752,0.8525,0.5792,0.7233,0.9507,2.4012,0.8447,0.6248,0.7149,0.4116
0.922,0.8868,0.8868,1.3139,0.2792,0.3536,0.2328,0.6804,0.6102,0.3246,0.2736,0.2736,0.0948,0.7074,0.4681,0.5475,0.9446,2.3481,0.7514,0.5381,0.7647,0.3564
0.8939,0.8448,0.8448,1.0044,0.1511,0.2999,0.0816,0.5327,0.4965,0.298,0.192,0.192,0.0516,0.4794,0.3171,0.3563,0.8581,2.0259,0.5438,0.4163,0.7724,0.2976
0.7848,0.774,0.774,0.5495,0.0189,0.1878,0.0228,0.3468,0.3245,0.2269,0.0528,0.0528,0.0192,0.1671,0.0982,0.1226,0.6742,1.4072,0.2447,0.2704,0.7128,0.2244
0.5962,0.6372,0.6372,0.0879,0,0.0542,0,0.1219,0.0936,0.1331,0,0,0.0012,6.00E-04,0,0.0011,0.3623,0.5517,0.0168,0.0599,0.5259,0.1152
0.3091,0.4128,0.4128,0,0,0,0,0.0023,2.00E-04,0.0601,0,0,0,0,0,0,0.0694,0.0234,0,0,0.2833,0.0096
0.0242,0.1152,0.1152,0,0,0,0,0,0,0.0081,0,0,0,0,0,0,0,0,0,0,0.0357,0
0,0,0,0,0,0,0,0,0,0,0,0,0,0,0,0,0,0,0,0,0,0
0,0,0,0,0,0,0,0,0,0,0,0,0,0,0,0,0,0,0,0,0,0
0,0,0,0,0,0,0,0,0,0,0,0,0,0,0,0,0,0,0,0,0,0
0,0,0,0,0,0,0,0,0,0,0,0,0,0,0,0,0,0,0,0,0,0
0,0,0,0,0,0,0,0,0,0,0,0,0,0,0,0,0,0,0,0,0,0
0,0,0,0,0,0,0,0,0,0,0,0,0,0,0,0,0,0,0,0,0,0
0,0,0,0,0,0,0,0,0,0,0,0,0,0,0,0,0,0,0,0,0,0
0,0,0,0,0,0,0,0,0,0,0,0,0,0,0,0,0,0,0,0,0,0
0,0,0,0,0,0,0,0,0,0,0,0,0,0,0,0,0,0,0,0,0,0
0,0,0,0,0,0,0,0,0,0,0,0,0,0,0,0,0,0,0,0,0,0
0,0,0,0,0,0,0,0,0,0,0,0,0,0,0,0,0,0,0,0,0,0
0,0,0,0.3416,0.0271,0,0,0,0,0,0.0144,0.0144,0,0.094,0.0126,0.0128,0,0,0.0806,0.0053,0,0
0,0,0,0.8995,0.1322,0.0731,0.0264,0.0718,0.0367,0,0.0528,0.0528,0.1488,0.4447,0.0961,0.1399,0,0.0636,0.4003,0.0702,7.00E-04,0.0348
8.00E-04,0,0,1.3226,0.2688,0.2563,0.2424,0.1996,0.1781,3.00E-04,0.1392,0.1392,0.4164,0.6846,0.2768,0.3911,0.2418,0.5436,0.6338,0.1965,0.0693,0.1812
0.0616,0.2268,0.2268,1.5986,0.3402,0.4293,0.6768,0.2932,0.2969,0.0162,0.3708,0.3708,0.5244,0.7796,0.5459,0.6771,0.5398,1.1132,0.7573,0.3544,0.2605,0.3744
0.2509,0.5208,0.5208,1.7558,0.3827,0.63,0.8436,0.3652,0.4032,0.0799,0.4128,0.4128,0.642,0.7542,0.5523,0.7302,0.7643,1.5542,0.7961,0.5072,0.3978,0.4656
0.5461,0.7236,0.7236,1.7999,0.3437,0.7045,0.8628,0.4095,0.4841,0.1455,0.438,0.438,0.6804,0.7804,0.6001,0.7253,0.9048,1.7703,0.8177,0.5784,0.4175,0.4992
0.6566,0.8568,0.8568,1.6969,0.2391,0.5991,0.7608,0.4023,0.595,0.2263,0.6084,0.6084,0.5604,0.7356,0.7026,0.694,0.9672,1.6941,0.7702,0.6151,0.4216,0.51
0.6592,0.9132,0.9132,1.4782,0.2486,0.4653,0.6192,0.3383,0.5953,0.3687,0.5832,0.5832,0.4116,0.5146,0.5954,0.5754,0.8643,1.5924,0.5958,0.4846,0.4464,0.4428
0.6156,0.9036,0.9036,1.0937,0.2472,0.3259,0.3552,0.242,0.4193,0.4155,0.3576,0.3576,0.2484,0.2719,0.3353,0.3476,0.657,1.4965,0.3465,0.3127,0.4327,0.3312
0.5254,0.8292,0.8292,0.5699,0.0305,0.1564,0.0996,0.1334,0.1761,0.3506,0.0744,0.0744,0.1032,0.064,0.0739,0.1056,0.4183,1.0975,0.0977,0.1165,0.3358,0.2208
0.3837,0.6768,0.6768,0.0936,0,0.0326,0.0012,0.0555,0.0367,0.2398,0,0,0.0096,0,0,0.0036,0.2061,0.5062,0.0071,0.0139,0.2138,0.108
0.205,0.4428,0.4428,0,0,0,0,0.0023,2.00E-04,0.107,0,0,0,0,0,0,0.0466,0.0379,0,0,0.1028,0.0096
0.0357,0.138,0.138,0,0,0,0,0,0,0.0264,0,0,0,0,0,0,0,0,0,0,0.0252,0
0,0,0,0,0,0,0,0,0,0,0,0,0,0,0,0,0,0,0,0,0,0
0,0,0,0,0,0,0,0,0,0,0,0,0,0,0,0,0,0,0,0,0,0
0,0,0,0,0,0,0,0,0,0,0,0,0,0,0,0,0,0,0,0,0,0
0,0,0,0,0,0,0,0,0,0,0,0,0,0,0,0,0,0,0,0,0,0
0,0,0,0,0,0,0,0,0,0,0,0,0,0,0,0,0,0,0,0,0,0
0,0,0,0,0,0,0,0,0,0,0,0,0,0,0,0,0,0,0,0,0,0
0,0,0,0,0,0,0,0,0,0,0,0,0,0,0,0,0,0,0,0,0,0
0,0,0,0,0,0,0,0,0,0,0,0,0,0,0,0,0,0,0,0,0,0
0,0,0,0,0,0,0,0,0,0,0,0,0,0,0,0,0,0,0,0,0,0
0,0,0,0,0,0,0,0,0,0,0,0,0,0,0,0,0,0,0,0,0,0
0,0,0,0,0,0,0,0,0,0,0,0,0,0,0,0,0,0,0,0,0,0
0,0,0,0.2087,0.0451,0,0,0,0,0,0.0528,0.0528,0,0.0109,0.0401,0.0182,0,0,0.0375,0.0047,0,0
0,0,0,0.8347,0.2073,0.0394,0.0972,0.0724,0.0424,0,0.204,0.204,0.036,0.0768,0.1582,0.135,0,0.0905,0.2742,0.131,0.0012,0.0588
0.0121,0.0012,0.0012,1.1758,0.4832,0.1945,0.3192,0.288,0.2769,5.00E-04,0.3336,0.3336,0.156,0.1579,0.2525,0.2772,0.0144,0.6777,0.6284,0.375,0.0691,0.2988
0.3039,0.2376,0.2376,1.2253,0.5964,0.3301,0.6072,0.528,0.4655,0.0453,0.3528,0.3528,0.336,0.2303,0.2646,0.3754,0.0759,1.1093,0.8137,0.6089,0.3781,0.546
0.5542,0.5316,0.5316,1.4167,0.6071,0.449,0.7908,0.6384,0.6191,0.261,0.3876,0.3876,0.4944,0.2508,0.3072,0.4611,0.159,1.3494,0.9026,0.7914,0.6373,0.6864
0.7944,0.7572,0.7572,1.7151,0.4061,0.5918,0.8436,0.708,0.716,0.4896,0.2688,0.2688,0.7104,0.2041,0.3364,0.5649,0.2313,1.4932,0.9224,0.895,0.8141,0.7716
0.9249,0.8772,0.8772,1.6083,0.2051,0.6616,0.8472,0.7369,0.7408,0.6751,0.1608,0.1608,0.8472,0.2728,0.3938,0.6849,0.2824,1.453,0.8775,0.9043,0.8924,0.7812
0.966,0.9264,0.9264,1.4015,0.1021,0.6073,0.714,0.6399,0.5728,0.7608,0.1164,0.1164,0.78,0.521,0.3323,0.6122,0.4562,1.2654,0.7647,0.8215,0.905,0.6936
0.9332,0.912,0.912,1.0841,0.0347,0.4679,0.4404,0.4249,0.4005,0.7636,0.0516,0.0516,0.6132,0.4296,0.1539,0.3799,0.4751,0.9703,0.5715,0.6486,0.859,0.5112
0.8267,0.8364,0.8364,0.4229,0.0011,0.2576,0.1428,0.2598,0.2484,0.6661,0.006,0.006,0.3468,0.1468,0.0267,0.1419,0.4361,0.6319,0.2926,0.3915,0.7427,0.2928
0.6352,0.6912,0.6912,0.0589,0,0.0485,0.006,0.1052,0.0509,0.5168,0,0,0.0612,0.0014,0,0.0093,0.2616,0.2618,0.0247,0.0909,0.5665,0.1212
0.3532,0.4644,0.4644,0,0,0,0,0.0026,1.00E-04,0.3151,0,0,0,0,0,0,0.0497,0.0228,0,0,0.3173,0.0096
0.0592,0.1476,0.1476,0,0,0,0,0,0,0.0721,0,0,0,0,0,0,0,0,0,0,0.0458,0
0,0,0,0,0,0,0,0,0,0,0,0,0,0,0,0,0,0,0,0,0,0
0,0,0,0,0,0,0,0,0,0,0,0,0,0,0,0,0,0,0,0,0,0
0,0,0,0,0,0,0,0,0,0,0,0,0,0,0,0,0,0,0,0,0,0
0,0,0,0,0,0,0,0,0,0,0,0,0,0,0,0,0,0,0,0,0,0
0,0,0,0,0,0,0,0,0,0,0,0,0,0,0,0,0,0,0,0,0,0
0,0,0,0,0,0,0,0,0,0,0,0,0,0,0,0,0,0,0,0,0,0
0,0,0,0,0,0,0,0,0,0,0,0,0,0,0,0,0,0,0,0,0,0
0,0,0,0,0,0,0,0,0,0,0,0,0,0,0,0,0,0,0,0,0,0
0,0,0,0,0,0,0,0,0,0,0,0,0,0,0,0,0,0,0,0,0,0
0,0,0,0,0,0,0,0,0,0,0,0,0,0,0,0,0,0,0,0,0,0
0,0,0,0,0.0026,0,0,0,0,0,0,0,0,0,0,0,0,0,0,0,0,0
0,0,0,0.3155,0.239,0,0.0024,0,0,0,0.2592,0.2592,0,0.2306,0.2129,0.1211,0,0,0.0989,0.0109,0,0
0,0,0,0.8827,0.5555,0.0532,0.1848,0.0273,0.0167,0,0.5688,0.5688,0.024,0.5444,0.5448,0.4367,0,0.0206,0.4295,0.1322,0.0013,0.0612
0.0197,0.0024,0.0024,1.1446,0.7928,0.1497,0.408,0.1249,0.0942,0.0014,0.7872,0.7872,0.0792,0.7706,0.7693,0.69,0.0121,0.2021,0.6754,0.3874,0.0989,0.282
0.3656,0.2976,0.2976,1.3184,0.9305,0.2422,0.576,0.2279,0.212,0.0723,0.9228,0.9228,0.1296,0.9166,0.9092,0.8423,0.0758,0.4509,0.848,0.625,0.4296,0.4776
0.637,0.5784,0.5784,1.4639,0.9809,0.314,0.6168,0.2895,0.3069,0.3937,0.9804,0.9804,0.174,0.9863,0.9722,0.9121,0.1572,0.6386,0.9422,0.7398,0.662,0.4644
0.8262,0.7776,0.7776,1.4127,0.9433,0.3285,0.4752,0.3668,0.4081,0.6362,0.9648,0.9648,0.1836,0.9848,0.9639,0.9176,0.2396,0.8016,0.9466,0.7168,0.8195,0.6156
0.9232,0.9024,0.9024,1.2161,0.8343,0.2851,0.4164,0.3859,0.4013,0.789,0.8748,0.8748,0.1644,0.9138,0.8808,0.8276,0.3102,0.9784,0.8702,0.6528,0.9089,0.7152
0.9557,0.9504,0.9504,0.7319,0.6622,0.205,0.282,0.3418,0.3391,0.8669,0.7068,0.7068,0.1248,0.7677,0.7228,0.6524,0.3507,0.9683,0.749,0.4898,0.9272,0.6888
0.9191,0.9336,0.9336,0.3681,0.3812,0.1432,0.1836,0.2699,0.26,0.8631,0.4464,0.4464,0.0612,0.5362,0.4756,0.417,0.3536,0.7539,0.4971,0.287,0.8882,0.5712
0.8155,0.852,0.852,0.2389,0.0657,0.0685,0.0648,0.1749,0.1507,0.7747,0.1212,0.1212,0.024,0.2097,0.1506,0.1469,0.2911,0.4855,0.2167,0.1067,0.7771,0.3684
0.6275,0.7032,0.7032,0.0455,0,0.0082,0,0.0719,0.0396,0.5865,0,0,0.0024,3.00E-04,0,0.002,0.1505,0.209,0.0108,0.0121,0.5797,0.1632
0.3512,0.4764,0.4764,0,0,0,0,0.0034,5.00E-04,0.3235,0,0,0,0,0,0,0.0251,3.31E-02,0,0,0.3144,0.0144
0.0587,0.1632,0.1632,0,0,0,0,0,0,0.0615,0,0,0,0,0,0,0,0,0,0,0.0452,0
0,0,0,0,0,0,0,0,0,0,0,0,0,0,0,0,0,0,0,0,0,0
0,0,0,0,0,0,0,0,0,0,0,0,0,0,0,0,0,0,0,0,0,0
0,0,0,0,0,0,0,0,0,0,0,0,0,0,0,0,0,0,0,0,0,0
0,0,0,0,0,0,0,0,0,0,0,0,0,0,0,0,0,0,0,0,0,0
0,0,0,0,0,0,0,0,0,0,0,0,0,0,0,0,0,0,0,0,0,0
0,0,0,0,0,0,0,0,0,0,0,0,0,0,0,0,0,0,0,0,0,0
0,0,0,0,0,0,0,0,0,0,0,0,0,0,0,0,0,0,0,0,0,0
0,0,0,0,0,0,0,0,0,0,0,0,0,0,0,0,0,0,0,0,0,0
0,0,0,0,0,0,0,0,0,0,0,0,0,0,0,0,0,0,0,0,0,0
0,0,0,0,0,0,0,0,0,0,0,0,0,0,0,0,0,0,0,0,0,0
0,0,0,0,0,0,0,0,0,0,0,0,0,0,0,0,0,0,0,0,0,0
0,0,0,0.1566,0.1514,0,0,6.00E-04,0,0,0.1104,0.1104,0,0.1509,0.0728,0.0268,0,0.0001,0.0101,0.0031,0,0
0,0,0,0.5247,0.4225,0.0237,0.0192,0.1055,0.0147,0,0.4056,0.4056,0.0684,0.3334,0.2696,0.1118,0,0.0226,0.0876,0.0337,3.00E-04,0.012
0.0222,0.0024,0.0024,0.9814,0.5966,0.0889,0.084,0.2606,0.1564,0.002,0.4608,0.4608,0.2016,0.5622,0.3544,0.2167,0.0956,0.2725,0.2564,0.0882,0.1093,0.0888
0.3644,0.2832,0.2832,1.2351,0.6379,0.0796,0.1632,0.3797,0.408,0.0544,0.3588,0.3588,0.1044,0.7109,0.3553,0.3021,0.2829,0.5951,0.4024,0.1478,0.4455,0.192
0.6403,0.5736,0.5736,0.96,0.6392,0.1925,0.3348,0.4514,0.6148,0.2535,0.2976,0.2976,0.3468,0.7867,0.3031,0.2789,0.5823,0.9071,0.5213,0.223,0.6708,0.2868
0.8288,0.7728,0.7728,0.6224,0.6503,0.3344,0.3948,0.4922,0.678,0.4713,0.2568,0.2568,0.6504,0.8483,0.2425,0.2168,0.7259,1.1638,0.537,0.2048,0.8135,0.3588
0.94,0.894,0.894,0.5749,0.5497,0.3953,0.4608,0.4295,0.6793,0.6265,0.3012,0.3012,0.7728,0.7599,0.2546,0.1785,0.7991,1.2555,0.5108,0.134,0.8958,0.3588
0.9763,0.9456,0.9456,0.6913,0.4465,0.3649,0.4968,0.3787,0.6183,0.7127,0.27,0.27,0.7212,0.4904,0.2162,0.1458,0.7981,1.1923,0.4905,0.1011,0.9184,0.3576
0.9408,0.9312,0.9312,0.814,0.2157,0.277,0.3036,0.2826,0.4979,0.7274,0.1464,0.1464,0.552,0.2068,0.1159,0.0879,0.7177,0.9739,0.4025,0.0653,0.8792,0.3
0.833,0.852,0.852,0.3196,0.036,0.1516,0.1584,0.1669,0.3151,0.6775,0.0204,0.0204,0.306,0.0427,0.0207,0.0231,0.5705,0.6878,0.206,0.0306,0.775,0.21
0.6468,0.6996,0.6996,0.0146,0,0.0333,0.0096,0.074,0.0901,0.5614,0,0,0.0576,5.00E-04,0,1.00E-04,0.3644,0.3111,0.0143,0.0022,0.5917,0.1212
0.369,0.4644,0.4644,0,0,0,0,0.0029,5.00E-04,0.3368,0,0,0,0,0,0,0.1212,0.042,0,0,0.3321,0.0108
0.0628,0.1512,0.1512,0,0,0,0,0,0,0.0705,0,0,0,0,0,0,0,0,0,0,0.051,0
0,0,0,0,0,0,0,0,0,0,0,0,0,0,0,0,0,0,0,0,0,0
0,0,0,0,0,0,0,0,0,0,0,0,0,0,0,0,0,0,0,0,0,0
0,0,0,0,0,0,0,0,0,0,0,0,0,0,0,0,0,0,0,0,0,0
0,0,0,0,0,0,0,0,0,0,0,0,0,0,0,0,0,0,0,0,0,0
0,0,0,0,0,0,0,0,0,0,0,0,0,0,0,0,0,0,0,0,0,0
0,0,0,0,0,0,0,0,0,0,0,0,0,0,0,0,0,0,0,0,0,0
0,0,0,0,0,0,0,0,0,0,0,0,0,0,0,0,0,0,0,0,0,0
0,0,0,0,0,0,0,0,0,0,0,0,0,0,0,0,0,0,0,0,0,0
0,0,0,0,0,0,0,0,0,0,0,0,0,0,0,0,0,0,0,0,0,0
0,0,0,0,0,0,0,0,0,0,0,0,0,0,0,0,0,0,0,0,0,0
0,0,0,0,9.00E-04,0,0,0,0,0,0,0,0,0,0,0,0,0,0,0,0,0
0,0,0,0.0593,0.2826,0,0.0096,0,1.00E-04,0,0.084,0.084,0,0.0125,0.0633,0.0341,0,0,0.0388,0.0017,0,0
0,0,0,0.3108,0.5689,0.109,0.3444,0.0986,0.0363,0,0.2448,0.2448,0.1116,0.0917,0.224,0.2185,0,0.118,0.1964,0.0496,1.00E-04,0.0036
0.0254,0.0036,0.0036,0.6329,0.7876,0.41,0.6252,0.3172,0.2215,0.0019,0.4176,0.4176,0.2652,0.159,0.3867,0.4424,0.295,0.9157,0.453,0.1765,0.0927,0.0444
0.3737,0.3036,0.3036,0.6652,0.9202,0.6506,0.8124,0.5069,0.4701,0.0581,0.6276,0.6276,0.4548,0.2066,0.578,0.6044,0.5819,1.7168,0.553,0.343,0.4022,0.108
0.6473,0.5784,0.5784,0.6119,0.9827,0.7886,0.9096,0.5996,0.7222,0.2692,0.81,0.81,0.5628,0.2063,0.7567,0.7694,0.8109,2.2371,0.5758,0.5059,0.6164,0.1212
0.8314,0.7716,0.7716,0.6104,0.9532,0.8886,0.9324,0.6736,0.8828,0.4984,0.8868,0.8868,0.7212,0.2323,0.8636,0.8581,0.9556,2.5594,0.5256,0.5666,0.7627,0.1284
0.9325,0.8916,0.8916,0.5798,0.8485,0.8836,0.8784,0.6433,0.9155,0.6793,0.8256,0.8256,0.7188,0.3202,0.782,0.8085,0.9997,2.6425,0.5089,0.5901,0.8427,0.1428
0.9627,0.9324,0.9324,0.4508,0.6541,0.809,0.7716,0.5662,0.8482,0.7597,0.6312,0.6312,0.6456,0.3397,0.5984,0.6677,0.9996,2.4854,0.3952,0.5578,0.8721,0.1404
0.8986,0.8712,0.8712,0.2687,0.3727,0.6665,0.5688,0.5071,0.7016,0.7367,0.3228,0.3228,0.516,0.2644,0.3237,0.4526,0.9021,2.1381,0.266,0.4318,0.8468,0.1344
0.7752,0.7152,0.7152,0.1083,0.0664,0.4275,0.2592,0.3405,0.4645,0.6323,0.072,0.072,0.2832,0.0783,0.0873,0.1901,0.7022,1.5782,0.0932,0.2295,0.756,0.1884
0.6235,0.6,0.6,0.0106,0,0.1433,0.0144,0.1254,0.1486,0.4353,0,0,0.0564,2.00E-04,0,0.0158,0.4313,0.7599,0.0048,0.0389,0.58,0.1428
0.3559,0.4296,0.4296,0,0,0.0023,0,0.004,2.00E-04,0.2209,0,0,0,0,0,0,0.1261,0.0658,0,0,0.3185,0.0132
0.0628,0.132,0.132,0,0,0,0,0,0,0.0487,0,0,0,0,0,0,0,0.0002,0,0,0.0312,0
0,0,0,0,0,0,0,0,0,0,0,0,0,0,0,0,0,0,0,0,0,0
0,0,0,0,0,0,0,0,0,0,0,0,0,0,0,0,0,0,0,0,0,0
0,0,0,0,0,0,0,0,0,0,0,0,0,0,0,0,0,0,0,0,0,0
0,0,0,0,0,0,0,0,0,0,0,0,0,0,0,0,0,0,0,0,0,0
0,0,0,0,0,0,0,0,0,0,0,0,0,0,0,0,0,0,0,0,0,0
0,0,0,0,0,0,0,0,0,0,0,0,0,0,0,0,0,0,0,0,0,0
0,0,0,0,0,0,0,0,0,0,0,0,0,0,0,0,0,0,0,0,0,0
0,0,0,0,0,0,0,0,0,0,0,0,0,0,0,0,0,0,0,0,0,0
0,0,0,0,0,0,0,0,0,0,0,0,0,0,0,0,0,0,0,0,0,0
0,0,0,0,0,0,0,0,0,0,0,0,0,0,0,0,0,0,0,0,0,0
0,0,0,0,0,0,0,0,0,0,0,0,0,0,0,0,0,0,0,0,0,0
0,0,0,0.0427,0.2489,0.0011,0.0024,0,0,0,0.2484,0.2484,0,0.1614,0.2184,0.1382,0,0,0.0096,0.006,0,0
0,0,0,0.1675,0.5568,0.1439,0.12,0.0971,0.0566,0,0.5424,0.5424,0.1296,0.4355,0.5374,0.4831,0,0.115,0.0792,0.1788,0.0018,0.0876
0.0241,0,0,0.3161,0.7696,0.4158,0.3876,0.3509,0.2362,5.00E-04,0.7608,0.7608,0.4452,0.7274,0.7643,0.7335,0.121,0.8797,0.1866,0.4251,0.0454,0.3192
0.365,0.0504,0.0504,0.4599,0.8979,0.7543,0.7764,0.646,0.5807,0.0408,0.8964,0.8964,0.7548,0.902,0.9027,0.8921,0.2237,1.9632,0.2991,0.6743,0.2582,0.6144
0.6467,0.1692,0.1692,0.694,0.9485,0.9035,0.9156,0.8526,0.81,0.278,0.954,0.954,0.8928,0.9637,0.9665,0.9724,0.27,2.5535,0.3987,0.8052,0.5785,0.8028
0.8277,0.2928,0.2928,0.8646,0.9226,0.9722,0.954,0.9091,0.945,0.5345,0.9396,0.9396,0.9672,0.9283,0.9594,0.9809,0.2824,2.8418,0.4002,0.8409,0.7846,0.8508
0.8863,0.3396,0.3396,0.9071,0.8214,0.9637,0.9072,0.863,0.9438,0.6967,0.8556,0.8556,0.9516,0.8099,0.882,0.9186,0.2658,2.8497,0.3858,0.8416,0.8823,0.7524
0.9189,0.4356,0.4356,0.8368,0.6441,0.8823,0.7884,0.7562,0.8687,0.7707,0.696,0.696,0.858,0.6485,0.7297,0.7829,0.2418,2.6499,0.3261,0.7587,0.8878,0.6192
0.8833,0.4872,0.4872,0.71,0.378,0.7238,0.588,0.6197,0.7152,0.763,0.4488,0.4488,0.6828,0.4118,0.4921,0.5648,0.2117,2.2541,0.2025,0.6176,0.7893,0.4584
0.7677,0.3288,0.3288,0.451,0.0717,0.4762,0.2952,0.431,0.472,0.6926,0.1224,0.1224,0.4152,0.0874,0.1667,0.2529,0.1643,1.6516,0.0831,0.3913,0.5978,0.3288
0.5257,0.1644,0.1644,0.0834,0,0.1619,0.0204,0.1593,0.1549,0.5488,0,0,0.0936,4.00E-04,0,0.0173,0.0997,0.7859,0.0048,0.0961,0.3391,0.1452
0.2463,0.078,0.078,0,0,0.0032,0,0.0041,1.00E-04,0.3417,0,0,0,0,0,0,0.0242,0.0555,0,0,0.1118,0.0108
0.0289,0.0216,0.0216,0,0,0,0,0,0,0.0843,0,0,0,0,0,0,0,0,0,0,0.0108,0
0,0,0,0,0,0,0,0,0,0,0,0,0,0,0,0,0,0,0,0,0,0
0,0,0,0,0,0,0,0,0,0,0,0,0,0,0,0,0,0,0,0,0,0
0,0,0,0,0,0,0,0,0,0,0,0,0,0,0,0,0,0,0,0,0,0
0,0,0,0,0,0,0,0,0,0,0,0,0,0,0,0,0,0,0,0,0,0
0,0,0,0,0,0,0,0,0,0,0,0,0,0,0,0,0,0,0,0,0,0
0,0,0,0,0,0,0,0,0,0,0,0,0,0,0,0,0,0,0,0,0,0
0,0,0,0,0,0,0,0,0,0,0,0,0,0,0,0,0,0,0,0,0,0
0,0,0,0,0,0,0,0,0,0,0,0,0,0,0,0,0,0,0,0,0,0
0,0,0,0,0,0,0,0,0,0,0,0,0,0,0,0,0,0,0,0,0,0
0,0,0,0,0,0,0,0,0,0,0,0,0,0,0,0,0,0,0,0,0,0
0,0,0,0,0,0,0,0,0,0,0,0,0,0,0,0,0,0,0,0,0,0
0,0,0,0.1992,0.1901,1.00E-04,0.0024,0,0,0,0.1572,0.1572,0,0.237,0.1682,0.1185,0,0,0.0271,0.0147,0,0
0,0,0,0.5993,0.4596,0.0386,0.12,0.1112,0.0137,0,0.5088,0.5088,0.0396,0.523,0.5082,0.3742,0,0.0683,0.1244,0.3187,7.00E-04,0.0324
0.0175,0,0,0.914,0.6539,0.1436,0.2928,0.3505,0.1294,5.00E-04,0.7272,0.7272,0.1512,0.7459,0.7332,0.6173,0.1354,0.4113,0.3164,0.5938,0.0507,0.2292
0.2018,0.0156,0.0156,1.0981,0.7603,0.2535,0.4224,0.6106,0.2787,0.0505,0.8628,0.8628,0.1644,0.8869,0.8749,0.8232,0.3194,0.8299,0.4527,0.7769,0.1433,0.5676
0.3678,0.072,0.072,1.1644,0.7894,0.3441,0.3756,0.7411,0.47,0.3046,0.9132,0.9132,0.1872,0.9548,0.9311,0.9065,0.6162,1.1617,0.5569,0.8828,0.3007,0.768
0.5101,0.1392,0.1392,1.2722,0.6647,0.3886,0.3672,0.7903,0.5786,0.533,0.8868,0.8868,0.2052,0.9024,0.9232,0.9222,0.7889,1.3656,0.553,0.9241,0.5693,0.834
0.6232,0.1812,0.1812,1.1484,0.5192,0.3294,0.4308,0.7477,0.5545,0.599,0.8148,0.8148,0.198,0.7167,0.8542,0.8419,0.9045,1.3131,0.5085,0.8817,0.8062,0.7272
0.6326,0.2052,0.2052,0.9618,0.366,0.2171,0.234,0.6058,0.3973,0.5538,0.5868,0.5868,0.1536,0.5637,0.6551,0.677,0.9288,1.0819,0.4222,0.7443,0.8376,0.4476
0.56,0.192,0.192,0.7021,0.1973,0.1614,0.1524,0.4637,0.2918,0.5133,0.3372,0.3372,0.1932,0.3968,0.415,0.4383,0.876,0.8589,0.2209,0.5184,0.707,0.2976
0.4413,0.156,0.156,0.3911,0.0347,0.105,0.0588,0.3175,0.1868,0.4165,0.0888,0.0888,0.1584,0.1627,0.1393,0.1488,0.7414,0.5765,0.0864,0.2591,0.4763,0.228
0.2903,0.1104,0.1104,0.0614,0,0.0186,0.0012,0.1568,0.0516,0.2863,0,0,0.018,6.00E-04,0,0.0023,0.4918,0.3021,0.0067,0.0698,0.2835,0.1488
0.1003,0.0612,0.0612,0,0,0,0,0.0063,2.00E-04,0.1245,0,0,0,0,0,0,0.1616,4.26E-02,0,0,0.0952,0.0192
0.0071,0.0204,0.0204,0,0,0,0,0,0,0.0182,0,0,0,0,0,0,0,0.0002,0,0,0.0048,0
0,0,0,0,0,0,0,0,0,0,0,0,0,0,0,0,0,0,0,0,0,0
0,0,0,0,0,0,0,0,0,0,0,0,0,0,0,0,0,0,0,0,0,0
0,0,0,0,0,0,0,0,0,0,0,0,0,0,0,0,0,0,0,0,0,0
0,0,0,0,0,0,0,0,0,0,0,0,0,0,0,0,0,0,0,0,0,0
0,0,0,0,0,0,0,0,0,0,0,0,0,0,0,0,0,0,0,0,0,0
0,0,0,0,0,0,0,0,0,0,0,0,0,0,0,0,0,0,0,0,0,0
0,0,0,0,0,0,0,0,0,0,0,0,0,0,0,0,0,0,0,0,0,0
0,0,0,0,0,0,0,0,0,0,0,0,0,0,0,0,0,0,0,0,0,0
0,0,0,0,0,0,0,0,0,0,0,0,0,0,0,0,0,0,0,0,0,0
0,0,0,0,0,0,0,0,0,0,0,0,0,0,0,0,0,0,0,0,0,0
0,0,0,0,0.0011,0,0,0,0,0,0,0,0,0,0,0,0,0,0,0,0,0
0,0,0,0.102,0.2518,0,0.0012,6.00E-04,0,0,0.024,0.024,0,0.1493,0.0167,0.0142,0,0.0001,0.081,0.0061,0,0
0,0,0,0.4224,0.4961,0.0961,0.0624,0.1073,0.1546,0,0.0768,0.0768,0.1992,0.2964,0.0671,0.0627,0,0.1339,0.3115,0.0986,8.00E-04,0.036
0.0131,0.0036,0.0036,0.8905,0.5918,0.3495,0.1644,0.3302,0.523,0.0021,0.1236,0.1236,0.486,0.5283,0.1251,0.142,0.0981,1.0149,0.4712,0.2936,0.0707,0.1512
0.2293,0.2712,0.2712,1.4048,0.4756,0.6024,0.24,0.5256,0.7686,0.0343,0.162,0.162,0.702,0.6372,0.186,0.2305,0.1638,1.7803,0.4911,0.533,0.3383,0.2772
0.4583,0.5448,0.5448,1.4584,0.4011,0.7441,0.2724,0.675,0.9261,0.1225,0.2184,0.2184,0.8352,0.5989,0.2622,0.2977,0.2094,2.1949,0.5828,0.6069,0.6144,0.4032
0.6128,0.7368,0.7368,0.9048,0.3866,0.7575,0.2724,0.7515,0.9909,0.1986,0.2652,0.2652,0.8964,0.472,0.2986,0.2995,0.2708,2.3865,0.6679,0.4956,0.7651,0.5292
0.6918,0.8568,0.8568,0.5987,0.334,0.7526,0.2568,0.7715,0.9932,0.2121,0.246,0.246,0.8832,0.3548,0.3003,0.3058,0.3402,2.4836,0.6636,0.4942,0.8485,0.5952
0.7334,0.906,0.906,0.6819,0.2222,0.6918,0.2328,0.7015,0.9302,0.2112,0.1644,0.1644,0.8304,0.1705,0.1868,0.2439,0.376,2.4072,0.5191,0.4667,0.8743,0.504
0.6991,0.8916,0.8916,0.6874,0.0904,0.5447,0.204,0.5529,0.7774,0.1641,0.0852,0.0852,0.6612,0.0711,0.0753,0.1888,0.3475,2.0451,0.3596,0.3319,0.836,0.3432
0.5849,0.816,0.816,0.3247,0.0118,0.3245,0.1284,0.3456,0.534,0.1506,0.0252,0.0252,0.3876,0.0302,0.0176,0.0837,0.2772,1.4841,0.2214,0.167,0.7273,0.2088
0.431,0.672,0.672,0.0517,0,0.0956,0.0108,0.1054,0.1988,0.1255,0,0,0.0936,7.00E-04,0,0.0082,0.172,0.6927,0.0251,0.0322,0.5385,0.0984
0.2543,0.4524,0.4524,0,0,0.0018,0,0.0035,8.00E-04,0.0637,0,0,0,0,0,0,0.0487,0.0588,0,0,0.2379,0.0096
0.0569,0.162,0.162,0,0,0,0,0,0,0.0116,0,0,0,0,0,0,0,0.0002,0,0,0.0249,0
0,0,0,0,0,0,0,0,0,0,0,0,0,0,0,0,0,0,0,0,0,0
0,0,0,0,0,0,0,0,0,0,0,0,0,0,0,0,0,0,0,0,0,0
0,0,0,0,0,0,0,0,0,0,0,0,0,0,0,0,0,0,0,0,0,0
0,0,0,0,0,0,0,0,0,0,0,0,0,0,0,0,0,0,0,0,0,0
0,0,0,0,0,0,0,0,0,0,0,0,0,0,0,0,0,0,0,0,0,0
0,0,0,0,0,0,0,0,0,0,0,0,0,0,0,0,0,0,0,0,0,0
0,0,0,0,0,0,0,0,0,0,0,0,0,0,0,0,0,0,0,0,0,0
0,0,0,0,0,0,0,0,0,0,0,0,0,0,0,0,0,0,0,0,0,0
0,0,0,0,0,0,0,0,0,0,0,0,0,0,0,0,0,0,0,0,0,0
0,0,0,0,0,0,0,0,0,0,0,0,0,0,0,0,0,0,0,0,0,0
0,0,0,0,1.00E-04,0,0,0,0,0,0,0,0,0,0,0,0,0,0,0,0,0
0,0,0,0.0451,0.1853,0.0024,0.018,0,2.00E-04,0,0.24,0.24,0,0.17,0.2207,0.1333,0,0,0.1323,0.0154,0,0
0,0,0,0.1873,0.4752,0.2142,0.3216,0.0677,0.1553,0,0.5604,0.5604,0.3048,0.4602,0.5531,0.491,0,0.1234,0.4787,0.2246,0.0019,0.0912
0.0282,0.0072,0.0072,0.3731,0.7805,0.4432,0.6768,0.2438,0.5013,6.00E-04,0.7944,0.7944,0.6144,0.701,0.7916,0.7434,0.0518,0.8254,0.7248,0.4688,0.1185,0.3816
0.3177,0.2964,0.2964,0.7629,0.9329,0.6216,0.8676,0.4019,0.737,0.0231,0.9372,0.9372,0.8304,0.8802,0.9376,0.9086,0.2064,1.4421,0.8611,0.6566,0.4347,0.5868
0.5333,0.564,0.564,1.16,0.9864,0.7702,0.972,0.5357,0.8905,0.0964,0.9984,0.9984,0.9636,0.9813,0.9998,0.9855,0.2596,1.9762,0.9051,0.7334,0.6711,0.636
0.6821,0.7536,0.7536,1.1909,0.9629,0.8101,0.9996,0.638,0.98,0.1579,0.9852,0.9852,1,0.9968,0.9926,0.9858,0.2668,2.2239,0.9331,0.8273,0.8207,0.5508
0.7635,0.87,0.87,0.7575,0.8639,0.775,0.954,0.7844,0.9766,0.2869,0.8988,0.8988,0.9984,0.9355,0.9169,0.9278,0.2603,2.2111,0.9282,0.8202,0.8981,0.4656
0.7843,0.9192,0.9192,0.4222,0.6851,0.6827,0.834,0.6683,0.8731,0.4033,0.7356,0.7356,0.9036,0.7921,0.761,0.7884,0.2581,2.0196,0.7657,0.7482,0.9146,0.3672
0.7569,0.9084,0.9084,0.2931,0.4173,0.5492,0.6288,0.5106,0.705,0.3103,0.486,0.486,0.7272,0.564,0.5191,0.5634,0.2651,1.6686,0.5635,0.6003,0.8707,0.2748
0.6835,0.8364,0.8364,0.1326,0.0934,0.3303,0.33,0.3535,0.4555,0.1985,0.1512,0.1512,0.4596,0.2435,0.1882,0.2396,0.2271,1.1216,0.2708,0.336,0.7631,0.186
0.5553,0.6948,0.6948,0.0174,0,0.095,0.0336,0.1407,0.1341,0.1475,0,0,0.1212,0.0019,0,0.0083,0.1684,0.5349,0.0227,0.0686,0.5903,0.078
0.3281,0.4764,0.4764,0,0,9.00E-04,0,0.0035,9.00E-04,0.077,0,0,0,0,0,0,0.0876,0.0662,0,0,0.3391,0.006
0.0748,0.1812,0.1812,0,0,0,0,0,0,0.0176,0,0,0,0,0,0,0,0.0015,0,0,0.0608,0
0,0,0,0,0,0,0,0,0,0,0,0,0,0,0,0,0,0,0,0,0,0
0,0,0,0,0,0,0,0,0,0,0,0,0,0,0,0,0,0,0,0,0,0
0,0,0,0,0,0,0,0,0,0,0,0,0,0,0,0,0,0,0,0,0,0
0,0,0,0,0,0,0,0,0,0,0,0,0,0,0,0,0,0,0,0,0,0
0,0,0,0,0,0,0,0,0,0,0,0,0,0,0,0,0,0,0,0,0,0
0,0,0,0,0,0,0,0,0,0,0,0,0,0,0,0,0,0,0,0,0,0
0,0,0,0,0,0,0,0,0,0,0,0,0,0,0,0,0,0,0,0,0,0
0,0,0,0,0,0,0,0,0,0,0,0,0,0,0,0,0,0,0,0,0,0
0,0,0,0,0,0,0,0,0,0,0,0,0,0,0,0,0,0,0,0,0,0
0,0,0,0,0,0,0,0,0,0,0,0,0,0,0,0,0,0,0,0,0,0
0,0,0,0,4.00E-04,0,0,0,0,0,0,0,0,0,0,0,0,0,0,0,0,0
0,0,0,0.2941,0.1952,0,0.0012,0,0,0,0.2472,0.2472,0,0.2073,0.2138,0.1232,0,0,0.0126,0.0053,0,0
0,0,0,0.8307,0.5657,0.0361,0.0456,0.032,0.0567,0,0.5496,0.5496,0.0168,0.4772,0.5105,0.3348,0,0.1528,0.0666,0.0823,1.00E-04,0.0036
0.0337,0.0084,0.0084,1.2575,0.7951,0.2174,0.09,0.0928,0.2926,0.0013,0.7692,0.7692,0.0612,0.6321,0.7315,0.4868,0.2801,1.1158,0.126,0.1678,0.1294,0.0516
0.3711,0.3,0.3,1.4826,0.9184,0.3613,0.12,0.1774,0.4864,0.0278,0.9048,0.9048,0.12,0.6448,0.8658,0.5805,0.5225,1.8324,0.1943,0.1993,0.422,0.1416
0.6355,0.5724,0.5724,1.5754,0.9646,0.4708,0.15,0.2369,0.5061,0.078,0.9612,0.9612,0.1884,0.5125,0.9273,0.6198,0.6626,2.3233,0.1958,0.2081,0.6297,0.2484
0.8126,0.7632,0.7632,1.5744,0.9311,0.5023,0.1536,0.2776,0.5736,0.1366,0.87,0.87,0.2016,0.3496,0.8364,0.5786,0.7517,2.5365,0.1723,0.2005,0.824,0.4128
0.9059,0.8832,0.8832,1.4499,0.7955,0.4838,0.132,0.3524,0.6184,0.2023,0.714,0.714,0.1596,0.2254,0.6025,0.3943,0.8583,2.6324,0.2268,0.207,0.9065,0.6132
0.9391,0.9336,0.9336,1.2037,0.5375,0.4569,0.0876,0.3057,0.6515,0.2492,0.552,0.552,0.0996,0.2115,0.3748,0.2077,0.8607,2.616,0.1265,0.1955,0.9278,0.5916
0.9052,0.9216,0.9216,0.8834,0.2456,0.3887,0.0612,0.1821,0.5999,0.276,0.216,0.216,0.048,0.0721,0.1301,0.0793,0.7111,2.352,0.08,0.1204,0.8868,0.5376
0.8012,0.8472,0.8472,0.4797,0.0424,0.2838,0.0384,0.165,0.4345,0.2906,0.0168,0.0168,0.0204,0.0194,0.0155,0.0263,0.5328,1.8316,0.0587,0.0648,0.7823,0.4536
0.6267,0.702,0.702,0.0772,0,0.1371,0.0012,0.0989,0.1794,0.2057,0,0,0.0048,5.00E-04,0,0.002,0.3003,1.0281,0.0055,0.0137,0.604,0.2688
0.3657,0.4788,0.4788,0,0,0.0086,0,0.0103,0.0012,0.1006,0,0,0,0,0,0,0.0734,0.1423,0,0,0.3468,0.042
0.0741,0.1692,0.1692,0,0,0,0,0,0,0.0184,0,0,0,0,0,0,0,0.0015,0,0,0.0595,0
0,0,0,0,0,0,0,0,0,0,0,0,0,0,0,0,0,0,0,0,0,0
0,0,0,0,0,0,0,0,0,0,0,0,0,0,0,0,0,0,0,0,0,0
0,0,0,0,0,0,0,0,0,0,0,0,0,0,0,0,0,0,0,0,0,0
0,0,0,0,0,0,0,0,0,0,0,0,0,0,0,0,0,0,0,0,0,0
0,0,0,0,0,0,0,0,0,0,0,0,0,0,0,0,0,0,0,0,0,0
0,0,0,0,0,0,0,0,0,0,0,0,0,0,0,0,0,0,0,0,0,0
0,0,0,0,0,0,0,0,0,0,0,0,0,0,0,0,0,0,0,0,0,0
0,0,0,0,0,0,0,0,0,0,0,0,0,0,0,0,0,0,0,0,0,0
0,0,0,0,0,0,0,0,0,0,0,0,0,0,0,0,0,0,0,0,0,0
0,0,0,0,0,0,0,0,0,0,0,0,0,0,0,0,0,0,0,0,0,0
0,0,0,0,0,0,0,0,0,0,0,0,0,0,0,0,0,0,0,0,0,0
0,0,0,0.1353,0.0194,0,0,0.0037,0,0,0.0252,0.0252,0,0.0804,0.0228,0.0168,0,0.0003,0.0925,0.0107,0,0
0,0,0,0.6131,0.0786,0.1212,0.0432,0.3026,0.1628,0,0.1092,0.1092,0.1092,0.3,0.1093,0.0973,0,0.4141,0.4467,0.1631,0.0049,0.2316
0.0209,0.0012,0.0012,1.1253,0.146,0.3588,0.1236,0.5996,0.5436,0.0042,0.2136,0.2136,0.2736,0.4476,0.2175,0.1992,0.1491,1.4854,0.6994,0.3193,0.057,0.5172
0.236,0.1008,0.1008,1.5314,0.2141,0.5496,0.216,0.8261,0.8099,0.0308,0.3024,0.3024,0.4428,0.4519,0.2965,0.2761,0.4276,2.2688,0.8371,0.4482,0.2038,0.756
0.4153,0.2388,0.2388,1.7739,0.2727,0.7454,0.33,0.9714,0.9724,0.0999,0.366,0.366,0.7344,0.4897,0.351,0.3428,0.6833,2.8446,0.893,0.5674,0.4396,0.912
0.5413,0.4068,0.4068,1.8498,0.3045,0.8161,0.444,0.9995,0.9967,0.2087,0.3912,0.3912,0.906,0.5711,0.3462,0.3697,0.855,2.9526,0.9889,0.697,0.7461,0.9876
0.6104,0.576,0.576,1.7715,0.2673,0.8377,0.5448,0.9995,0.998,0.3054,0.3372,0.3372,0.9336,0.4526,0.2782,0.3222,0.8979,2.9799,0.9508,0.7961,0.8882,0.9876
0.6196,0.684,0.684,1.2969,0.199,0.8249,0.5376,0.9757,0.9796,0.4434,0.234,0.234,0.9204,0.3263,0.1946,0.2527,0.812,2.9458,0.8342,0.7803,0.8949,0.954
0.6158,0.774,0.774,0.812,0.1044,0.7113,0.4884,0.8303,0.8323,0.4897,0.1104,0.1104,0.7704,0.2076,0.1046,0.1645,0.774,2.6232,0.6577,0.62,0.8467,0.7776
0.5797,0.7584,0.7584,0.439,0.0187,0.492,0.2292,0.5554,0.5785,0.3936,0.0204,0.0204,0.4872,0.078,0.0269,0.0697,0.502,1.9225,0.3731,0.3312,0.7341,0.3432
0.4721,0.6348,0.6348,0.0709,0,0.1961,0.0144,0.2755,0.2351,0.2888,0,0,0.126,0.0033,0,0.0053,0.209,1.0388,0.0589,0.0581,0.5571,0.1668
0.2694,0.4128,0.4128,0.0002,0,0.0109,0,0.0163,0.0032,0.1431,0,0,0,0,0,0,0.0493,0.1241,0,3.00E-04,0.3182,0.024
0.0525,0.1404,0.1404,0,0,0,0,0,0,0.0427,0,0,0,0,0,0,0,0.0006,0,0,0.0561,0
0,0,0,0,0,0,0,0,0,0,0,0,0,0,0,0,0,0,0,0,0,0
0,0,0,0,0,0,0,0,0,0,0,0,0,0,0,0,0,0,0,0,0,0
0,0,0,0,0,0,0,0,0,0,0,0,0,0,0,0,0,0,0,0,0,0
0,0,0,0,0,0,0,0,0,0,0,0,0,0,0,0,0,0,0,0,0,0
0,0,0,0,0,0,0,0,0,0,0,0,0,0,0,0,0,0,0,0,0,0
0,0,0,0,0,0,0,0,0,0,0,0,0,0,0,0,0,0,0,0,0,0
0,0,0,0,0,0,0,0,0,0,0,0,0,0,0,0,0,0,0,0,0,0
0,0,0,0,0,0,0,0,0,0,0,0,0,0,0,0,0,0,0,0,0,0
0,0,0,0,0,0,0,0,0,0,0,0,0,0,0,0,0,0,0,0,0,0
0,0,0,0,0,0,0,0,0,0,0,0,0,0,0,0,0,0,0,0,0,0
0,0,0,0,0.0026,0,0,0,0,0,0,0,0,0,0,0,0,0,0,0,0,0
0,0,0,0.51,0.2715,0.0043,0.0072,0.0012,1.00E-04,0,0.1992,0.1992,0.0012,0.1633,0.1481,0.0863,0,0.0001,0.2047,0.0352,0,0
0,0,0,0.9983,0.6075,0.2834,0.1368,0.1826,0.2051,0,0.4776,0.4776,0.3156,0.4822,0.3736,0.2982,0,0.3956,0.5638,0.4208,0.0027,0.1284
0.0138,0.0048,0.0048,1.39,0.829,0.6201,0.2904,0.427,0.5777,0.0039,0.6144,0.6144,0.6252,0.7493,0.4971,0.4976,0.0397,1.4494,0.8147,0.712,0.0992,0.3708
0.1932,0.1824,0.1824,1.4482,0.9343,0.8481,0.372,0.7154,0.8242,0.0524,0.612,0.612,0.8484,0.9469,0.4726,0.5265,0.1287,2.1922,0.9779,0.9144,0.3785,0.6096
0.3764,0.3816,0.3816,1.5058,0.9192,0.9841,0.5292,0.8092,0.9766,0.1905,0.5328,0.5328,0.984,1,0.4752,0.5447,0.1794,2.6731,1,0.9999,0.609,0.8088
0.5511,0.6552,0.6552,1.5343,0.872,1,0.6,0.9813,0.9981,0.3557,0.4656,0.4656,1,1,0.5346,0.6237,0.191,2.8451,1,1,0.7584,0.9108
0.6403,0.876,0.876,1.2758,0.7008,1,0.6252,0.9935,0.9986,0.4339,0.4884,0.4884,1,0.9722,0.5044,0.5568,0.268,2.8537,1,0.9995,0.8444,0.9624
0.6668,0.9408,0.9408,1.1974,0.3648,0.9341,0.6312,0.9788,0.9667,0.4378,0.3504,0.3504,0.918,0.8041,0.3687,0.4668,0.3798,2.7554,0.8894,0.9441,0.8588,0.924
0.6691,0.9288,0.9288,0.7124,0.1376,0.7663,0.5556,0.8402,0.8175,0.3994,0.1788,0.1788,0.7416,0.5774,0.1905,0.3272,0.3962,2.3572,0.6848,0.7649,0.8255,0.81
0.605,0.8484,0.8484,0.7047,0.0231,0.5237,0.3288,0.6074,0.5758,0.3029,0.0492,0.0492,0.474,0.2688,0.0622,0.1524,0.3156,1.729,0.395,0.4997,0.7308,0.5568
0.47,0.7008,0.7008,0.1753,0,0.1897,0.0504,0.2973,0.2402,0.1971,0,0,0.1296,0.0072,0,0.0173,0.1276,0.8244,0.0709,0.1551,0.5248,0.2544
0.2792,0.4668,0.4668,0.0002,0,0.0054,0,0.0183,0.0033,0.0972,0,0,0,0,0,0,0.0227,0.0661,0,3.00E-04,0.2475,0.0312
0.0636,0.1656,0.1656,0,0,0,0,0,0,0.0203,0,0,0,0,0,0,0,0.0002,0,0,0.0342,0
0,0,0,0,0,0,0,0,0,0,0,0,0,0,0,0,0,0,0,0,0,0
0,0,0,0,0,0,0,0,0,0,0,0,0,0,0,0,0,0,0,0,0,0
0,0,0,0,0,0,0,0,0,0,0,0,0,0,0,0,0,0,0,0,0,0
0,0,0,0,0,0,0,0,0,0,0,0,0,0,0,0,0,0,0,0,0,0
0,0,0,0,0,0,0,0,0,0,0,0,0,0,0,0,0,0,0,0,0,0
0,0,0,0,0,0,0,0,0,0,0,0,0,0,0,0,0,0,0,0,0,0
0,0,0,0,0,0,0,0,0,0,0,0,0,0,0,0,0,0,0,0,0,0
0,0,0,0,0,0,0,0,0,0,0,0,0,0,0,0,0,0,0,0,0,0
0,0,0,0,0,0,0,0,0,0,0,0,0,0,0,0,0,0,0,0,0,0
0,0,0,0,0,0,0,0,0,0,0,0,0,0,0,0,0,0,0,0,0,0
0,0,0,0,6.00E-04,0,0,0,0,0,0,0,0,0.0011,6.00E-04,0.0019,0,0,0,0,0,0
0,0,0,0.2918,0.1675,0.0018,0.036,0.0012,4.00E-04,0,0.2724,0.2724,0,0.3026,0.2751,0.1865,0,0.0001,0.1981,0.0267,0,0
0,0,0,0.9025,0.4286,0.1014,0.4128,0.0932,0.046,0,0.5916,0.5916,0.0912,0.6078,0.5863,0.4781,0,0.0438,0.5404,0.2486,4.00E-04,0.0168
0.0267,0,0,1.3638,0.6763,0.2303,0.6912,0.2268,0.1757,0.0027,0.8184,0.8184,0.1836,0.8344,0.8158,0.7202,0.0696,0.2996,0.7811,0.3367,0.0879,0.0936
0.2471,0.072,0.072,1.6884,0.8534,0.2246,0.8592,0.2737,0.2369,0.0234,0.954,0.954,0.1824,0.9793,0.9558,0.8715,0.2912,0.595,0.9389,0.3094,0.331,0.1884
0.448,0.246,0.246,1.8889,0.8553,0.1962,0.9564,0.2779,0.2623,0.0912,1,1,0.1752,1,1,0.9456,0.6509,0.6717,1,0.4562,0.57,0.2136
0.5545,0.384,0.384,1.8981,0.7572,0.2049,0.9528,0.3066,0.2475,0.1596,1,1,0.1656,1,1,0.9543,0.8442,0.8043,1,0.5886,0.7241,0.2052
0.6713,0.3444,0.3444,1.7106,0.6856,0.2579,0.7944,0.3264,0.2168,0.2467,0.9132,0.9132,0.1692,0.972,0.9281,0.8045,0.855,0.9522,0.9779,0.5646,0.8087,0.1776
0.7992,0.45,0.45,1.1123,0.574,0.2137,0.4872,0.3403,0.2013,0.2611,0.7512,0.7512,0.1452,0.8183,0.7722,0.582,0.8135,0.9315,0.7511,0.4218,0.8505,0.1968
0.7505,0.6696,0.6696,0.5626,0.3253,0.1943,0.2088,0.3265,0.1446,0.2992,0.5028,0.5028,0.108,0.579,0.5332,0.4279,0.6788,0.8501,0.4365,0.2694,0.8394,0.2484
0.6367,0.7272,0.7272,0.3156,0.0776,0.126,0.0744,0.2518,0.0838,0.3065,0.1716,0.1716,0.0804,0.2616,0.2089,0.1891,0.4846,0.6164,0.2419,0.1039,0.7218,0.24
0.4624,0.6864,0.6864,0.0704,0,0.0362,0.0048,0.1154,0.0248,0.2488,0,0,0.0216,0.0044,0.001,0.0044,0.2642,0.3196,0.0405,0.0187,0.5516,0.1452
0.248,0.4704,0.4704,0,0,5.00E-04,0,0.0083,5.00E-04,0.1363,0,0,0,0,0,0,0.0869,0.0596,0,0,0.2729,0.0276
0.0559,0.1836,0.1836,0,0,0,0,0,0,0.0381,0,0,0,0,0,0,0,0.0004,0,0,0.0338,0
0,0,0,0,0,0,0,0,0,0,0,0,0,0,0,0,0,0,0,0,0,0
0,0,0,0,0,0,0,0,0,0,0,0,0,0,0,0,0,0,0,0,0,0
0,0,0,0,0,0,0,0,0,0,0,0,0,0,0,0,0,0,0,0,0,0
0,0,0,0,0,0,0,0,0,0,0,0,0,0,0,0,0,0,0,0,0,0
0,0,0,0,0,0,0,0,0,0,0,0,0,0,0,0,0,0,0,0,0,0
0,0,0,0,0,0,0,0,0,0,0,0,0,0,0,0,0,0,0,0,0,0
0,0,0,0,0,0,0,0,0,0,0,0,0,0,0,0,0,0,0,0,0,0
0,0,0,0,0,0,0,0,0,0,0,0,0,0,0,0,0,0,0,0,0,0
0,0,0,0,0,0,0,0,0,0,0,0,0,0,0,0,0,0,0,0,0,0
0,0,0,0,0,0,0,0,0,0,0,0,0,0,0,0,0,0,0,0,0,0
0,0,0,0.0308,0.001,0,0,0,0,0,0,0,0,0,0,0,0,0,0,0,0,0
0,0,0,0.3914,0.0836,0,0,0.0036,0,0,0.06,0.06,0,0.0292,0.0564,0.0357,0,0.0003,0.0375,0.0044,0,0
0,0,0,0.9693,0.1885,0.0568,0.0384,0.2002,0.0398,0,0.2508,0.2508,0.0624,0.1655,0.2016,0.1281,0,0.1725,0.1242,0.0392,0.0036,0.1716
0.0089,0.0096,0.0096,1.4077,0.2825,0.2254,0.1716,0.4475,0.224,0.0012,0.498,0.498,0.1932,0.1727,0.3527,0.183,0.2339,0.8517,0.3121,0.1026,0.1082,0.414
0.1272,0.2796,0.2796,1.701,0.3705,0.4517,0.2916,0.7053,0.5573,0.0311,0.57,0.57,0.3132,0.2965,0.4287,0.2526,0.5156,1.9019,0.5257,0.1684,0.4127,0.654
0.3739,0.5724,0.5724,1.8716,0.4338,0.5678,0.336,0.8652,0.717,0.1159,0.6396,0.6396,0.4212,0.6586,0.6272,0.4362,0.6967,2.4685,0.6105,0.2181,0.6652,0.8304
0.6356,0.7884,0.7884,1.9161,0.4923,0.6253,0.312,0.9491,0.776,0.1998,0.588,0.588,0.4656,0.8466,0.7551,0.6125,0.7876,2.7608,0.5729,0.2569,0.7943,0.918
0.777,0.9168,0.9168,1.8241,0.4783,0.6201,0.2508,0.9677,0.7522,0.2729,0.576,0.576,0.4068,0.8099,0.7539,0.6316,0.8049,2.811,0.436,0.2598,0.8429,0.9276
0.7927,0.9684,0.9684,1.6101,0.423,0.5729,0.2436,0.9094,0.6773,0.316,0.6072,0.6072,0.3696,0.6056,0.6628,0.5074,0.7872,2.618,0.3272,0.2459,0.8134,0.8796
0.7741,0.954,0.954,1.2562,0.2669,0.4541,0.174,0.7761,0.5572,0.2927,0.45,0.45,0.306,0.4501,0.4198,0.3098,0.7697,2.1852,0.2279,0.203,0.6837,0.7704
0.6593,0.8736,0.8736,0.7411,0.0616,0.2894,0.0864,0.5601,0.3582,0.2298,0.1296,0.1296,0.1752,0.2062,0.1147,0.1012,0.6727,1.5749,0.1225,0.1368,0.4392,0.588
0.5067,0.7236,0.7236,0.1577,0,0.1087,0.0084,0.2705,0.1382,0.1738,0,0,0.036,0.0029,0,0.0045,0.4497,0.8004,0.0144,0.0422,0.1906,0.3312
0.3131,0.4956,0.4956,0.0002,0,0.0054,0,0.0213,0.0032,0.1071,0,0,0,0,0,0,0.1623,0.0884,0,3.00E-04,0.0984,0.0552
0.0598,0.1776,0.1776,0,0,0,0,0,0,0.0316,0,0,0,0,0,0,0,0,0,0,0.0252,0
0,0,0,0,0,0,0,0,0,0,0,0,0,0,0,0,0,0,0,0,0,0
0,0,0,0,0,0,0,0,0,0,0,0,0,0,0,0,0,0,0,0,0,0
0,0,0,0,0,0,0,0,0,0,0,0,0,0,0,0,0,0,0,0,0,0
0,0,0,0,0,0,0,0,0,0,0,0,0,0,0,0,0,0,0,0,0,0
0,0,0,0,0,0,0,0,0,0,0,0,0,0,0,0,0,0,0,0,0,0
0,0,0,0,0,0,0,0,0,0,0,0,0,0,0,0,0,0,0,0,0,0
0,0,0,0,0,0,0,0,0,0,0,0,0,0,0,0,0,0,0,0,0,0
0,0,0,0,0,0,0,0,0,0,0,0,0,0,0,0,0,0,0,0,0,0
0,0,0,0,0,0,0,0,0,0,0,0,0,0,0,0,0,0,0,0,0,0
0,0,0,0,0,0,0,0,0,0,0,0,0,0,0,0,0,0,0,0,0,0
0,0,0,0,1.00E-04,0,0,0,0,0,0,0,0,0,0,0,0,0,0,0,0,0
0,0,0,0.4056,0.0601,4.00E-04,0.0096,0.0012,1.00E-04,0,0.0564,0.0564,0,0.2177,0.0763,0.069,0,0.0001,0.0878,0.0108,0,0
0,0,0,0.9735,0.1991,0.0436,0.1344,0.0442,0.0475,0,0.162,0.162,0.0588,0.4834,0.255,0.2691,0,0.0647,0.3736,0.1089,8.00E-04,0.0396
0.0113,0.006,0.006,1.3921,0.3334,0.1204,0.2844,0.1123,0.2242,0.0063,0.2592,0.2592,0.1548,0.7284,0.431,0.5013,0.2701,0.3618,0.6867,0.2388,0.1506,0.1728
0.1741,0.138,0.138,1.6153,0.3886,0.1992,0.3912,0.1885,0.4486,0.0637,0.3408,0.3408,0.2592,0.9073,0.5607,0.6389,0.5749,0.6311,0.8539,0.4211,0.4533,0.3012
0.4167,0.2784,0.2784,1.7732,0.4054,0.2616,0.564,0.2501,0.5279,0.2052,0.4092,0.4092,0.3588,0.9818,0.6614,0.7604,0.7698,0.8789,0.9254,0.5779,0.6876,0.3264
0.6152,0.348,0.348,1.8238,0.3714,0.3558,0.5544,0.2838,0.4668,0.3785,0.4296,0.4296,0.5028,0.9838,0.6813,0.7997,0.8637,1.1317,0.92,0.6792,0.8359,0.3024
0.6369,0.444,0.444,1.6552,0.3241,0.4806,0.4488,0.2803,0.4751,0.49,0.396,0.396,0.708,0.9207,0.6236,0.7482,0.9366,1.3525,0.8716,0.7846,0.9005,0.2688
0.4948,0.342,0.342,1.352,0.2465,0.3651,0.3348,0.2487,0.4334,0.6228,0.2916,0.2916,0.6948,0.7801,0.5099,0.6455,0.9039,1.3767,0.7439,0.4671,0.9273,0.2748
0.408,0.3216,0.3216,1.1109,0.1548,0.2883,0.2976,0.1632,0.3278,0.6173,0.1944,0.1944,0.534,0.5603,0.3575,0.4162,0.798,1.2296,0.551,0.249,0.8959,0.2136
0.3227,0.4284,0.4284,0.7443,0.0357,0.1246,0.1392,0.1162,0.1794,0.5618,0.072,0.072,0.204,0.2567,0.1494,0.1614,0.6646,0.8526,0.2598,0.1305,0.7953,0.1536
0.2389,0.5328,0.5328,0.1815,0,0.0206,0.0156,0.0548,0.0464,0.5062,0,0,0.0276,0.0074,0.0016,0.0046,0.4081,0.4537,0.0301,0.0305,0.6215,0.0744
0.1313,0.4284,0.4284,0,0,0,0,0.0017,9.00E-04,0.3174,0,0,0,0,0,0,0.1671,0.0979,0,0,0.3649,0.0072
0.0234,0.1812,0.1812,0,0,0,0,0,0,0.0861,0,0,0,0,0,0,0,0.0032,0,0,0.071,0
0,0,0,0,0,0,0,0,0,0,0,0,0,0,0,0,0,0,0,0,0,0
0,0,0,0,0,0,0,0,0,0,0,0,0,0,0,0,0,0,0,0,0,0
0,0,0,0,0,0,0,0,0,0,0,0,0,0,0,0,0,0,0,0,0,0
0,0,0,0,0,0,0,0,0,0,0,0,0,0,0,0,0,0,0,0,0,0
0,0,0,0,0,0,0,0,0,0,0,0,0,0,0,0,0,0,0,0,0,0
0,0,0,0,0,0,0,0,0,0,0,0,0,0,0,0,0,0,0,0,0,0
0,0,0,0,0,0,0,0,0,0,0,0,0,0,0,0,0,0,0,0,0,0
0,0,0,0,0,0,0,0,0,0,0,0,0,0,0,0,0,0,0,0,0,0
0,0,0,0,0,0,0,0,0,0,0,0,0,0,0,0,0,0,0,0,0,0
0,0,0,0,0,0,0,0,0,0,0,0,0,0,0,0,0,0,0,0,0,0
0,0,0,0,0.0023,0,0,0,0,0,0,0,0,0,0,0,0,0,0,0,0,0
0,0,0,0.2989,0.1297,0,0,0.0012,0,0,0.0312,0.0312,0,0.0231,0.0194,0.0097,0,0.0001,0.0137,9.00E-04,0,0
0,0,0,0.7666,0.3984,0.054,0.036,0.0796,0.057,0,0.0888,0.0888,0.0312,0.0795,0.0747,0.0577,0.0012,0.222,0.0535,0.0554,7.00E-04,0.0336
0.0517,0.0168,0.0168,1.1585,0.4893,0.2554,0.1704,0.2437,0.2945,0.0039,0.192,0.192,0.1068,0.1434,0.1818,0.1397,0.2855,1.0793,0.1451,0.1977,0.1251,0.09
0.3749,0.33,0.33,1.4395,0.3893,0.433,0.3636,0.4039,0.5514,0.048,0.2556,0.2556,0.2016,0.2147,0.2837,0.2558,0.5755,1.7869,0.184,0.3697,0.409,0.1572
0.6399,0.606,0.606,1.5294,0.3712,0.5604,0.4548,0.5771,0.7941,0.1432,0.2244,0.2244,0.3264,0.3079,0.2615,0.2828,0.7945,2.3084,0.2263,0.4096,0.6426,0.2436
0.8013,0.8016,0.8016,1.6195,0.341,0.6573,0.3684,0.6702,0.9123,0.1817,0.2604,0.2604,0.552,0.4397,0.2487,0.2529,0.9338,2.6078,0.2844,0.4669,0.7934,0.3732
0.8898,0.9216,0.9216,1.3818,0.3585,0.6482,0.2364,0.6503,0.8524,0.1915,0.1164,0.1164,0.6084,0.4727,0.1865,0.261,0.9917,2.6564,0.3487,0.4297,0.8116,0.4032
0.944,0.972,0.972,0.949,0.2078,0.6146,0.1692,0.4524,0.8029,0.1993,0.06,0.06,0.5748,0.3533,0.1399,0.2145,0.995,2.5043,0.2181,0.3482,0.7375,0.3588
0.9276,0.9588,0.9588,0.6059,0.0581,0.5566,0.1332,0.3583,0.6829,0.172,0.0348,0.0348,0.558,0.1455,0.1048,0.1559,0.9268,2.1703,0.112,0.2587,0.6838,0.2868
0.8407,0.8808,0.8808,0.2975,0.0058,0.395,0.0912,0.2486,0.4705,0.1469,0.0096,0.0096,0.384,0.0283,0.0248,0.0498,0.776,1.6021,0.0538,0.1489,0.5457,0.186
0.6642,0.7332,0.7332,0.0632,0,0.1688,0.0108,0.096,0.1954,0.1074,0,0,0.1188,4.00E-04,0,0.0029,0.5385,0.8309,0.0096,0.0345,0.3785,0.078
0.4011,0.51,0.51,0,0,0.0113,0,0.0053,0.0059,0.0644,0,0,0,0,0,0,0.2169,0.1125,0,0,0.1878,0.0072
0.1003,0.216,0.216,0,0,0,0,0,0,0.0174,0,0,0,0,0,0,0,0.0015,0,0,0.0323,0
0,0.0012,0.0012,0,0,0,0,0,0,0,0,0,0,0,0,0,0,0,0,0,0,0
0,0,0,0,0,0,0,0,0,0,0,0,0,0,0,0,0,0,0,0,0,0
0,0,0,0,0,0,0,0,0,0,0,0,0,0,0,0,0,0,0,0,0,0
0,0,0,0,0,0,0,0,0,0,0,0,0,0,0,0,0,0,0,0,0,0
0,0,0,0,0,0,0,0,0,0,0,0,0,0,0,0,0,0,0,0,0,0
0,0,0,0,0,0,0,0,0,0,0,0,0,0,0,0,0,0,0,0,0,0
0,0,0,0,0,0,0,0,0,0,0,0,0,0,0,0,0,0,0,0,0,0
0,0,0,0,0,0,0,0,0,0,0,0,0,0,0,0,0,0,0,0,0,0
0,0,0,0,0,0,0,0,0,0,0,0,0,0,0,0,0,0,0,0,0,0
0,0,0,0,0,0,0,0,0,0,0,0,0,0,0,0,0,0,0,0,0,0
0,0,0,0,0,0,0,0,0,0,0,0,0,0,0,0,0,0,0,0,0,0
0,0,0,0.2538,0.0357,0.0068,0.0288,0,0.001,0,0.0324,0.0324,0.006,0.0424,0.0572,0.0501,0,0,0.1159,0.0171,0,0
0,0,0,0.6369,0.1187,0.2569,0.3012,0.0411,0.1436,0,0.1488,0.1488,0.2892,0.1152,0.2727,0.2967,0.0024,0.2735,0.2337,0.1646,4.00E-04,0.0204
0.0682,0.0216,0.0216,1.1412,0.2428,0.5623,0.6636,0.1316,0.3934,0.0027,0.3576,0.3576,0.5748,0.2171,0.5587,0.6532,0.299,1.0179,0.4124,0.4353,0.1286,0.0888
0.3995,0.3444,0.3444,1.5505,0.4118,0.7833,0.7896,0.3058,0.5731,0.0392,0.63,0.63,0.8052,0.2682,0.7454,0.8149,0.565,1.7154,0.65,0.7253,0.4136,0.1812
0.6488,0.6156,0.6156,1.634,0.5569,0.9066,0.8436,0.4706,0.6806,0.1151,0.8664,0.8664,0.9108,0.3816,0.9014,0.9082,0.7291,2.246,0.7121,0.8765,0.6626,0.288
0.8324,0.8064,0.8064,1.7385,0.6367,0.9218,0.8952,0.5446,0.7262,0.1624,0.8976,0.8976,0.858,0.6638,0.9233,0.9352,0.8951,2.4874,0.6178,0.9414,0.8399,0.3744
0.9454,0.9204,0.9204,1.7427,0.5888,0.8677,0.9012,0.472,0.7008,0.2044,0.8628,0.8628,0.6924,0.7491,0.8957,0.926,0.9895,2.3143,0.681,0.9141,0.925,0.3264
0.9848,0.9696,0.9696,1.4486,0.4303,0.7642,0.8232,0.4673,0.629,0.228,0.7296,0.7296,0.5268,0.7393,0.7563,0.8028,0.9894,2.1932,0.5879,0.7678,0.9473,0.2796
0.9388,0.9552,0.9552,0.7998,0.2473,0.5674,0.642,0.4061,0.524,0.2197,0.492,0.492,0.4188,0.52,0.5248,0.5918,0.8855,1.7294,0.298,0.5876,0.9001,0.2184
0.8017,0.8616,0.8616,0.2594,0.0588,0.3256,0.3372,0.245,0.3527,0.1556,0.1764,0.1764,0.27,0.2259,0.2125,0.2967,0.5903,1.1522,0.16,0.3945,0.7915,0.1464
0.5989,0.708,0.708,0.0684,0,0.1087,0.0204,0.1213,0.1452,0.1025,0,0,0.072,0.0074,0.0027,0.0322,0.2703,0.5792,0.0336,0.119,0.6198,0.0732
0.3818,0.4956,0.4956,0.0001,0,0.0037,0,0.0083,0.0047,0.0607,0,0,0,0,0,0,0.0789,0.099,0,1.00E-04,0.3711,0.0132
0.0974,0.2052,0.2052,0,0,0,0,0,0,0.0247,0,0,0,0,0,0,0,0.0045,0,0,0.0836,0
0,0.0012,0.0012,0,0,0,0,0,0,0,0,0,0,0,0,0,0,0,0,0,0,0
0,0,0,0,0,0,0,0,0,0,0,0,0,0,0,0,0,0,0,0,0,0
0,0,0,0,0,0,0,0,0,0,0,0,0,0,0,0,0,0,0,0,0,0
0,0,0,0,0,0,0,0,0,0,0,0,0,0,0,0,0,0,0,0,0,0
0,0,0,0,0,0,0,0,0,0,0,0,0,0,0,0,0,0,0,0,0,0
0,0,0,0,0,0,0,0,0,0,0,0,0,0,0,0,0,0,0,0,0,0
0,0,0,0,0,0,0,0,0,0,0,0,0,0,0,0,0,0,0,0,0,0
0,0,0,0,0,0,0,0,0,0,0,0,0,0,0,0,0,0,0,0,0,0
0,0,0,0,0,0,0,0,0,0,0,0,0,0,0,0,0,0,0,0,0,0
0,0,0,0,0,0,0,0,0,0,0,0,0,0,0,0,0,0,0,0,0,0
0,0,0,0,0.0105,0,0,0,0,0,0.0024,0.0024,0,0,0.0012,0,0,0,0,0,0,0
0,0,0,0.3036,0.2993,0.0054,0.0192,0,5.00E-04,0,0.2568,0.2568,0.0048,0.131,0.2431,0.1694,0,0,0.1255,0.0181,0,0
0,0,0,0.7154,0.5876,0.1995,0.2112,0.019,0.1929,0,0.5292,0.5292,0.2472,0.5167,0.5328,0.4788,0.0036,0.212,0.3846,0.1483,6.00E-04,0.0168
0.0623,0.0168,0.0168,1.0365,0.8034,0.4229,0.5268,0.063,0.5152,0.0057,0.7716,0.7716,0.5064,0.7646,0.7641,0.7203,0.3216,0.7543,0.6537,0.3079,0.1589,0.096
0.3673,0.3036,0.3036,1.4745,0.9146,0.6008,0.5664,0.1601,0.7438,0.0395,0.9144,0.9144,0.5916,0.9076,0.911,0.8673,0.6276,1.3542,0.8185,0.415,0.4547,0.1956
0.6295,0.5748,0.5748,1.767,0.9419,0.7067,0.636,0.2366,0.8879,0.1156,0.9636,0.9636,0.6528,0.9766,0.9635,0.9464,0.8471,1.8541,0.906,0.4245,0.6963,0.2508
0.8162,0.7656,0.7656,1.8105,0.9171,0.7662,0.636,0.2933,0.9694,0.1843,0.9204,0.9204,0.6972,0.9722,0.9187,0.9356,0.9839,2.1438,0.8796,0.402,0.8571,0.3096
0.9162,0.8904,0.8904,1.7127,0.8069,0.7861,0.6072,0.2569,0.9752,0.2251,0.8136,0.8136,0.7668,0.8998,0.8477,0.8619,1,2.2838,0.7234,0.351,0.9369,0.4008
0.9214,0.9372,0.9372,1.4924,0.6075,0.7608,0.5964,0.2616,0.9177,0.2231,0.684,0.684,0.7512,0.7536,0.7177,0.7226,1,2.275,0.4957,0.2852,0.9579,0.4668
0.8418,0.9168,0.9168,1.0384,0.2831,0.6125,0.4944,0.2406,0.7777,0.2234,0.3732,0.3732,0.5628,0.5,0.4473,0.4919,0.9562,2.0058,0.3722,0.181,0.9199,0.4296
0.6927,0.8076,0.8076,0.4358,0.0467,0.4256,0.2904,0.1519,0.5455,0.1971,0.1092,0.1092,0.4056,0.1054,0.1531,0.1893,0.8025,1.4811,0.1752,0.0697,0.8063,0.2724
0.4909,0.4788,0.4788,0.0792,0,0.1845,0.0396,0.0591,0.2334,0.1434,0,0,0.144,0.0014,0.0016,0.0102,0.5634,0.8023,0.009,0.0105,0.6185,0.1176
0.2433,0.1788,0.1788,0,0,0.015,0,0.0067,0.0086,0.0816,0,0,0,0,0,0,0.2406,0.1431,0,0,0.3574,0.0144
0.0433,0.0684,0.0684,0,0,0,0,0,0,0.0244,0,0,0,0,0,0,0.0012,0.0037,0,0,0.0702,0
0,0,0,0,0,0,0,0,0,0,0,0,0,0,0,0,0,0,0,0,0,0
0,0,0,0,0,0,0,0,0,0,0,0,0,0,0,0,0,0,0,0,0,0
0,0,0,0,0,0,0,0,0,0,0,0,0,0,0,0,0,0,0,0,0,0
0,0,0,0,0,0,0,0,0,0,0,0,0,0,0,0,0,0,0,0,0,0
0,0,0,0,0,0,0,0,0,0,0,0,0,0,0,0,0,0,0,0,0,0
0,0,0,0,0,0,0,0,0,0,0,0,0,0,0,0,0,0,0,0,0,0
0,0,0,0,0,0,0,0,0,0,0,0,0,0,0,0,0,0,0,0,0,0
0,0,0,0,0,0,0,0,0,0,0,0,0,0,0,0,0,0,0,0,0,0
0,0,0,0,0,0,0,0,0,0,0,0,0,0,0,0,0,0,0,0,0,0
0,0,0,0,0,0,0,0,0,0,0,0,0,0,0,0,0,0,0,0,0,0
0,0,0,0,0.0157,0,0,0,0,0,0,0,0,0,0,0,0,0,0,0,0,0
0,0,0,0.2633,0.3267,0.0067,0.0276,0.0071,0.002,0,0.1488,0.1488,0.0072,0.0535,0.0969,0.0414,0,0.0007,0.0346,0.0036,0,0
0,0,0,0.8356,0.6165,0.2363,0.1728,0.1916,0.2204,0,0.492,0.492,0.2772,0.1759,0.3283,0.202,0,0.3765,0.0962,0.0664,0.002,0.0888
0.0338,0.0072,0.0072,1.3106,0.8183,0.528,0.4308,0.4852,0.5352,0.0036,0.5676,0.5676,0.558,0.3,0.4316,0.3491,0.0529,1.3003,0.1515,0.1166,0.1207,0.3528
0.2605,0.1512,0.1512,1.6116,0.9332,0.6773,0.6696,0.7582,0.7717,0.0272,0.6444,0.6444,0.7716,0.34,0.52,0.4743,0.1937,2.0857,0.186,0.1688,0.3799,0.6996
0.4927,0.2508,0.2508,1.7854,0.9779,0.7891,0.8532,0.8766,0.9219,0.0774,0.6036,0.6036,0.936,0.2746,0.5364,0.554,0.385,2.5837,0.2431,0.2463,0.5686,0.8736
0.6493,0.2724,0.2724,1.8253,0.9422,0.8463,0.8316,0.9384,0.9906,0.1793,0.4296,0.4296,1,0.2275,0.563,0.6794,0.5832,2.8561,0.2977,0.2938,0.7273,0.9612
0.7063,0.4272,0.4272,1.7371,0.8301,0.8395,0.6888,0.9709,0.9902,0.2711,0.372,0.372,1,0.1539,0.4662,0.5761,0.6439,2.9011,0.3227,0.3562,0.8531,0.9792
0.6534,0.6072,0.6072,1.5267,0.6781,0.791,0.6024,0.9182,0.922,0.3705,0.6096,0.6096,0.9288,0.1582,0.4578,0.2782,0.5127,2.7349,0.2841,0.3871,0.8818,0.93
0.5937,0.6264,0.6264,1.111,0.4349,0.6711,0.4596,0.79,0.775,0.4189,0.4644,0.4644,0.7632,0.0953,0.2937,0.1359,0.3535,2.3664,0.1908,0.363,0.836,0.8148
0.4988,0.6132,0.6132,0.6121,0.106,0.4697,0.1752,0.5866,0.5453,0.3937,0.0924,0.0924,0.5088,0.0244,0.0627,0.0474,0.2272,1.7156,0.1206,0.242,0.6975,0.6216
0.3758,0.6444,0.6444,0.1316,0,0.2061,0.0252,0.2977,0.236,0.3,0,0,0.1728,1.00E-04,0,0.0057,0.1278,0.869,0.0202,0.0734,0.4957,0.3528
0.279,0.4788,0.4788,0.0003,0,0.0168,0,0.0305,0.0097,0.1661,0,0,0,0,0,0,0.044,0.1304,0,5.00E-04,0.2046,0.0672
0.103,0.198,0.198,0,0,0,0,0,0,0.0503,0,0,0,0,0,0,0,0.0019,0,0,0.0351,0
0,0.0024,0.0024,0,0,0,0,0,0,1.00E-04,0,0,0,0,0,0,0,0,0,0,1.00E-04,0
0,0,0,0,0,0,0,0,0,0,0,0,0,0,0,0,0,0,0,0,0,0
0,0,0,0,0,0,0,0,0,0,0,0,0,0,0,0,0,0,0,0,0,0
0,0,0,0,0,0,0,0,0,0,0,0,0,0,0,0,0,0,0,0,0,0
0,0,0,0,0,0,0,0,0,0,0,0,0,0,0,0,0,0,0,0,0,0
0,0,0,0,0,0,0,0,0,0,0,0,0,0,0,0,0,0,0,0,0,0
0,0,0,0,0,0,0,0,0,0,0,0,0,0,0,0,0,0,0,0,0,0
0,0,0,0,0,0,0,0,0,0,0,0,0,0,0,0,0,0,0,0,0,0
0,0,0,0,0,0,0,0,0,0,0,0,0,0,0,0,0,0,0,0,0,0
0,0,0,0,0,0,0,0,0,0,0,0,0,0,0,0,0,0,0,0,0,0
0,0,0,0,0.0151,0,0,0,0,0,0,0,0,0,0,0,0,0,0,0,0,0
0,0,0,0.247,0.2652,0.0118,0.066,0.0083,0.0024,0,0.0744,0.0744,0.0096,0.2054,0.0578,0.0615,0,0.0011,0.202,0.044,0,0.0012
0,0,0,0.6789,0.5615,0.2632,0.4248,0.2076,0.1263,0,0.1884,0.1884,0.3228,0.5092,0.2057,0.3014,0,0.2163,0.5208,0.359,0.0033,0.132
0.0656,0.0012,0.0012,1.0748,0.789,0.5235,0.6984,0.513,0.2796,0.0055,0.342,0.342,0.6072,0.7566,0.5012,0.6506,0.0528,0.7776,0.7668,0.6998,0.174,0.4032
0.2919,0.072,0.072,1.3905,0.9291,0.6487,0.8808,0.7437,0.4383,0.031,0.5676,0.5676,0.7536,0.9234,0.7712,0.9112,0.1459,1.085,0.9295,0.8994,0.4591,0.5928
0.5335,0.3708,0.3708,1.5738,0.9762,0.6931,0.99,0.8933,0.667,0.0984,0.8508,0.8508,0.8508,1,0.9443,0.9988,0.2733,1.1613,1,0.9976,0.6956,0.7476
0.7923,0.7524,0.7524,1.596,0.9931,0.7067,1,0.9559,0.6116,0.1457,0.9816,0.9816,0.9252,1,0.9979,1,0.4672,1.1604,1,0.9994,0.8561,0.804
0.8938,0.7128,0.7128,1.5319,0.9153,0.6658,0.99,0.9322,0.4936,0.1884,0.9312,0.9312,0.8988,0.9549,0.9432,0.9686,0.7254,1.0283,0.9883,0.9982,0.9149,0.7524
0.8933,0.5616,0.5616,1.3456,0.743,0.6119,0.8748,0.834,0.4507,0.1756,0.7752,0.7752,0.8868,0.8146,0.7932,0.841,0.9437,0.9526,0.8725,0.9269,0.902,0.6228
0.8722,0.4476,0.4476,1.0119,0.4843,0.4978,0.6792,0.6405,0.3617,0.1513,0.534,0.534,0.75,0.5941,0.5622,0.6301,0.9494,0.8749,0.6817,0.7565,0.8362,0.4524
0.7288,0.3,0.3,0.5299,0.1516,0.3207,0.3792,0.3641,0.2054,0.1348,0.2124,0.2124,0.4884,0.2896,0.2473,0.3296,0.8238,0.6618,0.4093,0.5017,0.6327,0.204
0.5267,0.3108,0.3108,0.1081,0,0.07,0.0612,0.1487,0.0495,0.1128,0,0,0.0828,0.0183,0.006,0.0433,0.5911,0.4092,0.0913,0.1818,0.3723,0.1032
0.3068,0.3384,0.3384,0.0004,0,0,0,0.0133,2.00E-04,0.0739,0,0,0,0,0,0,0.2647,0.1012,0,6.00E-04,0.2265,0.018
0.0954,0.1896,0.1896,0,0,0,0,0,0,0.0245,0,0,0,0,0,0,0.0048,0.0071,0,0,0.0531,0
0,0.0036,0.0036,0,0,0,0,0,0,1.00E-04,0,0,0,0,0,0,0,0,0,0,1.00E-04,0
0,0,0,0,0,0,0,0,0,0,0,0,0,0,0,0,0,0,0,0,0,0
0,0,0,0,0,0,0,0,0,0,0,0,0,0,0,0,0,0,0,0,0,0
0,0,0,0,0,0,0,0,0,0,0,0,0,0,0,0,0,0,0,0,0,0
0,0,0,0,0,0,0,0,0,0,0,0,0,0,0,0,0,0,0,0,0,0
0,0,0,0,0,0,0,0,0,0,0,0,0,0,0,0,0,0,0,0,0,0
0,0,0,0,0,0,0,0,0,0,0,0,0,0,0,0,0,0,0,0,0,0
0,0,0,0,0,0,0,0,0,0,0,0,0,0,0,0,0,0,0,0,0,0
0,0,0,0,0,0,0,0,0,0,0,0,0,0,0,0,0,0,0,0,0,0
0,0,0,0,0,0,0,0,0,0,0,0,0,0,0,0,0,0,0,0,0,0
0,0,0,0,0.0194,0,0,0,0,0,0.0012,0.0012,0,0.0034,6.00E-04,2.00E-04,0,0,0,1.00E-04,0,0
0,0,0,0.3535,0.3045,0,0.0012,0.003,0,0,0.1044,0.1044,0,0.2845,0.1297,0.1116,0,0.0008,0.0969,0.0151,0,0
0,0,0,0.9227,0.5354,0.0739,0.0204,0.1358,0.0383,0,0.3468,0.3468,0.0084,0.5754,0.4326,0.3684,0.0024,0.3341,0.2507,0.0812,0.0029,0.114
0.0538,0.0276,0.0276,1.4267,0.6889,0.1976,0.1032,0.3323,0.1761,0.0032,0.5916,0.5916,0.0384,0.791,0.6851,0.5606,0.2385,0.9968,0.4527,0.2065,0.1932,0.4116
0.307,0.3324,0.3324,1.7454,0.7557,0.3847,0.1524,0.5074,0.525,0.0248,0.7968,0.7968,0.1056,0.9245,0.7568,0.5605,0.469,1.6395,0.6804,0.3287,0.4861,0.6612
0.4996,0.6036,0.6036,1.9052,0.8107,0.3707,0.18,0.6568,0.6882,0.0645,0.9204,0.9204,0.066,0.9433,0.675,0.4041,0.6896,2.1422,0.7395,0.4438,0.7213,0.8208
0.67,0.7932,0.7932,1.9374,0.7482,0.337,0.2028,0.8038,0.7361,0.0879,0.6012,0.6012,0.0516,0.7641,0.4438,0.344,0.8833,2.2845,0.8252,0.6612,0.8741,0.9144
0.7928,0.9096,0.9096,1.795,0.5734,0.3063,0.2016,0.8405,0.7205,0.1291,0.2364,0.2364,0.0492,0.6084,0.3456,0.4191,0.9994,2.3073,0.7994,0.7425,0.9475,0.9288
0.8308,0.9204,0.9204,1.5656,0.3457,0.3219,0.2112,0.7822,0.643,0.1217,0.1884,0.1884,0.03,0.4041,0.364,0.4493,0.9985,2.3765,0.6542,0.7212,0.9661,0.8832
0.7983,0.786,0.786,1.1971,0.1066,0.3509,0.1788,0.6606,0.5148,0.1106,0.1392,0.1392,0.0528,0.215,0.2954,0.3676,0.9401,2.208,0.3883,0.5714,0.9245,0.7728
0.6251,0.8568,0.8568,0.6657,0.023,0.2736,0.0816,0.45,0.332,0.1041,0.0708,0.0708,0.0792,0.0694,0.1284,0.164,0.7869,1.6426,0.1741,0.337,0.8233,0.594
0.4313,0.7164,0.7164,0.1704,0,0.1411,0.0048,0.2515,0.1629,0.0899,0,0,0.054,0.0012,0.0032,0.013,0.5512,0.9195,0.0276,0.1101,0.645,0.3456
0.3311,0.4392,0.4392,0.0005,0,0.0145,0,0.0333,0.0087,0.0445,0,0,0,0,0,0,0.2063,0.1901,0,7.00E-04,0.3899,0.0744
0.0916,0.2172,0.2172,0,0,0,0,0,0,0.0187,0,0,0,0,0,0,0.0024,0.0071,0,0,0.0976,0
0,0.0048,0.0048,0,0,0,0,0,0,2.00E-04,0,0,0,0,0,0,0,0,0,0,1.00E-04,0
0,0,0,0,0,0,0,0,0,0,0,0,0,0,0,0,0,0,0,0,0,0
0,0,0,0,0,0,0,0,0,0,0,0,0,0,0,0,0,0,0,0,0,0
0,0,0,0,0,0,0,0,0,0,0,0,0,0,0,0,0,0,0,0,0,0
0,0,0,0,0,0,0,0,0,0,0,0,0,0,0,0,0,0,0,0,0,0
0,0,0,0,0,0,0,0,0,0,0,0,0,0,0,0,0,0,0,0,0,0
0,0,0,0,0,0,0,0,0,0,0,0,0,0,0,0,0,0,0,0,0,0
0,0,0,0,0,0,0,0,0,0,0,0,0,0,0,0,0,0,0,0,0,0
0,0,0,0,0,0,0,0,0,0,0,0,0,0,0,0,0,0,0,0,0,0
0,0,0,0,0,0,0,0,0,0,0,0,0,0,0,0,0,0,0,0,0,0
0,0,0,0,0.001,0,0,0,0,0,0.0024,0.0024,0,0.0023,7.00E-04,3.00E-04,0,0,0,0,0,0
0,0,0,0.432,0.0702,0.0011,0.0156,0.0026,0.0019,0,0.174,0.174,0,0.1869,0.1063,0.0574,0,0.0002,0.1076,0.0221,0,0
0,0,0,0.9808,0.2251,0.0391,0.1068,0.1106,0.1596,0,0.4656,0.4656,0.0264,0.4443,0.3513,0.2226,0.0048,0.1496,0.3316,0.097,0.003,0.1188
0.0538,0.03,0.03,1.4105,0.5865,0.1313,0.1752,0.2258,0.3517,0.0015,0.7224,0.7224,0.078,0.7069,0.5787,0.3925,0.2451,0.5208,0.5974,0.1931,0.1961,0.2724
0.2838,0.318,0.318,1.7003,0.8153,0.2886,0.2328,0.2969,0.4943,0.0253,0.8952,0.8952,0.1296,0.8831,0.7224,0.4759,0.5269,1.0214,0.8562,0.3614,0.475,0.4596
0.5768,0.5736,0.5736,1.8596,0.8818,0.4099,0.2484,0.3907,0.55,0.1153,0.9372,0.9372,0.1728,0.966,0.8445,0.6321,0.7879,1.582,0.9379,0.4628,0.7052,0.6252
0.7869,0.7632,0.7632,1.8969,0.8829,0.408,0.2328,0.5057,0.6164,0.2431,0.816,0.816,0.2136,0.9688,0.8791,0.8001,0.9187,2.084,0.951,0.3886,0.8553,0.7896
0.8557,0.8796,0.8796,1.809,0.775,0.4294,0.21,0.5618,0.6067,0.3735,0.75,0.75,0.2628,0.9069,0.8303,0.8434,0.9735,2.2458,0.9012,0.3735,0.9292,0.8508
0.8833,0.9312,0.9312,1.5994,0.5979,0.421,0.1752,0.5524,0.5949,0.5308,0.612,0.612,0.3216,0.7724,0.6656,0.6094,0.9703,2.1318,0.7585,0.3125,0.9495,0.8196
0.8753,0.9192,0.9192,1.255,0.3702,0.3994,0.138,0.5467,0.5254,0.5736,0.348,0.348,0.3612,0.56,0.4205,0.4286,0.8749,1.8736,0.4277,0.2175,0.9069,0.7512
0.8057,0.8496,0.8496,0.7691,0.1009,0.2965,0.0792,0.4351,0.4049,0.5444,0.1464,0.1464,0.2052,0.2672,0.1874,0.1705,0.6851,1.4946,0.206,0.0935,0.794,0.5904
0.5916,0.714,0.714,0.198,0,0.1271,0.0108,0.2077,0.1772,0.4427,0,0,0.0744,0.0085,0.0011,0.0057,0.4421,0.78,0.0369,0.0173,0.6186,0.3504
0.3477,0.5028,0.5028,0.0002,0,0.0091,0,0.0294,0.0096,0.2803,0,0,0,0,0,0,0.1902,0.1625,0,3.00E-04,0.3758,0.078
0.1072,0.2232,0.2232,0,0,0,0,0,0,0.0704,0,0,0,0,0,0,0.0024,0.0081,0,0,0.0922,0
0,0.006,0.006,0,0,0,0,0,0,8.00E-04,0,0,0,0,0,0,0,0,0,0,2.00E-04,0
0,0,0,0,0,0,0,0,0,0,0,0,0,0,0,0,0,0,0,0,0,0
0,0,0,0,0,0,0,0,0,0,0,0,0,0,0,0,0,0,0,0,0,0
0,0,0,0,0,0,0,0,0,0,0,0,0,0,0,0,0,0,0,0,0,0
0,0,0,0,0,0,0,0,0,0,0,0,0,0,0,0,0,0,0,0,0,0
0,0,0,0,0,0,0,0,0,0,0,0,0,0,0,0,0,0,0,0,0,0
0,0,0,0,0,0,0,0,0,0,0,0,0,0,0,0,0,0,0,0,0,0
0,0,0,0,0,0,0,0,0,0,0,0,0,0,0,0,0,0,0,0,0,0
0,0,0,0,0,0,0,0,0,0,0,0,0,0,0,0,0,0,0,0,0,0
0,0,0,0,0,0,0,0,0,0,0,0,0,0,0,0,0,0,0,0,0,0
0,0,0,0,0,0,0,0,0,0,0,0,0,0.0011,1.00E-04,2.00E-04,0,0,0,0,0,0
0,0,0,0.4439,0.0166,0.0011,0.0156,0.005,0.0026,0,0.1056,0.1056,0.0012,0.1051,0.1575,0.1453,0,0.001,0.1048,0.0131,0,0
0,0,0,0.9861,0.0906,0.0797,0.12,0.1606,0.0771,0,0.3864,0.3864,0.0516,0.4547,0.4401,0.3672,0.0024,0.3012,0.3027,0.1769,0.0031,0.1116
0.0822,0.0288,0.0288,1.4074,0.2815,0.2176,0.3552,0.3964,0.1874,0.0032,0.7272,0.7272,0.1188,0.6172,0.7395,0.5368,0.15,0.9361,0.5572,0.4054,0.1926,0.3216
0.3386,0.3324,0.3324,1.6947,0.4487,0.31,0.792,0.6147,0.3936,0.0548,0.8724,0.8724,0.1656,0.7389,0.8791,0.6573,0.274,1.4476,0.7607,0.5759,0.4646,0.5052
0.5051,0.5964,0.5964,1.8518,0.6165,0.4078,0.8904,0.6873,0.4802,0.1473,0.9096,0.9096,0.204,0.8708,0.9267,0.7118,0.3078,1.8225,0.8963,0.7895,0.6933,0.6456
0.544,0.7788,0.7788,1.8838,0.5168,0.4416,0.8076,0.7426,0.4027,0.2673,0.8808,0.8808,0.186,0.9386,0.9028,0.6772,0.3941,2.0704,0.9204,0.9016,0.8436,0.6972
0.6838,0.8916,0.8916,1.7888,0.367,0.4219,0.5664,0.7752,0.2721,0.4982,0.798,0.798,0.192,0.8813,0.8156,0.6131,0.4022,2.0398,0.8839,0.8991,0.9166,0.696
0.8335,0.9348,0.9348,1.5713,0.379,0.3788,0.3648,0.6694,0.1981,0.6318,0.6384,0.6384,0.1968,0.738,0.6527,0.4914,0.4358,1.8472,0.7789,0.7988,0.9228,0.5952
0.7883,0.9132,0.9132,1.2473,0.2861,0.2383,0.1032,0.5741,0.1514,0.6628,0.3756,0.3756,0.1464,0.4843,0.3732,0.308,0.3862,1.4378,0.594,0.6,0.8152,0.4176
0.6388,0.8136,0.8136,0.7691,0.0839,0.14,0.0504,0.4362,0.0948,0.5681,0.0972,0.0972,0.0828,0.1381,0.0814,0.0794,0.2974,1.003,0.3,0.3244,0.6862,0.1632
0.5234,0.6192,0.6192,0.1981,0,0.0656,0.0072,0.1951,0.0326,0.3946,0,0,0.0216,0.0071,6.00E-04,0.0057,0.1567,0.5762,0.0593,0.0812,0.6035,0.0624
0.3921,0.3984,0.3984,0.0002,0,0.0077,0,0.0152,3.00E-04,0.2642,0,0,0,0,0,0,0.0483,0.134,0,3.00E-04,0.3564,0.0108
0.1263,0.1548,0.1548,0,0,0,0,0,0,0.1092,0,0,0,0,0,0,0,0.0059,0,0,0.0697,0
0,0.0048,0.0048,0,0,0,0,0,0,0.0019,0,0,0,0,0,0,0,0,0,0,1.00E-04,0
0,0,0,0,0,0,0,0,0,0,0,0,0,0,0,0,0,0,0,0,0,0
0,0,0,0,0,0,0,0,0,0,0,0,0,0,0,0,0,0,0,0,0,0
0,0,0,0,0,0,0,0,0,0,0,0,0,0,0,0,0,0,0,0,0,0
0,0,0,0,0,0,0,0,0,0,0,0,0,0,0,0,0,0,0,0,0,0
0,0,0,0,0,0,0,0,0,0,0,0,0,0,0,0,0,0,0,0,0,0
0,0,0,0,0,0,0,0,0,0,0,0,0,0,0,0,0,0,0,0,0,0
0,0,0,0,0,0,0,0,0,0,0,0,0,0,0,0,0,0,0,0,0,0
0,0,0,0,0,0,0,0,0,0,0,0,0,0,0,0,0,0,0,0,0,0
0,0,0,0,0,0,0,0,0,0,0,0,0,0,0,0,0,0,0,0,0,0
0,0,0,0.0024,0,0,0,0,0,0,0,0,0,0.0011,0,1.00E-04,0,0,0,0,0,0
0,0,0,0.427,0.0255,0.0017,0.0048,3.00E-04,0,0,0.0096,0.0096,0,0.0886,0.0168,0.022,0,0.0003,0.0701,0.0178,0,0
0,0,0,0.9665,0.1039,0.1103,0.0696,0.0789,0.1065,0,0.0204,0.0204,0.0288,0.2208,0.05,0.0861,0.0131,0.4411,0.2507,0.1522,0.0016,0.0324
0.1202,0.0336,0.0336,1.3935,0.2074,0.2669,0.1764,0.2282,0.3757,0.0119,0.0732,0.0732,0.078,0.3414,0.112,0.1913,0.3502,1.299,0.4087,0.3231,0.2073,0.1284
0.4512,0.3168,0.3168,1.6837,0.2269,0.4235,0.1548,0.3643,0.5762,0.1143,0.168,0.168,0.138,0.5186,0.2124,0.3456,0.6512,2.0368,0.4714,0.4792,0.4904,0.3036
0.7105,0.5868,0.5868,1.8378,0.2104,0.5243,0.2388,0.5126,0.7053,0.2803,0.18,0.18,0.1848,0.5755,0.2559,0.4582,0.8754,2.5273,0.4723,0.6234,0.7251,0.5208
0.8894,0.78,0.78,1.8747,0.1858,0.5971,0.282,0.6627,0.697,0.4237,0.2196,0.2196,0.246,0.4195,0.264,0.4316,0.9993,2.6784,0.4884,0.7224,0.8723,0.6204
0.9786,0.9,0.9,1.7947,0.155,0.564,0.2796,0.6568,0.6234,0.5454,0.12,0.12,0.2472,0.2311,0.1905,0.3371,0.9999,2.5337,0.4653,0.7598,0.9397,0.5736
0.998,0.9516,0.9516,1.594,0.0987,0.4999,0.228,0.5631,0.5793,0.5554,0.0756,0.0756,0.2124,0.1587,0.146,0.2971,0.9999,2.2063,0.3585,0.6754,0.9554,0.4752
0.9848,0.9408,0.9408,1.2586,0.0464,0.4436,0.204,0.4444,0.4614,0.3602,0.0444,0.0444,0.1596,0.1034,0.1014,0.2053,0.9836,1.8948,0.2154,0.4837,0.9197,0.3912
0.8828,0.8688,0.8688,0.7826,0.0115,0.3155,0.1512,0.3025,0.2886,0.2762,0.012,0.012,0.0936,0.0359,0.0286,0.0888,0.8323,1.5196,0.1044,0.2849,0.8149,0.282
0.7097,0.7284,0.7284,0.212,0,0.1577,0.0384,0.1502,0.0968,0.2031,0,0,0.036,0.0019,0,0.0123,0.6043,0.8795,0.0168,0.0984,0.6333,0.15
0.4578,0.516,0.516,0.0004,0,0.0176,0,0.0188,0.0051,0.0973,0,0,0,0,0,0,0.2911,0.1947,0,6.00E-04,0.3958,0.0312
0.1451,0.2256,0.2256,0,0,0,0,0,0,0.0227,0,0,0,0,0,0,0.0143,0.0106,0,0,0.1069,0
0,0.0072,0.0072,0,0,0,0,0,0,3.00E-04,0,0,0,0,0,0,0,0,0,0,2.00E-04,0
0,0,0,0,0,0,0,0,0,0,0,0,0,0,0,0,0,0,0,0,0,0
0,0,0,0,0,0,0,0,0,0,0,0,0,0,0,0,0,0,0,0,0,0
0,0,0,0,0,0,0,0,0,0,0,0,0,0,0,0,0,0,0,0,0,0
0,0,0,0,0,0,0,0,0,0,0,0,0,0,0,0,0,0,0,0,0,0
0,0,0,0,0,0,0,0,0,0,0,0,0,0,0,0,0,0,0,0,0,0
0,0,0,0,0,0,0,0,0,0,0,0,0,0,0,0,0,0,0,0,0,0
0,0,0,0,0,0,0,0,0,0,0,0,0,0,0,0,0,0,0,0,0,0
0,0,0,0,0,0,0,0,0,0,0,0,0,0,0,0,0,0,0,0,0,0
0,0,0,0,0,0,0,0,0,0,0,0,0,0,0,0,0,0,0,0,0,0
0,0,0,0,0.0186,0,0,0,0,0,0.0084,0.0084,0,0.0011,0.0045,0.0012,0,0,0,0,0,0
0,0,0,0.3561,0.2385,0.0154,0.0156,0.002,0.0023,0,0.2292,0.2292,0.0168,0.0845,0.2053,0.1514,0,0.0013,0.1884,0.0515,0,0
0,0,0,0.8871,0.4542,0.2471,0.102,0.1024,0.2081,0,0.4464,0.4464,0.2724,0.3533,0.4475,0.429,0.0132,0.522,0.4738,0.3274,0.002,0.042
0.1039,0.0288,0.0288,1.3137,0.5963,0.5152,0.2052,0.2564,0.4907,0.0047,0.6432,0.6432,0.5868,0.7426,0.6706,0.6405,0.3371,1.3645,0.7638,0.6006,0.2008,0.1524
0.3578,0.3,0.3,1.5728,0.6733,0.7419,0.3132,0.5158,0.7121,0.0356,0.6984,0.6984,0.8124,0.921,0.7444,0.6994,0.6264,2.0843,0.9232,0.771,0.4697,0.2676
0.5659,0.5628,0.5628,1.628,0.7093,0.8322,0.3876,0.7864,0.8843,0.1004,0.732,0.732,0.9768,0.9991,0.7529,0.691,0.84,2.5839,0.9502,0.836,0.7018,0.366
0.7405,0.7596,0.7596,1.6591,0.6918,0.8841,0.4212,0.7636,0.9502,0.1978,0.7164,0.7164,1,0.9991,0.7007,0.6705,0.9706,2.8111,0.9023,0.858,0.8542,0.4032
0.8865,0.8844,0.8844,1.3989,0.5567,0.9119,0.5028,0.5028,0.9678,0.3246,0.6036,0.6036,1,0.931,0.6001,0.5992,1,2.7829,0.8498,0.8777,0.9279,0.3192
0.9051,0.942,0.942,1.0572,0.3655,0.8778,0.4836,0.4252,0.9179,0.4023,0.5004,0.5004,0.9408,0.8231,0.4935,0.5258,1,2.6404,0.7386,0.8379,0.9456,0.2172
0.8927,0.96,0.96,0.5779,0.2145,0.7183,0.3804,0.3869,0.7801,0.4139,0.3384,0.3384,0.7788,0.6012,0.3425,0.3745,0.9429,2.3186,0.5377,0.6984,0.9094,0.2136
0.8186,0.8892,0.8892,0.251,0.0552,0.488,0.1704,0.3074,0.5614,0.3722,0.1104,0.1104,0.5328,0.2768,0.1286,0.1726,0.8012,1.7978,0.2956,0.4519,0.81,0.2004
0.658,0.7524,0.7524,0.0448,0,0.224,0.042,0.151,0.2311,0.2941,0,0,0.21,0.0159,0.0034,0.0219,0.5761,1.047,0.067,0.1548,0.6378,0.132
0.4156,0.5436,0.5436,0.0001,0,0.0218,0,0.0203,0.0201,0.2063,0,0,0,0,0,0,0.2728,0.2418,0,8.00E-04,0.3939,0.0348
0.1322,0.258,0.258,0,0,0,0,0,0,0.078,0,0,0,0,0,0,0.0143,0.0097,0,0,0.1105,0
0,0.012,0.012,0,0,0,0,0,0,0.001,0,0,0,0,0,0,0,0,0,0,3.00E-04,0
0,0,0,0,0,0,0,0,0,0,0,0,0,0,0,0,0,0,0,0,0,0
0,0,0,0,0,0,0,0,0,0,0,0,0,0,0,0,0,0,0,0,0,0
0,0,0,0,0,0,0,0,0,0,0,0,0,0,0,0,0,0,0,0,0,0
0,0,0,0,0,0,0,0,0,0,0,0,0,0,0,0,0,0,0,0,0,0
0,0,0,0,0,0,0,0,0,0,0,0,0,0,0,0,0,0,0,0,0,0
0,0,0,0,0,0,0,0,0,0,0,0,0,0,0,0,0,0,0,0,0,0
0,0,0,0,0,0,0,0,0,0,0,0,0,0,0,0,0,0,0,0,0,0
0,0,0,0,0,0,0,0,0,0,0,0,0,0,0,0,0,0,0,0,0,0
0,0,0,0,0,0,0,0,0,0,0,0,0,0,0,0,0,0,0,0,0,0
0,0,0,0,0.0434,0,0,0,0,0,0.018,0.018,0,0.0091,0.0107,0.0035,0,0,0,2.00E-04,0,0
0,0,0,0.1357,0.4009,0.0239,0.0336,0.0111,0.0049,0,0.36,0.36,0.024,0.3064,0.3192,0.2263,0,0.0021,0.0531,0.0679,0,0
0,0,0,0.4699,0.694,0.2974,0.2988,0.2097,0.2019,0,0.654,0.654,0.3396,0.5801,0.6139,0.5377,0.018,0.4788,0.2075,0.406,0.004,0.132
0.0807,0.042,0.042,0.9533,0.9017,0.5841,0.6828,0.5083,0.3734,0.0034,0.8664,0.8664,0.6156,0.7759,0.833,0.7771,0.3623,1.3452,0.4949,0.6731,0.2088,0.4056
0.3014,0.3612,0.3612,1.3535,1,0.7943,0.8508,0.6889,0.5685,0.0483,0.9972,0.9972,0.81,0.9098,0.9691,0.9348,0.6668,2.0722,0.662,0.8668,0.4747,0.642
0.5781,0.636,0.636,1.4393,1,0.9307,0.966,0.7036,0.7491,0.149,1,1,0.942,0.9869,1,0.9995,0.8908,2.5328,0.6715,0.9841,0.7028,0.7296
0.817,0.8304,0.8304,1.27,1,0.9787,1,0.6918,0.818,0.3092,1,1,0.9912,0.9971,1,1,0.9991,2.7646,0.6774,0.9944,0.8537,0.78
0.977,0.948,0.948,1.0948,0.9347,0.9751,0.9804,0.6101,0.7856,0.409,0.96,0.96,0.9684,0.9414,0.9597,0.9716,1,2.7427,0.6246,0.9899,0.925,0.6336
0.9921,0.9972,0.9972,0.8532,0.7634,0.9051,0.8676,0.548,0.7409,0.4855,0.8028,0.8028,0.8904,0.8171,0.8102,0.8467,1,2.5989,0.5064,0.9063,0.9427,0.54
0.9953,0.9828,0.9828,0.5997,0.5251,0.7563,0.6672,0.4621,0.6284,0.4764,0.564,0.564,0.726,0.6171,0.5809,0.6404,0.9988,2.283,0.4337,0.7444,0.9037,0.4524
0.9149,0.9024,0.9024,0.3675,0.1945,0.5333,0.3828,0.3082,0.4235,0.3592,0.2532,0.2532,0.4884,0.327,0.2804,0.3601,0.8564,1.7359,0.3015,0.5061,0.8087,0.2988
0.7328,0.7548,0.7548,0.0721,5.00E-04,0.2409,0.0876,0.1636,0.1797,0.2844,0.006,0.006,0.186,0.0358,0.0169,0.0667,0.6191,1.0138,0.0724,0.1984,0.6376,0.174
0.4711,0.5316,0.5316,0.0002,0,0.0195,0,0.0232,0.015,0.19,0,0,0,0,0,0,0.3042,0.2361,0,9.00E-04,0.3919,0.042
0.136,0.2052,0.2052,0,0,0,0,0,0,0.0908,0,0,0,0,0,0,0.0179,0.0104,0,0,0.1052,0
0,0.006,0.006,0,0,0,0,0,0,0.0025,0,0,0,0,0,0,0,0,0,0,2.00E-04,0
0,0,0,0,0,0,0,0,0,0,0,0,0,0,0,0,0,0,0,0,0,0
0,0,0,0,0,0,0,0,0,0,0,0,0,0,0,0,0,0,0,0,0,0
0,0,0,0,0,0,0,0,0,0,0,0,0,0,0,0,0,0,0,0,0,0
0,0,0,0,0,0,0,0,0,0,0,0,0,0,0,0,0,0,0,0,0,0
0,0,0,0,0,0,0,0,0,0,0,0,0,0,0,0,0,0,0,0,0,0
0,0,0,0,0,0,0,0,0,0,0,0,0,0,0,0,0,0,0,0,0,0
0,0,0,0,0,0,0,0,0,0,0,0,0,0,0,0,0,0,0,0,0,0
0,0,0,0,0,0,0,0,0,0,0,0,0,0,0,0,0,0,0,0,0,0
0,0,0,0,0,0,0,0,0,0,0,0,0,0,0,0,0,0,0,0,0,0
0,0,0,0,0.033,0,0,0,0,0,0.0096,0.0096,0,0.0103,0.0051,0.0016,0,0,0,2.00E-04,0,0
0,0,0,0.1423,0.3306,0.0117,0.054,0.0021,0.0051,0,0.1992,0.1992,0.0288,0.297,0.1574,0.118,0,0.0005,0.0222,0.0308,0,0
0,0,0,0.3859,0.6079,0.2304,0.3276,0.0719,0.2122,0,0.5868,0.5868,0.3588,0.5734,0.5696,0.4747,0.012,0.4329,0.083,0.2104,0.0019,0.036
0.0214,0.0012,0.0012,0.6325,0.8028,0.5433,0.6516,0.2016,0.4925,0.0036,0.8112,0.8112,0.6432,0.7701,0.8023,0.7277,0.2483,1.2165,0.1435,0.4806,0.1675,0.1308
0.1424,0.0444,0.0444,0.8841,0.912,0.8146,0.8556,0.3847,0.7046,0.1646,0.9408,0.9408,0.8316,0.8654,0.9339,0.8955,0.5329,1.9498,0.22,0.7404,0.4483,0.2664
0.3307,0.1308,0.1308,1.205,0.8991,0.9397,0.9708,0.4618,0.8847,0.4502,0.9936,0.9936,0.9132,0.9031,0.9906,0.9702,0.7666,2.4097,0.2755,0.8638,0.6743,0.354
0.5305,0.2868,0.2868,1.42,0.8759,0.9783,1,0.5272,0.9769,0.6907,0.9804,0.9804,0.936,0.8823,0.9792,0.9759,0.9153,2.6659,0.3372,0.9124,0.8279,0.4368
0.6783,0.4308,0.4308,1.3615,0.7958,0.9819,0.8448,0.5992,0.9921,0.8532,0.9,0.9,0.948,0.7818,0.9024,0.9179,0.9899,2.7308,0.369,0.8869,0.9078,0.4416
0.7339,0.51,0.51,0.9533,0.6221,0.9334,0.5568,0.5021,0.952,0.9335,0.7476,0.7476,0.9192,0.5723,0.7533,0.7881,0.9648,2.5601,0.3345,0.7526,0.929,0.4284
0.7132,0.522,0.522,0.5938,0.3219,0.7839,0.3072,0.3996,0.8043,0.9338,0.5148,0.5148,0.7644,0.2437,0.5266,0.579,0.8046,2.1819,0.2832,0.5945,0.8881,0.414
0.6298,0.438,0.438,0.3808,0.0949,0.5485,0.1716,0.2797,0.582,0.8504,0.2052,0.2052,0.5256,0.0786,0.2311,0.3083,0.6239,1.6246,0.1808,0.3151,0.7761,0.3072
0.4798,0.2916,0.2916,0.1344,0,0.2495,0.06,0.1451,0.2827,0.6533,0.0024,0.0024,0.2052,0.0052,0.0113,0.054,0.4546,0.8983,0.0387,0.1169,0.5941,0.1728
0.283,0.1812,0.1812,0,0,0.0218,0,0.0225,0.0268,0.389,0,0,0.0012,0,0,0,0.2131,0.1946,0,0,0.3543,0.042
0.0539,0.0744,0.0744,0,0,0,0,0,1.00E-04,0.1323,0,0,0,0,0,0,0.0095,0.0044,0,0,0.0899,0
0,0.0012,0.0012,0,0,0,0,0,0,0.0056,0,0,0,0,0,0,0,0,0,0,0,0
0,0,0,0,0,0,0,0,0,0,0,0,0,0,0,0,0,0,0,0,0,0
0,0,0,0,0,0,0,0,0,0,0,0,0,0,0,0,0,0,0,0,0,0
0,0,0,0,0,0,0,0,0,0,0,0,0,0,0,0,0,0,0,0,0,0
0,0,0,0,0,0,0,0,0,0,0,0,0,0,0,0,0,0,0,0,0,0
0,0,0,0,0,0,0,0,0,0,0,0,0,0,0,0,0,0,0,0,0,0
0,0,0,0,0,0,0,0,0,0,0,0,0,0,0,0,0,0,0,0,0,0
0,0,0,0,0,0,0,0,0,0,0,0,0,0,0,0,0,0,0,0,0,0
0,0,0,0,0,0,0,0,0,0,0,0,0,0,0,0,0,0,0,0,0,0
0,0,0,0,0,0,0,0,0,0,0,0,0,0,0,0,0,0,0,0,0,0
0,0,0,0.0024,0.0248,0,0,0,0,0,0.0144,0.0144,0,0.0103,0.0093,0.0045,0,0,0,2.00E-04,0,0
0,0,0,0.3938,0.2663,0.013,0.0576,0.0126,0.0016,0,0.2844,0.2844,0.0084,0.3053,0.2845,0.2316,0,0.0018,0.113,0.049,0,0
0,0,0,0.9069,0.5296,0.1529,0.2604,0.2107,0.0692,0,0.5832,0.5832,0.156,0.6056,0.585,0.5373,0.0106,0.1678,0.4037,0.2741,0.0035,0.126
0.0624,0.0348,0.0348,1.3401,0.7178,0.4006,0.4608,0.4457,0.1544,0.0044,0.816,0.816,0.45,0.8216,0.8195,0.7741,0.1951,0.6045,0.6626,0.5289,0.1466,0.342
0.3134,0.2952,0.2952,1.6047,0.8842,0.5822,0.5688,0.6037,0.2209,0.0809,0.9648,0.9648,0.5292,0.9652,0.964,0.9235,0.389,1.0923,0.8447,0.7297,0.4094,0.5316
0.5983,0.5976,0.5976,1.7438,0.9456,0.6582,0.642,0.6688,0.3019,0.2206,1,1,0.4236,0.9981,1,0.9534,0.4723,1.3627,0.9411,0.8096,0.5975,0.6516
0.754,0.8136,0.8136,1.7668,0.9542,0.721,0.7992,0.7032,0.3763,0.3374,1,1,0.4464,0.9988,1,0.9763,0.5801,1.4817,0.9158,0.8075,0.7739,0.714
0.8356,0.9372,0.9372,1.6599,0.8929,0.7169,0.81,0.7219,0.3826,0.4539,0.9312,0.9312,0.4872,0.9723,0.9429,0.9373,0.491,1.5794,0.8489,0.7397,0.9312,0.7068
0.8572,0.9924,0.9924,1.4808,0.7289,0.6057,0.6888,0.6502,0.3481,0.4833,0.7596,0.7596,0.4284,0.8355,0.7823,0.7875,0.4528,1.5109,0.7639,0.5919,0.9807,0.672
0.8269,0.9804,0.9804,1.1566,0.4495,0.431,0.342,0.5311,0.3276,0.3869,0.414,0.414,0.3852,0.6212,0.4892,0.5991,0.4121,1.1162,0.5733,0.4534,0.9402,0.5748
0.7219,0.8916,0.8916,0.711,0.1393,0.2366,0.102,0.3907,0.26,0.2612,0.126,0.126,0.324,0.3288,0.1966,0.2924,0.2993,0.6808,0.2978,0.277,0.8384,0.3924
0.5598,0.7368,0.7368,0.1904,0,0.0909,0.0144,0.1899,0.1253,0.1683,0.0024,0.0024,0.1332,0.0403,0.0127,0.0369,0.1875,0.3829,0.0626,0.1003,0.6555,0.1644
0.3789,0.5076,0.5076,0.0003,0,0.0023,0,0.0213,0.0062,0.0805,0,0,0,0,0,0,0.0943,0.1161,0,4.00E-04,0.402,0.0312
0.1288,0.2172,0.2172,0,0,0,0,0,0,0.0267,0,0,0,0,0,0,0.006,0.0093,0,0,0.1101,0
0,0.0096,0.0096,0,0,0,0,0,0,4.00E-04,0,0,0,0,0,0,0,0,0,0,3.00E-04,0
0,0,0,0,0,0,0,0,0,0,0,0,0,0,0,0,0,0,0,0,0,0
0,0,0,0,0,0,0,0,0,0,0,0,0,0,0,0,0,0,0,0,0,0
0,0,0,0,0,0,0,0,0,0,0,0,0,0,0,0,0,0,0,0,0,0
0,0,0,0,0,0,0,0,0,0,0,0,0,0,0,0,0,0,0,0,0,0
0,0,0,0,0,0,0,0,0,0,0,0,0,0,0,0,0,0,0,0,0,0
0,0,0,0,0,0,0,0,0,0,0,0,0,0,0,0,0,0,0,0,0,0
0,0,0,0,0,0,0,0,0,0,0,0,0,0,0,0,0,0,0,0,0,0
0,0,0,0,0,0,0,0,0,0,0,0,0,0,0,0,0,0,0,0,0,0
0,0,0,0,0,0,0,0,0,0,0,0,0,0,0,0,0,0,0,0,0,0
0,0,0,0.0047,4.00E-04,0,0,0,0,0,0,0,0,0.008,0.0035,0.004,0,0,0,1.00E-04,0,0
0,0,0,0.42,0.0242,0.0176,0.018,0.0079,0.0037,0,0.0804,0.0804,0.0132,0.2142,0.1527,0.164,0,0.0024,0.0974,0.0727,0,0
0,0,0,0.943,0.1173,0.2151,0.1188,0.1926,0.1317,0,0.3228,0.3228,0.1764,0.5027,0.4049,0.4087,0.0178,0.3848,0.3104,0.3803,0.005,0.1668
0.0745,0.036,0.036,1.3586,0.2717,0.4641,0.2772,0.4693,0.3831,0.0116,0.4584,0.4584,0.3864,0.7234,0.5666,0.6068,0.2943,1.1247,0.5167,0.6494,0.1803,0.4212
0.2793,0.3192,0.3192,1.6455,0.3333,0.646,0.4368,0.6837,0.6218,0.0745,0.5628,0.5628,0.5088,0.8555,0.6623,0.7008,0.5641,1.7535,0.6295,0.8345,0.4733,0.6312
0.46,0.6144,0.6144,1.7911,0.3092,0.8258,0.5868,0.8167,0.6921,0.185,0.4932,0.4932,0.7884,0.9374,0.6776,0.7394,0.6311,2.1748,0.6781,0.9433,0.7066,0.7428
0.6019,0.8172,0.8172,1.8094,0.2757,0.889,0.672,0.8511,0.736,0.2924,0.4896,0.4896,0.8592,0.9441,0.6636,0.7161,0.6498,2.3468,0.7091,0.9844,0.8613,0.7584
0.7085,0.9432,0.9432,1.735,0.2269,0.8637,0.5448,0.8416,0.7174,0.4174,0.3984,0.3984,0.8136,0.8769,0.536,0.6095,0.4796,2.4326,0.6416,0.9615,0.9449,0.7152
0.7652,0.9912,0.9912,1.5078,0.1563,0.7809,0.4908,0.7667,0.5994,0.5322,0.282,0.282,0.6828,0.7449,0.4121,0.5305,0.3545,2.3095,0.5543,0.8689,0.9614,0.6324
0.7992,0.966,0.966,1.1782,0.0901,0.5649,0.3324,0.6378,0.3755,0.5175,0.1968,0.1968,0.3936,0.5422,0.3186,0.4128,0.2238,2.0011,0.4531,0.7099,0.9225,0.5256
0.7226,0.8832,0.8832,0.7129,0.0268,0.3011,0.1716,0.4564,0.2039,0.4333,0.0912,0.0912,0.1776,0.2687,0.1701,0.2298,0.1647,1.379,0.2846,0.4765,0.8281,0.3828
0.5176,0.7428,0.7428,0.2294,0,0.1297,0.0396,0.2415,0.0678,0.304,0.0036,0.0036,0.0648,0.031,0.0155,0.0447,0.1149,0.8196,0.0753,0.1912,0.6514,0.2412
0.3279,0.546,0.546,0.0003,0,0.0104,0,0.0405,0.0052,0.1938,0,0,0,0,0,0,0.0501,0.2216,0,0.003,0.4044,0.0756
0.1274,0.258,0.258,0,0,0,0,0,0,0.0709,0,0,0,0,0,0,0.0013,0.0091,0,0,0.1212,0
7.00E-04,0.018,0.018,0,0,0,0,0,0,0.0035,0,0,0,0,0,0,0,0,0,0,5.00E-04,0
0,0,0,0,0,0,0,0,0,0,0,0,0,0,0,0,0,0,0,0,0,0
0,0,0,0,0,0,0,0,0,0,0,0,0,0,0,0,0,0,0,0,0,0
0,0,0,0,0,0,0,0,0,0,0,0,0,0,0,0,0,0,0,0,0,0
0,0,0,0,0,0,0,0,0,0,0,0,0,0,0,0,0,0,0,0,0,0
0,0,0,0,0,0,0,0,0,0,0,0,0,0,0,0,0,0,0,0,0,0
0,0,0,0,0,0,0,0,0,0,0,0,0,0,0,0,0,0,0,0,0,0
0,0,0,0,0,0,0,0,0,0,0,0,0,0,0,0,0,0,0,0,0,0
0,0,0,0,0,0,0,0,0,0,0,0,0,0,0,0,0,0,0,0,0,0
0,0,0,0,0,0,0,0,0,0,0,0,0,0,0,0,0,0,0,0,0,0
0,0,0,0.0047,0.0173,0,0,0,0,0,0.0096,0.0096,0,0.0091,0.0071,0.0037,0,0,0,2.00E-04,0,0
0,0,0,0.3419,0.1696,0.0049,0.0132,0.0122,0.0019,0,0.1656,0.1656,0.0096,0.1978,0.1767,0.1307,0,0.0023,0.0113,0.0137,0,0.0012
0,0,0,0.7874,0.3834,0.0842,0.1176,0.193,0.0519,0,0.3576,0.3576,0.108,0.3114,0.4034,0.3308,0.004,0.2462,0.0745,0.0652,0.0048,0.1608
0.1243,0.0552,0.0552,1.1134,0.565,0.1377,0.2388,0.4346,0.1158,0.0096,0.4188,0.4188,0.0756,0.3711,0.5395,0.4864,0.1144,0.7161,0.3207,0.1735,0.2063,0.4248
0.4303,0.3576,0.3576,1.4515,0.7189,0.2552,0.2568,0.6756,0.1963,0.0615,0.4824,0.4824,0.3072,0.3032,0.5537,0.4942,0.3395,1.1379,0.5743,0.3901,0.5146,0.6372
0.7062,0.6324,0.6324,1.7582,0.6768,0.1918,0.3168,0.8209,0.3041,0.1559,0.456,0.456,0.12,0.3473,0.5203,0.5672,0.5584,1.5176,0.6252,0.6184,0.7645,0.7776
0.8227,0.8376,0.8376,1.8636,0.6182,0.2388,0.5316,0.8854,0.328,0.2576,0.3936,0.3936,0.1224,0.326,0.4199,0.3774,0.735,1.9148,0.5782,0.7177,0.9315,0.8448
0.8896,0.9612,0.9612,1.7846,0.4842,0.3588,0.1872,0.8723,0.2567,0.3125,0.3324,0.3324,0.1188,0.3511,0.3611,0.3323,0.8523,2.3982,0.5534,0.7388,0.9968,0.8184
0.9047,1,1,1.559,0.3764,0.5384,0.144,0.7585,0.2467,0.3139,0.3084,0.3084,0.2388,0.4003,0.3132,0.2982,0.7818,2.6515,0.4229,0.6357,0.9955,0.7092
0.8768,1,1,1.043,0.2266,0.4741,0.114,0.6044,0.2469,0.2909,0.1164,0.1164,0.2892,0.1836,0.1469,0.165,0.5329,2.3398,0.2951,0.4546,0.9756,0.4884
0.7928,0.9372,0.9372,0.4663,0.0644,0.2965,0.0432,0.4161,0.1984,0.2306,0.0408,0.0408,0.0924,0.0375,0.0256,0.0467,0.3485,1.7856,0.1356,0.2142,0.8618,0.3072
0.6221,0.7932,0.7932,0.1341,0,0.1632,0.0036,0.2139,0.1164,0.1746,0,0,0.018,0.0023,0,0.0105,0.2207,1.0348,0.0352,0.0627,0.6862,0.1692
0.3973,0.5724,0.5724,0.0001,0,0.0281,0,0.0308,0.0188,0.1081,0,0,0,0,0,0,0.0973,0.2599,0,1.00E-04,0.4416,0.042
0.1482,0.2748,0.2748,0,0,0,0,0,0,0.0379,0,0,0,0,0,0,0.0085,0.0091,0,0,0.146,0
7.00E-04,0.0216,0.0216,0,0,0,0,0,0,9.00E-04,0,0,0,0,0,0,0,0,0,0,6.00E-04,0
0,0,0,0,0,0,0,0,0,0,0,0,0,0,0,0,0,0,0,0,0,0
0,0,0,0,0,0,0,0,0,0,0,0,0,0,0,0,0,0,0,0,0,0
0,0,0,0,0,0,0,0,0,0,0,0,0,0,0,0,0,0,0,0,0,0
0,0,0,0,0,0,0,0,0,0,0,0,0,0,0,0,0,0,0,0,0,0
0,0,0,0,0,0,0,0,0,0,0,0,0,0,0,0,0,0,0,0,0,0
0,0,0,0,0,0,0,0,0,0,0,0,0,0,0,0,0,0,0,0,0,0
0,0,0,0,0,0,0,0,0,0,0,0,0,0,0,0,0,0,0,0,0,0
0,0,0,0,0,0,0,0,0,0,0,0,0,0,0,0,0,0,0,0,0,0
0,0,0,0,0,0,0,0,0,0,0,0,0,0,0,0,0,0,0,0,0,0
0,0,0,0.0071,1.00E-04,0,0,0,0,0,0,0,0,0,0,0,0,0,0,0,0,0
0,0,0,0.4437,0.0146,0.0204,0.1128,0.0069,0.0064,0,0.0096,0.0096,0.0144,0.0279,0.0096,0.053,0,0.0026,0.0268,0.0712,0,0
0,0,0,0.9675,0.0399,0.2438,0.33,0.1157,0.1501,0,0.042,0.042,0.1764,0.0533,0.0618,0.2051,0.0121,0.4834,0.137,0.3653,0.0045,0.0984
0.1206,0.06,0.06,1.3805,0.0742,0.5164,0.5448,0.3111,0.3498,0.005,0.0612,0.0612,0.4008,0.0814,0.2705,0.5265,0.2147,1.3509,0.2616,0.6233,0.2166,0.336
0.3973,0.372,0.372,1.661,0.0978,0.7014,0.606,0.5312,0.5133,0.038,0.1188,0.1188,0.5388,0.1432,0.2885,0.6006,0.4388,2.1153,0.3637,0.8043,0.5209,0.624
0.6367,0.6408,0.6408,1.8095,0.1449,0.7714,0.6876,0.6664,0.612,0.0925,0.4272,0.4272,0.5316,0.1859,0.4475,0.5942,0.6351,2.6054,0.4469,0.9068,0.7593,0.8184
0.811,0.828,0.828,1.8402,0.2165,0.7501,0.5484,0.7432,0.638,0.1584,0.4464,0.4464,0.426,0.2795,0.5306,0.6733,0.731,2.8409,0.4526,0.9335,0.915,0.9444
0.9042,0.9456,0.9456,1.7413,0.2177,0.7604,0.54,0.7475,0.6508,0.2109,0.4236,0.4236,0.5184,0.4185,0.6616,0.7651,0.8021,2.8193,0.4543,0.9381,0.987,0.9696
0.9285,0.9912,0.9912,1.5494,0.3176,0.6724,0.4116,0.6746,0.5625,0.2418,0.6624,0.6624,0.4152,0.3473,0.7434,0.6978,0.859,2.6759,0.3418,0.8543,1,0.9336
0.9102,0.978,0.978,1.2248,0.3498,0.5641,0.2916,0.5599,0.4232,0.2651,0.5136,0.5136,0.3468,0.2973,0.5614,0.5164,0.8421,2.3151,0.2112,0.6875,0.9616,0.8328
0.8077,0.9048,0.9048,0.7786,0.1473,0.366,0.1896,0.4103,0.2692,0.2412,0.2448,0.2448,0.2076,0.151,0.2821,0.2624,0.6989,1.7519,0.1296,0.4513,0.8538,0.6612
0.6479,0.7656,0.7656,0.2339,0.0016,0.1496,0.0516,0.2434,0.1243,0.208,0.0132,0.0132,0.078,0.0097,0.0275,0.0505,0.516,0.9482,0.0218,0.1891,0.6788,0.4152
0.4196,0.5568,0.5568,0.0008,0,0.0186,0,0.0479,0.0157,0.1489,0,0,0,0,0,0,0.2623,0.2584,0,0.005,0.4342,0.1236
0.159,0.2784,0.2784,0,0,0,0,0,0,0.0799,0,0,0,0,0,0,0.0335,0.0123,0,0,0.1429,0
0.0014,0.0252,0.0252,0,0,0,0,0,0,0.006,0,0,0,0,0,0,0,0,0,0,7.00E-04,0
0,0,0,0,0,0,0,0,0,0,0,0,0,0,0,0,0,0,0,0,0,0
0,0,0,0,0,0,0,0,0,0,0,0,0,0,0,0,0,0,0,0,0,0
0,0,0,0,0,0,0,0,0,0,0,0,0,0,0,0,0,0,0,0,0,0
0,0,0,0,0,0,0,0,0,0,0,0,0,0,0,0,0,0,0,0,0,0
0,0,0,0,0,0,0,0,0,0,0,0,0,0,0,0,0,0,0,0,0,0
0,0,0,0,0,0,0,0,0,0,0,0,0,0,0,0,0,0,0,0,0,0
0,0,0,0,0,0,0,0,0,0,0,0,0,0,0,0,0,0,0,0,0,0
0,0,0,0,0,0,0,0,0,0,0,0,0,0,0,0,0,0,0,0,0,0
0,0,0,0,0,0,0,0,0,0,0,0,0,0,0,0,0,0,0,0,0,0
0,0,0,0.0071,0.0056,0,0,0,0,0,0.0012,0.0012,0,0,6.00E-04,0,0,0,0,0,0,0
0,0,0,0.4373,0.053,0.0171,0.1164,0.0275,0.0029,0,0.0384,0.0384,0.006,0.0221,0.0536,0.0692,0,0.0065,0.0691,0.0705,1.00E-04,0.0036
0,0,0,0.9421,0.1135,0.1408,0.3924,0.3057,0.0787,0,0.1032,0.1032,0.0672,0.0756,0.1608,0.2295,0.0336,0.4231,0.3011,0.3843,0.0073,0.2448
0.1421,0.0636,0.0636,1.3285,0.1787,0.3206,0.6012,0.593,0.1947,0.0115,0.1488,0.1488,0.1356,0.1378,0.2818,0.3971,0.356,1.0718,0.5395,0.6506,0.2166,0.54
0.4455,0.3672,0.3672,1.5514,0.1836,0.4746,0.6324,0.8011,0.2916,0.082,0.2124,0.2124,0.1956,0.1969,0.4291,0.5422,0.6428,1.6163,0.6944,0.7742,0.5136,0.7608
0.7023,0.6276,0.6276,1.5117,0.1939,0.5584,0.6468,0.9332,0.3891,0.2091,0.2724,0.2724,0.2712,0.2258,0.5302,0.6403,0.8456,2.2611,0.821,0.79,0.7398,0.9036
0.8781,0.8076,0.8076,1.2829,0.1894,0.5954,0.6624,0.9917,0.4999,0.3884,0.3372,0.3372,0.324,0.257,0.5647,0.645,0.9728,2.7275,0.9102,0.8275,0.887,0.9816
0.962,0.918,0.918,1.0291,0.1734,0.5909,0.7272,0.9969,0.5548,0.52,0.3336,0.3336,0.3444,0.2738,0.5025,0.5625,0.9999,2.678,0.9352,0.8277,0.9491,0.9948
0.9866,0.9636,0.9636,0.9611,0.1325,0.5763,0.6816,0.9369,0.4787,0.6346,0.2388,0.2388,0.3204,0.2652,0.3599,0.4089,0.9999,2.525,0.8381,0.7762,0.9697,0.948
0.9686,0.9516,0.9516,0.8488,0.0832,0.4787,0.4884,0.8105,0.313,0.6798,0.2112,0.2112,0.2736,0.2597,0.2945,0.3141,0.949,2.2564,0.6281,0.6581,0.9339,0.8388
0.8721,0.8808,0.8808,0.5855,0.0432,0.333,0.2616,0.6137,0.2056,0.5831,0.1356,0.1356,0.1764,0.1302,0.1647,0.177,0.805,1.7734,0.353,0.4359,0.833,0.6612
0.7048,0.7476,0.7476,0.2256,7.00E-04,0.1547,0.0696,0.3475,0.0835,0.4572,0.0072,0.0072,0.042,0.0138,0.0181,0.0323,0.5889,1.0629,0.0939,0.1086,0.6633,0.414
0.4645,0.5436,0.5436,0.001,0,0.0243,0,0.0675,0.013,0.3201,0,0,0,0,0,1.00E-04,0.3021,0.3066,0,0.0016,0.423,0.1236
0.1733,0.2628,0.2628,0,0,0,0,0,2.00E-04,0.137,0,0,0,0,0,0,0.0347,0.0117,0,0,0.1326,0
0.0015,0.024,0.024,0,0,0,0,0,0,0.0132,0,0,0,0,0,0,0,0,0,0,7.00E-04,0
0,0,0,0,0,0,0,0,0,0,0,0,0,0,0,0,0,0,0,0,0,0
0,0,0,0,0,0,0,0,0,0,0,0,0,0,0,0,0,0,0,0,0,0
0,0,0,0,0,0,0,0,0,0,0,0,0,0,0,0,0,0,0,0,0,0
0,0,0,0,0,0,0,0,0,0,0,0,0,0,0,0,0,0,0,0,0,0
0,0,0,0,0,0,0,0,0,0,0,0,0,0,0,0,0,0,0,0,0,0
0,0,0,0,0,0,0,0,0,0,0,0,0,0,0,0,0,0,0,0,0,0
0,0,0,0,0,0,0,0,0,0,0,0,0,0,0,0,0,0,0,0,0,0
0,0,0,0,0,0,0,0,0,0,0,0,0,0,0,0,0,0,0,0,0,0
0,0,0,0,0,0,0,0,0,0,0,0,0,0,0,0,0,0,0,0,0,0
0,0,0,0.0119,0.0363,0,0,0,0,0,0.0276,0.0276,0,0.0137,0.0168,0.0051,0,0,0.0018,3.00E-04,0,0
0,0,0,0.5034,0.2495,0.0187,0.0552,0.0276,0.0113,0,0.2964,0.2964,0.0324,0.0669,0.1913,0.085,0,7.70E-03,0.2114,0.0585,1.00E-04,0.0024
0,0,0,1.0575,0.5003,0.2149,0.1932,0.293,0.193,0,0.5916,0.5916,0.264,0.1508,0.3706,0.1928,0.0359,0.547,0.49,0.3512,0.0072,0.2208
0.144,0.0132,0.0132,1.482,0.7222,0.4735,0.318,0.568,0.4109,0.0093,0.8484,0.8484,0.4776,0.2281,0.5307,0.2964,0.3585,1.4223,0.7384,0.6459,0.1439,0.5088
0.4059,0.1164,0.1164,1.7667,0.8565,0.6815,0.4512,0.772,0.5688,0.0355,0.9804,0.9804,0.6504,0.3047,0.605,0.3308,0.6454,2.127,0.8872,0.8173,0.3625,0.726
0.6198,0.3492,0.3492,1.9428,0.9384,0.8244,0.6612,0.9027,0.7082,0.0931,0.9528,0.9528,0.7992,0.46,0.6018,0.375,0.847,2.6014,0.9639,0.9383,0.5742,0.8688
0.764,0.6108,0.6108,1.9798,0.9261,0.8821,0.8376,0.9668,0.7615,0.1885,0.744,0.744,0.8616,0.5752,0.5032,0.399,0.9682,2.8583,0.9803,0.9518,0.6425,0.9468
0.8486,0.7308,0.7308,1.8967,0.8577,0.9,0.8916,0.9695,0.8129,0.3034,0.5172,0.5172,0.9132,0.4961,0.3824,0.3889,1,2.8958,0.9582,0.9294,0.6594,0.9636
0.8642,0.7596,0.7596,1.6864,0.6876,0.862,0.8484,0.9085,0.8079,0.4006,0.3288,0.3288,0.8904,0.3263,0.2809,0.3565,1,2.766,0.8623,0.8666,0.5819,0.9192
0.8297,0.7272,0.7272,1.3465,0.4323,0.7185,0.69,0.7836,0.6576,0.453,0.1956,0.1956,0.7608,0.2808,0.2121,0.3034,0.943,2.4277,0.6944,0.7237,0.4573,0.8136
0.7265,0.6384,0.6384,0.8673,0.1641,0.5078,0.3852,0.5942,0.4326,0.4641,0.0948,0.0948,0.5076,0.2262,0.1179,0.1769,0.8098,1.9074,0.4411,0.5105,0.4799,0.642
0.5487,0.5004,0.5004,0.287,0.0024,0.2366,0.0564,0.3364,0.2096,0.4813,0.0084,0.0084,0.162,0.0342,0.0143,0.038,0.5985,1.1605,0.1339,0.2209,0.5033,0.4032
0.2987,0.3336,0.3336,0.001,0,0.0315,0,0.0666,0.0323,0.3537,0,0,0.0024,0,0,1.00E-04,0.3212,0.3253,0,0.0074,0.3038,0.1212
0.091,0.156,0.156,0,0,0,0,0,1.00E-04,0.1744,0,0,0,0,0,0,0.0454,0.0092,0,0,0.0787,0
0,0.0132,0.0132,0,0,0,0,0,0,0.0158,0,0,0,0,0,0,0,0,0,0,4.00E-04,0
0,0,0,0,0,0,0,0,0,0,0,0,0,0,0,0,0,0,0,0,0,0
0,0,0,0,0,0,0,0,0,0,0,0,0,0,0,0,0,0,0,0,0,0
0,0,0,0,0,0,0,0,0,0,0,0,0,0,0,0,0,0,0,0,0,0
0,0,0,0,0,0,0,0,0,0,0,0,0,0,0,0,0,0,0,0,0,0
0,0,0,0,0,0,0,0,0,0,0,0,0,0,0,0,0,0,0,0,0,0
0,0,0,0,0,0,0,0,0,0,0,0,0,0,0,0,0,0,0,0,0,0
0,0,0,0,0,0,0,0,0,0,0,0,0,0,0,0,0,0,0,0,0,0
0,0,0,0,0,0,0,0,0,0,0,0,0,0,0,0,0,0,0,0,0,0
0,0,0,0,0,0,0,0,0,0,0,0,0,0,0,0,0,0,0,0,0,0
0,0,0,0.0119,0.0934,0,0,0,0,0,0.0444,0.0444,0,0.0252,0.0299,0.0122,0,0,0.003,5.00E-04,0,0
0,0,0,0.4943,0.4431,0.0351,0.084,0.0264,0.0115,0,0.3828,0.3828,0.0324,0.3336,0.3462,0.2476,0,7.50E-03,0.2512,0.1087,1.00E-04,0.0036
0,0,0,1.0419,0.7311,0.2777,0.3588,0.257,0.2024,0,0.6756,0.6756,0.3,0.6261,0.6411,0.5447,0.0182,0.4366,0.5561,0.4251,0.0055,0.1944
0.0939,0.0516,0.0516,1.4705,0.9349,0.5191,0.6,0.5081,0.4156,0.0039,0.8844,0.8844,0.4812,0.8454,0.8568,0.7702,0.2225,1.1555,0.7908,0.6894,0.157,0.4608
0.304,0.3168,0.3168,1.7597,1,0.7204,0.7812,0.6876,0.5451,0.0939,1,1,0.6672,0.9868,0.9859,0.9229,0.4976,1.7977,0.9468,0.8722,0.4123,0.63
0.4851,0.57,0.57,1.9191,1,0.8857,0.834,0.8044,0.7584,0.295,1,1,0.924,1,1,0.991,0.7004,2.2546,1,0.9767,0.643,0.7392
0.6011,0.72,0.72,1.9556,1,0.9069,0.798,0.8513,0.9027,0.5512,1,1,0.9744,1,1,0.9987,0.8606,2.4497,1,0.9983,0.7821,0.8028
0.698,0.8124,0.8124,1.8664,0.9744,0.8526,0.7824,0.8125,0.9329,0.705,0.9624,0.9624,0.9612,0.9848,0.9583,0.9644,0.9748,2.3562,0.9943,0.9878,0.8912,0.6336
0.7181,0.9072,0.9072,1.6517,0.8058,0.748,0.7404,0.7441,0.8677,0.7844,0.7992,0.7992,0.876,0.8445,0.8047,0.8318,0.9817,2.062,0.8797,0.8954,0.9217,0.63
0.6878,0.9276,0.9276,1.3051,0.5559,0.5902,0.6576,0.6034,0.7158,0.7963,0.5628,0.5628,0.7212,0.6279,0.5788,0.6285,0.9168,1.5797,0.6943,0.7355,0.8756,0.5904
0.6615,0.8688,0.8688,0.8276,0.2411,0.3701,0.414,0.4825,0.4377,0.7401,0.2676,0.2676,0.4908,0.3414,0.2893,0.3578,0.7823,1.0111,0.4364,0.5087,0.7663,0.3972
0.5415,0.75,0.75,0.2602,0.0059,0.1539,0.1296,0.2104,0.1622,0.6121,0.0192,0.0192,0.2076,0.0559,0.0319,0.0824,0.5829,0.4947,0.1297,0.2151,0.5999,0.1212
0.3388,0.5532,0.5532,0.0007,0,0.0076,0,0.0305,0.0183,0.4559,0,0,0.0072,0,0,2.00E-04,0.3115,0.144,0,0.0062,0.3857,0.0204
0.1249,0.282,0.282,0,0,0,0,0,0,0.2247,0,0,0,0,0,0,0.0395,0.0068,0,0,0.1287,0
0.0022,0.03,0.03,0,0,0,0,0,0,0.0281,0,0,0,0,0,0,0,0,0,0,8.00E-04,0
0,0,0,0,0,0,0,0,0,0,0,0,0,0,0,0,0,0,0,0,0,0
0,0,0,0,0,0,0,0,0,0,0,0,0,0,0,0,0,0,0,0,0,0
0,0,0,0,0,0,0,0,0,0,0,0,0,0,0,0,0,0,0,0,0,0
0,0,0,0,0,0,0,0,0,0,0,0,0,0,0,0,0,0,0,0,0,0
0,0,0,0,0,0,0,0,0,0,0,0,0,0,0,0,0,0,0,0,0,0
0,0,0,0,0,0,0,0,0,0,0,0,0,0,0,0,0,0,0,0,0,0
0,0,0,0,0,0,0,0,0,0,0,0,0,0,0,0,0,0,0,0,0,0
0,0,0,0,0,0,0,0,0,0,0,0,0,0,0,0,0,0,0,0,0,0
0,0,0,0,0,0,0,0,0,0,0,0,0,0,0,0,0,0,0,0,0,0
0,0,0,0.0047,0.0505,0,0,0,0,0,0.0276,0.0276,0,0.024,0.0194,0.0109,0,0,0,4.00E-04,0,0
0,0,0,0.2849,0.3026,0.0143,0.0408,0.0119,0.0015,0,0.2664,0.2664,0.0096,0.2983,0.2672,0.2016,0,0.0019,0.0735,0.0657,0,0
0,0,0,0.7469,0.6284,0.1251,0.1872,0.102,0.0445,1.00E-04,0.6156,0.6156,0.1116,0.5835,0.6079,0.4884,0.0181,0.2299,0.27,0.3221,0.0045,0.0744
0.121,0.078,0.078,1.121,0.8302,0.257,0.4092,0.24,0.1488,0.0217,0.8292,0.8292,0.3228,0.7943,0.8236,0.7026,0.2305,0.6655,0.4613,0.5618,0.2025,0.2676
0.4012,0.3972,0.3972,1.3292,0.9451,0.4544,0.5748,0.386,0.2355,0.243,0.9624,0.9624,0.6552,0.9291,0.9545,0.8712,0.5508,0.8823,0.5675,0.7031,0.5007,0.5232
0.6804,0.678,0.678,1.5314,0.9922,0.633,0.6816,0.5942,0.3071,0.5256,1,1,0.8544,0.9933,0.9999,0.9531,0.7926,1.1642,0.7523,0.7883,0.7411,0.7452
0.8484,0.8796,0.8796,1.5463,0.981,0.6609,0.7824,0.6334,0.3165,0.7499,1,1,0.8796,0.9905,0.9939,0.89,0.9481,1.4908,0.7758,0.8536,0.9047,0.8184
0.958,0.9996,0.9996,1.4856,0.8945,0.5067,0.6792,0.6298,0.2845,0.8895,0.9252,0.9252,0.72,0.9221,0.8847,0.7536,0.9992,1.409,0.7628,0.7486,0.9795,0.738
0.9671,1,1,1.1445,0.7204,0.3797,0.6,0.5048,0.1925,0.9292,0.7728,0.7728,0.5652,0.7602,0.7242,0.6817,0.8778,1.1495,0.5845,0.4687,0.9939,0.63
0.9569,1,1,0.8469,0.4695,0.3003,0.4824,0.3828,0.1572,0.9176,0.5436,0.5436,0.4776,0.4987,0.5276,0.5019,0.5458,0.9272,0.4545,0.3153,0.9733,0.4956
0.8602,0.9564,0.9564,0.4735,0.177,0.229,0.1212,0.3027,0.1344,0.8548,0.234,0.234,0.288,0.2209,0.2581,0.2403,0.2943,0.7601,0.2184,0.3346,0.8658,0.3552
0.7068,0.8124,0.8124,0.1267,0.004,0.0858,0.0144,0.1697,0.0973,0.6073,0.0144,0.0144,0.0756,0.0311,0.0247,0.0395,0.1706,0.5764,0.0442,0.1761,0.688,0.1908
0.4836,0.5952,0.5952,0.0004,0,0.002,0,0.0282,0.0138,0.277,0,0,0,0,0,2.00E-04,0.09,0.2,0,0.0063,0.4311,0.0432
0.1883,0.3072,0.3072,0,0,0,0,0,2.00E-04,0.0994,0,0,0,0,0,0,0.0157,0.0119,0,0,0.1348,0
0.003,0.0372,0.0372,0,0,0,0,0,0,0.0099,0,0,0,0,0,0,0,0,0,0,0.001,0
0,0,0,0,0,0,0,0,0,0,0,0,0,0,0,0,0,0,0,0,0,0
0,0,0,0,0,0,0,0,0,0,0,0,0,0,0,0,0,0,0,0,0,0
0,0,0,0,0,0,0,0,0,0,0,0,0,0,0,0,0,0,0,0,0,0
0,0,0,0,0,0,0,0,0,0,0,0,0,0,0,0,0,0,0,0,0,0
0,0,0,0,0,0,0,0,0,0,0,0,0,0,0,0,0,0,0,0,0,0
0,0,0,0,0,0,0,0,0,0,0,0,0,0,0,0,0,0,0,0,0,0
0,0,0,0,0,0,0,0,0,0,0,0,0,0,0,0,0,0,0,0,0,0
0,0,0,0,0,0,0,0,0,0,0,0,0,0,0,0,0,0,0,0,0,0
0,0,0,0,0,0,0,0,0,0,0,0,0,0,0,0,0,0,0,0,0,0
0,0,0,0.0047,0.0396,0,0,0,0,0,0.0228,0.0228,0,0.0217,0.0154,0.0091,0,0,6.00E-04,4.00E-04,0,0
0,0,0,0.2945,0.2144,0.0185,0.0072,0.0188,0.0141,0,0.1956,0.1956,0.0468,0.268,0.1804,0.1367,0,0.0026,0.0784,0.0176,1.00E-04,0.0024
0,0,0,0.7415,0.4361,0.1405,0.0324,0.1733,0.2191,2.00E-04,0.4764,0.4764,0.2928,0.5372,0.4494,0.3304,0.0421,0.3129,0.235,0.1177,0.0058,0.156
0.1648,0.0816,0.0816,1.1261,0.7286,0.1553,0.132,0.3499,0.3624,0.0209,0.6972,0.6972,0.2016,0.743,0.6807,0.514,0.359,0.832,0.4703,0.2961,0.1999,0.384
0.4628,0.39,0.39,1.4939,0.8955,0.1927,0.156,0.5128,0.515,0.1681,0.8364,0.8364,0.192,0.8629,0.815,0.6379,0.6613,1.362,0.5997,0.2173,0.4775,0.6108
0.7274,0.6552,0.6552,1.6048,0.9438,0.3031,0.258,0.5897,0.8414,0.4433,0.8904,0.8904,0.3936,0.9317,0.8849,0.6735,0.8856,1.6122,0.7743,0.1823,0.6914,0.7548
0.9069,0.8448,0.8448,1.6613,0.9093,0.6099,0.4932,0.5852,0.9328,0.739,0.9012,0.9012,1,0.9353,0.9116,0.7174,1,1.878,0.8994,0.2118,0.8413,0.8124
0.9903,0.96,0.96,1.6109,0.8151,0.5743,0.4296,0.5532,0.9723,0.8772,0.8508,0.8508,1,0.6723,0.858,0.6269,1,1.7487,0.8119,0.2471,0.9218,0.7128
1,1,1,1.4167,0.6497,0.6312,0.3708,0.4685,0.9405,0.8959,0.7104,0.7104,0.954,0.4283,0.7174,0.5246,1,1.7035,0.6071,0.2531,0.9421,0.612
0.9493,0.9924,0.9924,1.0883,0.4366,0.5298,0.384,0.3796,0.7862,0.902,0.4896,0.4896,0.7956,0.3388,0.4611,0.3529,0.9999,1.438,0.3271,0.1251,0.8892,0.474
0.8142,0.9192,0.9192,0.656,0.1728,0.2909,0.2892,0.2552,0.58,0.8391,0.192,0.192,0.5124,0.1913,0.1754,0.1493,0.8661,1.0843,0.2036,0.0529,0.7875,0.336
0.6384,0.78,0.78,0.1673,0.0043,0.1231,0.0912,0.1129,0.297,0.697,0.0144,0.0144,0.2484,0.0375,0.018,0.0191,0.6488,0.6309,0.0675,0.0179,0.6223,0.1512
0.4326,0.5712,0.5712,0.0001,0,0.0115,0,0.0175,0.0462,0.4763,0,0,0.0144,0,0,0,0.3548,0.1805,0,2.00E-04,0.4031,0.036
0.1746,0.2952,0.2952,0,0,0,0,0,1.00E-04,0.1876,0,0,0,0,0,0,0.0527,0.0021,0,0,0.1455,0
0.0039,0.036,0.036,0,0,0,0,0,0,0.0238,0,0,0,0,0,0,0,0,0,0,0.001,0
0,0,0,0,0,0,0,0,0,0,0,0,0,0,0,0,0,0,0,0,0,0
0,0,0,0,0,0,0,0,0,0,0,0,0,0,0,0,0,0,0,0,0,0
0,0,0,0,0,0,0,0,0,0,0,0,0,0,0,0,0,0,0,0,0,0
0,0,0,0,0,0,0,0,0,0,0,0,0,0,0,0,0,0,0,0,0,0
0,0,0,0,0,0,0,0,0,0,0,0,0,0,0,0,0,0,0,0,0,0
0,0,0,0,0,0,0,0,0,0,0,0,0,0,0,0,0,0,0,0,0,0
0,0,0,0,0,0,0,0,0,0,0,0,0,0,0,0,0,0,0,0,0,0
0,0,0,0,0,0,0,0,0,0,0,0,0,0,0,0,0,0,0,0,0,0
0,0,0,0,0,0,0,0,0,0,0,0,0,0,0,0,0,0,0,0,0,0
0,0,0,0.0095,0.0278,0,0,0,0,0,0.0168,0.0168,0,0,0.0125,0.0052,0,0,0,0,0,0
0,0,0,0.3727,0.2014,0.0661,0.138,0.0089,0.0265,0,0.1776,0.1776,0.0876,0.0152,0.1296,0.113,0,0.0053,0.0214,0.0518,0,0
0,0,0,0.867,0.3784,0.3613,0.3588,0.1295,0.2957,2.00E-04,0.2484,0.2484,0.426,0.0508,0.2261,0.2932,0.0504,0.5411,0.0632,0.3399,0.003,0.0528
0.1692,0.0804,0.0804,1.288,0.5705,0.6498,0.5064,0.3396,0.5906,0.022,0.4428,0.4428,0.7092,0.102,0.4406,0.5196,0.3683,1.3817,0.1147,0.5608,0.1868,0.156
0.4794,0.384,0.384,1.5708,0.7769,0.8618,0.5928,0.4473,0.8188,0.1531,0.672,0.672,0.9144,0.1561,0.7021,0.7522,0.6514,2.0292,0.2413,0.7204,0.4554,0.2508
0.7326,0.6456,0.6456,1.7134,0.905,0.9671,0.6948,0.493,0.9362,0.2998,0.87,0.87,1,0.2617,0.8735,0.8689,0.8566,2.4978,0.4551,0.8229,0.6901,0.3756
0.9047,0.8292,0.8292,1.7403,0.9351,0.9958,0.7764,0.5471,0.9066,0.4497,0.9264,0.9264,1,0.3246,0.9479,0.9303,0.9861,2.7352,0.5043,0.9273,0.8484,0.4704
0.9889,0.942,0.942,1.6424,0.8665,0.9976,0.756,0.5383,0.9169,0.5469,0.8976,0.8976,1,0.3761,0.9115,0.9302,1,2.7518,0.4531,0.9293,0.9153,0.4296
0.9989,0.9876,0.9876,1.4146,0.6862,0.9615,0.6876,0.472,0.8578,0.5973,0.606,0.606,0.9792,0.3916,0.6749,0.8078,1,2.5862,0.395,0.8905,0.9486,0.3132
0.9953,0.9756,0.9756,1.0625,0.3964,0.8155,0.5184,0.3815,0.7351,0.5913,0.3228,0.3228,0.8172,0.3336,0.4264,0.5945,0.9692,2.262,0.3024,0.7574,0.9026,0.2424
0.9062,0.9048,0.9048,0.6654,0.109,0.5954,0.4092,0.2477,0.555,0.5409,0.114,0.114,0.5784,0.186,0.1984,0.3534,0.8324,1.7306,0.2395,0.5442,0.794,0.2064
0.7434,0.7716,0.7716,0.2034,0.0031,0.3071,0.1404,0.1274,0.301,0.4515,0.0108,0.0108,0.2688,0.0316,0.0341,0.1018,0.6236,1.0578,0.0613,0.2509,0.6312,0.1584
0.5074,0.5688,0.5688,0.0008,0,0.0457,0,0.0285,0.0552,0.3065,0,0,0.0156,0,0,6.00E-04,0.344,0.3278,0,0.0138,0.4007,0.0516
0.2141,0.3,0.3,0,0,0,0,0,3.00E-04,0.1329,0,0,0,0,0,0,0.0515,0.0078,0,0,0.1402,0
0.0053,0.0396,0.0396,0,0,0,0,0,0,0.0163,0,0,0,0,0,0,0,0,0,0,0.0011,0
0,0,0,0,0,0,0,0,0,0,0,0,0,0,0,0,0,0,0,0,0,0
0,0,0,0,0,0,0,0,0,0,0,0,0,0,0,0,0,0,0,0,0,0
0,0,0,0,0,0,0,0,0,0,0,0,0,0,0,0,0,0,0,0,0,0
0,0,0,0,0,0,0,0,0,0,0,0,0,0,0,0,0,0,0,0,0,0
0,0,0,0,0,0,0,0,0,0,0,0,0,0,0,0,0,0,0,0,0,0
0,0,0,0,0,0,0,0,0,0,0,0,0,0,0,0,0,0,0,0,0,0
0,0,0,0,0,0,0,0,0,0,0,0,0,0,0,0,0,0,0,0,0,0
0,0,0,0,0,0,0,0,0,0,0,0,0,0,0,0,0,0,0,0,0,0
0,0,0,0,0,0,0,0,0,0,0,0,0,0,0,0,0,0,0,0,0,0
0,0,0,0.0095,0.0276,0,0,0,0,0,0.0432,0.0432,0,0.0322,0.0295,0.0124,0,0,0.0054,8.00E-04,0,0
0,0,0,0.3045,0.1725,0.0499,0.054,0.0255,0.0172,0,0.3444,0.3444,0.0408,0.3285,0.3251,0.2621,0,0.0136,0.2555,0.1366,0,0
0,0,0,0.6742,0.3526,0.3358,0.1356,0.1983,0.2502,3.00E-04,0.642,0.642,0.372,0.6229,0.6345,0.5776,0.054,0.5678,0.555,0.4502,0.0026,0.0288
0.1679,0.084,0.084,1.1949,0.4995,0.6189,0.3456,0.353,0.5511,0.0184,0.8772,0.8772,0.654,0.8489,0.8726,0.8198,0.3696,1.3588,0.7842,0.7115,0.1913,0.0684
0.4702,0.3828,0.3828,1.6032,0.6324,0.825,0.8268,0.4581,0.7701,0.1043,1,1,0.8544,0.9934,1,0.971,0.6468,1.9791,0.9361,0.8956,0.4717,0.102
0.7151,0.6432,0.6432,1.8024,0.7026,0.9498,0.858,0.6019,0.9056,0.1997,1,1,0.9744,1,1,0.9993,0.8424,2.3937,1,0.9963,0.6928,0.1512
0.886,0.8244,0.8244,1.8564,0.7226,0.9866,1,0.6983,0.9685,0.3229,0.7416,0.7416,1,1,0.7128,0.8175,0.966,2.6296,1,0.992,0.8508,0.186
0.9778,0.9372,0.9372,1.7713,0.6558,0.9894,1,0.7174,0.9747,0.4547,0.4368,0.4368,1,0.9997,0.5412,0.7653,1,2.6463,0.9824,0.9884,0.9365,0.186
0.9962,0.9624,0.9624,1.5518,0.5376,0.9187,0.8976,0.6501,0.9091,0.4188,0.4848,0.4848,0.912,0.8672,0.6724,0.8395,1,2.5001,0.8702,0.9185,0.9542,0.1776
0.9837,0.9348,0.9348,1.1741,0.3617,0.7791,0.7152,0.5378,0.7778,0.3742,0.5376,0.5376,0.762,0.6564,0.5983,0.6768,0.9183,2.1956,0.6884,0.7657,0.9141,0.144
0.8904,0.852,0.852,0.7483,0.1384,0.5715,0.462,0.3598,0.5783,0.3807,0.2412,0.2412,0.546,0.3748,0.2979,0.399,0.7202,1.6851,0.4364,0.5329,0.813,0.1044
0.729,0.75,0.75,0.2371,0.0051,0.2998,0.1644,0.1458,0.3163,0.4423,0.0192,0.0192,0.2616,0.0771,0.0432,0.1093,0.4749,0.9767,0.14,0.2452,0.6384,0.0516
0.4965,0.5652,0.5652,0.0003,0,0.0469,0,0.0183,0.0575,0.3339,0,0,0.018,0,0,6.00E-04,0.2614,0.2901,0,0.014,0.4107,0.0132
0.1987,0.2916,0.2916,0,0,0,0,0,3.00E-04,0.162,0,0,0,0,0,0,0.0385,0.0056,0,0,0.1479,0
0.0039,0.036,0.036,0,0,0,0,0,0,0.0148,0,0,0,0,0,0,0,0,0,0,0.001,0
0,0,0,0,0,0,0,0,0,0,0,0,0,0,0,0,0,0,0,0,0,0
0,0,0,0,0,0,0,0,0,0,0,0,0,0,0,0,0,0,0,0,0,0
0,0,0,0,0,0,0,0,0,0,0,0,0,0,0,0,0,0,0,0,0,0
0,0,0,0,0,0,0,0,0,0,0,0,0,0,0,0,0,0,0,0,0,0
0,0,0,0,0,0,0,0,0,0,0,0,0,0,0,0,0,0,0,0,0,0
0,0,0,0,0,0,0,0,0,0,0,0,0,0,0,0,0,0,0,0,0,0
0,0,0,0,0,0,0,0,0,0,0,0,0,0,0,0,0,0,0,0,0,0
0,0,0,0,0,0,0,0,0,0,0,0,0,0,0,0,0,0,0,0,0,0
0,0,0,0,0,0,0,0,0,0,0,0,0,0,0,0,0,0,0,0,0,0
0,0,0,0.0095,0.0804,0,0,0,0,0,0.0576,0.0576,0,0.0344,0.0403,0.0181,0,0,0.0048,9.00E-04,0,0
0,0,0,0.299,0.3818,0.0595,0.1584,0.0076,0.0228,0,0.3612,0.3612,0.0744,0.3271,0.3304,0.2579,0,0.0015,0.2241,0.0854,0,0
0,0,0,0.7228,0.6513,0.2587,0.4692,0.0904,0.196,3.00E-04,0.636,0.636,0.3684,0.6101,0.6204,0.5606,0.0299,0.163,0.536,0.2385,0.0052,0.0696
0.1359,0.0444,0.0444,1.1256,0.8427,0.4326,0.72,0.2495,0.4088,0.012,0.8388,0.8388,0.63,0.8222,0.8288,0.7822,0.2039,0.5357,0.7634,0.3713,0.1926,0.216
0.4324,0.2472,0.2472,1.4168,0.9598,0.5309,0.8844,0.4031,0.5441,0.0525,0.9672,0.9672,0.7824,0.9598,0.9588,0.9175,0.4169,0.813,0.9134,0.4602,0.4766,0.3792
0.6649,0.5316,0.5316,1.5168,0.9984,0.5614,0.9768,0.4984,0.6565,0.1235,1,1,0.8436,1,1,0.9701,0.6867,1.1106,0.988,0.4905,0.6935,0.5124
0.8271,0.7476,0.7476,1.5081,0.9781,0.5474,1,0.49,0.7717,0.2108,1,1,0.8736,1,1,0.9684,0.8709,1.1813,0.9963,0.5641,0.8553,0.5376
0.9161,0.8856,0.8856,1.415,0.8895,0.5556,0.9588,0.4667,0.721,0.2964,0.9348,0.9348,0.7764,0.9656,0.9407,0.9232,0.931,1.1335,0.9644,0.6782,0.8817,0.492
0.9469,0.9372,0.9372,1.2275,0.7315,0.4759,0.8484,0.4088,0.5754,0.3464,0.792,0.792,0.618,0.8335,0.8045,0.8037,0.904,0.9965,0.854,0.5491,0.8599,0.3552
0.9246,0.9252,0.9252,0.8954,0.5043,0.2768,0.6552,0.3228,0.3295,0.3713,0.5784,0.5784,0.3348,0.6284,0.5971,0.5698,0.7567,0.7471,0.6758,0.4069,0.8503,0.2496
0.8313,0.852,0.852,0.4764,0.2248,0.1328,0.3864,0.2564,0.1706,0.3312,0.3,0.3,0.1836,0.3573,0.3262,0.309,0.5585,0.5893,0.4292,0.2721,0.7746,0.2352
0.6707,0.7296,0.7296,0.1573,0.0114,0.0641,0.0996,0.1283,0.0637,0.3118,0.0384,0.0384,0.0672,0.0722,0.055,0.0715,0.3397,0.3892,0.1363,0.1118,0.6153,0.1968
0.4411,0.5496,0.5496,0.0001,0,0.013,0,0.0243,0.0093,0.1784,0,0,0.0024,0,0,3.00E-04,0.2024,0.1637,0,0.0037,0.4267,0.0696
0.1638,0.2748,0.2748,0,0,0,0,0,2.00E-04,0.0632,0,0,0,0,0,0,0.0395,0.0169,0,0,0.1552,0
0.0035,0.0348,0.0348,0,0,0,0,0,0,0.0097,0,0,0,0,0,0,0,0,0,0,0.001,0
0,0,0,0,0,0,0,0,0,0,0,0,0,0,0,0,0,0,0,0,0,0
0,0,0,0,0,0,0,0,0,0,0,0,0,0,0,0,0,0,0,0,0,0
0,0,0,0,0,0,0,0,0,0,0,0,0,0,0,0,0,0,0,0,0,0
0,0,0,0,0,0,0,0,0,0,0,0,0,0,0,0,0,0,0,0,0,0
0,0,0,0,0,0,0,0,0,0,0,0,0,0,0,0,0,0,0,0,0,0
0,0,0,0,0,0,0,0,0,0,0,0,0,0,0,0,0,0,0,0,0,0
0,0,0,0,0,0,0,0,0,0,0,0,0,0,0,0,0,0,0,0,0,0
0,0,0,0,0,0,0,0,0,0,0,0,0,0,0,0,0,0,0,0,0,0
0,0,0,0,0,0,0,0,0,0,0,0,0,0,0,0,0,0,0,0,0,0
0,0,0,0.0071,0.0448,0,0,0,0,0,0.0312,0.0312,0,0.0217,0.024,0.0112,0,0,0.0036,4.00E-04,0,0
0,0,0,0.1857,0.2953,0.0078,0.0144,0.0249,0.0046,0,0.2484,0.2484,0.018,0.2132,0.2207,0.1172,0,0.0091,0.1257,0.0173,1.00E-04,0.006
0,0,0,0.5264,0.5826,0.0873,0.0264,0.2338,0.0929,4.00E-04,0.5832,0.5832,0.1644,0.5225,0.5225,0.2952,0.0347,0.2467,0.3114,0.0853,0.0094,0.2016
0.1149,0.0312,0.0312,0.9806,0.8147,0.2391,0.0672,0.4713,0.249,0.0124,0.774,0.774,0.4176,0.7883,0.7147,0.4794,0.231,0.7781,0.5083,0.1916,0.2211,0.4428
0.3414,0.1908,0.1908,1.3495,0.9245,0.5541,0.1152,0.66,0.5438,0.0498,0.882,0.882,0.7188,0.9145,0.8119,0.5501,0.4363,1.4985,0.6385,0.3138,0.5053,0.6192
0.5619,0.3936,0.3936,1.5608,0.9578,0.7559,0.126,0.765,0.6669,0.1073,0.924,0.924,0.8268,0.973,0.7779,0.5161,0.5902,2.1932,0.6767,0.3538,0.7267,0.7236
0.7466,0.6312,0.6312,1.5809,0.9223,0.8073,0.15,0.8121,0.6714,0.1745,0.9132,0.9132,0.7404,0.9675,0.7382,0.4951,0.7358,2.6807,0.6643,0.3834,0.8772,0.7812
0.862,0.8172,0.8172,1.4922,0.8209,0.8054,0.1452,0.8278,0.618,0.246,0.7176,0.7176,0.6816,0.8929,0.6119,0.471,0.8658,2.7362,0.58,0.4249,0.9555,0.8028
0.9173,0.81,0.81,1.2548,0.6452,0.6796,0.3276,0.7757,0.5748,0.2748,0.4752,0.4752,0.3936,0.7182,0.4748,0.4361,0.965,2.6249,0.4808,0.4579,0.9729,0.7692
0.8933,0.648,0.648,0.9083,0.3801,0.5576,0.3168,0.6658,0.5337,0.2108,0.3648,0.3648,0.2556,0.4438,0.301,0.2878,0.9166,2.3201,0.3558,0.3917,0.933,0.6816
0.7521,0.564,0.564,0.5605,0.1234,0.3907,0.192,0.486,0.4037,0.1785,0.1608,0.1608,0.156,0.1844,0.111,0.1315,0.7776,1.8117,0.1935,0.2583,0.833,0.5292
0.5001,0.6372,0.6372,0.2018,0.0066,0.2175,0.0732,0.2545,0.2073,0.1409,0.012,0.012,0.12,0.0269,0.012,0.0378,0.5665,1.1202,0.0591,0.1192,0.6721,0.2988
0.2782,0.5328,0.5328,0.0008,0,0.0426,0,0.0574,0.0449,0.0902,0,0,0.0108,0,0,3.00E-04,0.2989,0.3758,0,0.0063,0.4415,0.0924
0.0944,0.282,0.282,0,0,0,0,0,3.00E-04,0.0346,0,0,0,0,0,0,0.0479,0.0173,0,0,0.1646,0
7.00E-04,0.0348,0.0348,0,0,0,0,0,0,0.002,0,0,0,0,0,0,0,0,0,0,0.001,0
0,0,0,0,0,0,0,0,0,0,0,0,0,0,0,0,0,0,0,0,0,0
0,0,0,0,0,0,0,0,0,0,0,0,0,0,0,0,0,0,0,0,0,0
0,0,0,0,0,0,0,0,0,0,0,0,0,0,0,0,0,0,0,0,0,0
0,0,0,0,0,0,0,0,0,0,0,0,0,0,0,0,0,0,0,0,0,0
0,0,0,0,0,0,0,0,0,0,0,0,0,0,0,0,0,0,0,0,0,0
0,0,0,0,0,0,0,0,0,0,0,0,0,0,0,0,0,0,0,0,0,0
0,0,0,0,0,0,0,0,0,0,0,0,0,0,0,0,0,0,0,0,0,0
0,0,0,0,0,0,0,0,0,0,0,0,0,0,0,0,0,0,0,0,0,0
0,0,0,0,0,0,0,0,0,0,0,0,0,0,0,0,0,0,0,0,0,0
0,0,0,0.0095,0.0202,0,0,0,0,0,0.0024,0.0024,0,0.0035,0.0031,0.0017,0,0,0.0012,2.00E-04,0,0
0,0,0,0.2401,0.0933,0.0441,0.1176,0.0311,0.0122,0,0.0432,0.0432,0.0408,0.0472,0.0606,0.071,0,0.0178,0.0997,0.0802,1.00E-04,0.006
0,0,0,0.6509,0.1904,0.2496,0.3864,0.2361,0.2154,4.00E-04,0.1476,0.1476,0.1896,0.0978,0.2315,0.2798,0.0481,0.5344,0.2646,0.3142,0.0094,0.1344
0.1104,0.0444,0.0444,1.013,0.3175,0.5668,0.6708,0.4519,0.5013,0.0155,0.342,0.342,0.6132,0.2021,0.4962,0.5766,0.2414,1.3257,0.3847,0.5535,0.2315,0.27
0.3315,0.2172,0.2172,1.325,0.4399,0.7714,0.8184,0.6035,0.7226,0.1036,0.5376,0.5376,0.8292,0.3495,0.6952,0.7806,0.3309,1.9603,0.4535,0.7399,0.5131,0.3384
0.5157,0.426,0.426,1.5041,0.5686,0.8911,0.9384,0.7029,0.8577,0.1998,0.7536,0.7536,0.9372,0.4516,0.8508,0.8814,0.6949,2.3801,0.461,0.8453,0.7332,0.4164
0.6849,0.6948,0.6948,1.6468,0.6812,0.9467,0.9684,0.7535,0.8819,0.2772,0.8712,0.8712,0.99,0.592,0.8828,0.8918,0.9512,2.6099,0.5337,0.888,0.8842,0.5112
0.83,0.8964,0.8964,1.6023,0.6776,0.9345,0.9036,0.7679,0.8646,0.3189,0.8028,0.8028,0.9588,0.6662,0.7867,0.8242,0.9999,2.6772,0.5494,0.8665,0.9641,0.6216
0.878,0.9696,0.9696,1.3732,0.557,0.8587,0.8496,0.7089,0.8034,0.3101,0.5916,0.5916,0.864,0.5914,0.6083,0.7058,0.9997,2.5666,0.5065,0.7849,0.9861,0.654
0.8646,0.9696,0.9696,0.99,0.3701,0.7083,0.6468,0.5286,0.7156,0.334,0.3768,0.3768,0.6672,0.3758,0.4028,0.5152,0.9441,2.2437,0.3685,0.6453,0.95,0.5604
0.7933,0.9,0.9,0.5115,0.1564,0.5014,0.3684,0.3183,0.5312,0.3363,0.192,0.192,0.4284,0.1643,0.2145,0.2963,0.8108,1.7242,0.2496,0.4451,0.8477,0.3792
0.6523,0.762,0.762,0.1452,0.0082,0.2483,0.1428,0.1233,0.2805,0.3033,0.0204,0.0204,0.1644,0.0202,0.0314,0.0818,0.608,1.042,0.0894,0.1966,0.6802,0.1332
0.425,0.5556,0.5556,0.0007,0,0.0435,0.0012,0.0221,0.0571,0.2652,0,0,0.012,0,0,6.00E-04,0.3428,0.3515,0,0.0119,0.4474,0.03
0.168,0.288,0.288,0,0,0,0,0,2.00E-04,0.152,0,0,0,0,0,0,0.0599,0.0186,0,0,0.1668,0
0.007,0.0372,0.0372,0,0,0,0,0,0,0.0302,0,0,0,0,0,0,0,0,0,0,0.002,0
0,0,0,0,0,0,0,0,0,0,0,0,0,0,0,0,0,0,0,0,0,0
0,0,0,0,0,0,0,0,0,0,0,0,0,0,0,0,0,0,0,0,0,0
0,0,0,0,0,0,0,0,0,0,0,0,0,0,0,0,0,0,0,0,0,0
0,0,0,0,0,0,0,0,0,0,0,0,0,0,0,0,0,0,0,0,0,0
0,0,0,0,0,0,0,0,0,0,0,0,0,0,0,0,0,0,0,0,0,0
0,0,0,0,0,0,0,0,0,0,0,0,0,0,0,0,0,0,0,0,0,0
0,0,0,0,0,0,0,0,0,0,0,0,0,0,0,0,0,0,0,0,0,0
0,0,0,0,0,0,0,0,0,0,0,0,0,0,0,0,0,0,0,0,0,0
0,0,0,0,0,0,0,0,0,0,0,0,0,0,0,0,0,0,0,0,0,0
0,0,0,0.019,0.0376,0,0,0,0,0,0.0576,0.0576,0,0.0276,0.0382,0.0138,0,0,0.0042,8.00E-04,0,0
0,0,0,0.4414,0.1659,0.0525,0.1452,0.0216,0.0231,0,0.336,0.336,0.0672,0.2792,0.2688,0.1849,0,0.0123,0.1637,0.0968,1.00E-04,0.0048
4.00E-04,0,0,0.9275,0.3338,0.2724,0.4272,0.2108,0.1842,1.00E-04,0.6024,0.6024,0.3132,0.5493,0.5225,0.4366,0.0483,0.396,0.4089,0.3459,0.0098,0.1392
0.139,0.0588,0.0588,1.3365,0.4809,0.5167,0.6732,0.438,0.3743,0.006,0.8124,0.8124,0.5616,0.7525,0.7491,0.6768,0.3163,1.0898,0.6248,0.5758,0.2192,0.3312
0.3981,0.2844,0.2844,1.6183,0.6554,0.7168,0.84,0.6207,0.5829,0.0459,0.9516,0.9516,0.7464,0.8894,0.9202,0.8655,0.6064,1.8462,0.7681,0.7286,0.499,0.4992
0.6064,0.5496,0.5496,1.7513,0.6988,0.8388,0.9372,0.736,0.7882,0.1023,1,1,0.8556,0.9537,0.9811,0.9423,0.8219,2.3012,0.8115,0.823,0.7182,0.5736
0.7623,0.7908,0.7908,1.7864,0.6876,0.8724,0.9636,0.7797,0.8672,0.1683,1,1,0.8868,0.9572,0.9818,0.9492,0.9584,2.5352,0.8068,0.8406,0.8664,0.5688
0.8417,0.9168,0.9168,1.7222,0.6475,0.8471,0.9276,0.7641,0.8623,0.2018,0.9252,0.9252,0.8304,0.8938,0.9079,0.8909,0.9997,2.5221,0.7426,0.7925,0.9399,0.51
0.8507,0.9672,0.9672,1.5432,0.5456,0.7666,0.8244,0.7141,0.7949,0.2103,0.7836,0.7836,0.7248,0.7692,0.7737,0.7752,0.9997,2.4,0.6236,0.6921,0.9615,0.5508
0.804,0.9564,0.9564,1.1981,0.3505,0.6443,0.6492,0.6074,0.6881,0.2116,0.5724,0.5724,0.6204,0.5783,0.5728,0.594,0.9476,2.1712,0.4784,0.5447,0.9282,0.6072
0.723,0.888,0.888,0.6993,0.1437,0.4357,0.3648,0.3662,0.505,0.2054,0.2976,0.2976,0.4128,0.327,0.3104,0.3469,0.8168,1.6668,0.3009,0.3344,0.8291,0.5208
0.5725,0.7524,0.7524,0.1926,0.0104,0.1941,0.1008,0.1708,0.2763,0.1998,0.042,0.042,0.1368,0.0674,0.0538,0.0908,0.6152,0.9796,0.0945,0.1232,0.6597,0.2916
0.3583,0.5544,0.5544,0.0004,0,0.0271,0,0.0432,0.0581,0.1369,0,0,0.0084,0,0,6.00E-04,0.3464,0.3061,0,0.0048,0.439,0.078
0.1363,0.2928,0.2928,0,0,0,0,0,1.00E-04,0.0604,0,0,0,0,0,0,0.0634,0.0183,0,0,0.166,0
0.0061,0.0408,0.0408,0,0,0,0,0,0,0.0073,0,0,0,0,0,0,0,0,0,0,0.0021,0
0,0,0,0,0,0,0,0,0,0,0,0,0,0,0,0,0,0,0,0,0,0
0,0,0,0,0,0,0,0,0,0,0,0,0,0,0,0,0,0,0,0,0,0
0,0,0,0,0,0,0,0,0,0,0,0,0,0,0,0,0,0,0,0,0,0
0,0,0,0,0,0,0,0,0,0,0,0,0,0,0,0,0,0,0,0,0,0
0,0,0,0,0,0,0,0,0,0,0,0,0,0,0,0,0,0,0,0,0,0
0,0,0,0,0,0,0,0,0,0,0,0,0,0,0,0,0,0,0,0,0,0
0,0,0,0,0,0,0,0,0,0,0,0,0,0,0,0,0,0,0,0,0,0
0,0,0,0,0,0,0,0,0,0,0,0,0,0,0,0,0,0,0,0,0,0
0,0,0,0,0,0,0,0,0,0,0,0,0,0,0,0,0,0,0,0,0,0
0,0,0,0.0142,0.0445,0,0,0,0,0,0.0132,0.0132,0,0.0345,0.0187,0.0176,0,0,0.006,0.001,0,0
0,0,0,0.3156,0.2153,0.018,0.0252,0.0123,0.0259,0,0.102,0.102,0.0348,0.2807,0.1749,0.1797,0,0.0079,0.1774,0.0275,1.00E-04,0.0036
4.00E-04,0,0,0.7561,0.412,0.0995,0.0996,0.1401,0.2199,2.00E-04,0.3396,0.3396,0.1308,0.539,0.4266,0.378,0.0653,0.3528,0.4037,0.0946,0.0092,0.102
0.1426,0.0732,0.0732,1.0602,0.5832,0.1844,0.1752,0.3626,0.4439,0.0091,0.5724,0.5724,0.222,0.735,0.6493,0.5353,0.3517,0.9161,0.5748,0.1783,0.2159,0.2496
0.3849,0.3036,0.3036,1.3046,0.7352,0.2774,0.2568,0.5275,0.6079,0.0488,0.7764,0.7764,0.3252,0.8593,0.8379,0.6389,0.6171,1.4703,0.644,0.2617,0.4933,0.3972
0.5883,0.5496,0.5496,1.3914,0.7824,0.3812,0.3264,0.6357,0.6828,0.0934,0.8916,0.8916,0.4824,0.913,0.9177,0.6915,0.815,1.8691,0.6529,0.3442,0.7096,0.4692
0.7192,0.7512,0.7512,1.3573,0.8014,0.3938,0.3612,0.6912,0.6903,0.1402,0.9012,0.9012,0.4812,0.8852,0.9132,0.679,0.9404,2.0697,0.6249,0.3831,0.8544,0.4608
0.7967,0.876,0.876,1.1332,0.6909,0.3451,0.2892,0.7169,0.6695,0.1753,0.768,0.768,0.3636,0.7863,0.8009,0.6005,0.9986,2.1131,0.5492,0.3878,0.9285,0.4548
0.8302,0.9264,0.9264,0.8907,0.5008,0.3178,0.2136,0.6991,0.5983,0.2317,0.6264,0.6264,0.3348,0.5747,0.6545,0.4882,0.9909,2.0316,0.4327,0.3582,0.9501,0.498
0.8213,0.924,0.924,0.6656,0.2674,0.2607,0.1512,0.6095,0.522,0.3138,0.3432,0.3432,0.3,0.3585,0.4156,0.3458,0.9142,1.7998,0.3082,0.2716,0.9165,0.516
0.7388,0.8544,0.8544,0.41,0.081,0.1756,0.0864,0.4601,0.3873,0.2751,0.1176,0.1176,0.2148,0.1648,0.1856,0.1821,0.7822,1.399,0.1697,0.1394,0.8285,0.4704
0.6106,0.7224,0.7224,0.1369,0.0036,0.0814,0.0228,0.2644,0.2239,0.2228,0.012,0.012,0.0792,0.0227,0.0265,0.0342,0.5801,0.8857,0.0488,0.0426,0.668,0.3024
0.4183,0.522,0.522,0.0006,0,0.0149,0,0.0587,0.0517,0.1729,0,0,0.006,0,0,0,0.3114,0.3132,0,9.00E-04,0.4415,0.096
0.1786,0.2364,0.2364,0,0,0,0,0,1.00E-04,0.0962,0,0,0,0,0,0,0.0503,1.90E-02,0,0,0.1699,0
0.008,0.0252,0.0252,0,0,0,0,0,0,0.0159,0,0,0,0,0,0,0,0,0,0,0.0017,0
0,0,0,0,0,0,0,0,0,0,0,0,0,0,0,0,0,0,0,0,0,0
0,0,0,0,0,0,0,0,0,0,0,0,0,0,0,0,0,0,0,0,0,0
0,0,0,0,0,0,0,0,0,0,0,0,0,0,0,0,0,0,0,0,0,0
0,0,0,0,0,0,0,0,0,0,0,0,0,0,0,0,0,0,0,0,0,0
0,0,0,0,0,0,0,0,0,0,0,0,0,0,0,0,0,0,0,0,0,0
0,0,0,0,0,0,0,0,0,0,0,0,0,0,0,0,0,0,0,0,0,0
0,0,0,0,0,0,0,0,0,0,0,0,0,0,0,0,0,0,0,0,0,0
0,0,0,0,0,0,0,0,0,0,0,0,0,0,0,0,0,0,0,0,0,0
0,0,0,0,0,0,0,0,0,0,0,0,0,0,0,0,0,0,0,0,0,0
0,0,0,0.019,0.0251,0,0,0,0,0,0.0024,0.0024,0,0.0151,0.0069,0.0072,0,0,0.0066,6.00E-04,0,0
0,0,0,0.3876,0.1098,0.0301,0.0924,0.0312,0.0202,0,0.0252,0.0252,0.0456,0.1651,0.0623,0.085,0,0.0159,0.1812,0.0509,1.00E-04,0.0048
8.00E-04,0,0,0.8571,0.189,0.2014,0.342,0.2115,0.1401,4.00E-04,0.0648,0.0648,0.24,0.4118,0.1443,0.2244,0.0708,0.441,0.4333,0.1907,0.0112,0.1476
0.1362,0.0168,0.0168,1.2534,0.2147,0.4308,0.6036,0.4325,0.3312,0.012,0.1236,0.1236,0.486,0.6699,0.251,0.39,0.3501,1.1555,0.5723,0.3382,0.2246,0.3804
0.3604,0.0924,0.0924,1.5391,0.2251,0.6016,0.7536,0.6092,0.572,0.1017,0.1596,0.1596,0.6708,0.8272,0.3237,0.497,0.6206,1.8291,0.673,0.4234,0.4975,0.57
0.5471,0.18,0.18,1.6793,0.2187,0.6355,0.858,0.7131,0.7427,0.2362,0.1956,0.1956,0.7368,0.8823,0.3301,0.5018,0.8185,2.1859,0.6388,0.4211,0.7091,0.6828
0.6762,0.324,0.324,1.6974,0.1665,0.5866,0.8916,0.7609,0.7682,0.4183,0.2388,0.2388,0.726,0.8531,0.3331,0.4596,0.9414,2.2514,0.5963,0.4225,0.8526,0.7284
0.7161,0.4476,0.4476,1.6122,0.1297,0.5347,0.8196,0.7859,0.7419,0.5373,0.2364,0.2364,0.6396,0.74,0.3063,0.4058,0.9993,2.2399,0.5103,0.4137,0.9254,0.7752
0.6937,0.6072,0.6072,1.4261,0.1052,0.4423,0.7104,0.7533,0.6818,0.6219,0.2208,0.2208,0.5376,0.5579,0.2658,0.311,0.9933,2.0853,0.4026,0.3798,0.9471,0.726
0.5798,0.636,0.636,1.1178,0.076,0.3276,0.5328,0.6182,0.5356,0.6583,0.168,0.168,0.4092,0.3294,0.184,0.2127,0.9273,1.7317,0.2757,0.2806,0.9085,0.4908
0.4371,0.5892,0.5892,0.7151,0.0311,0.2446,0.3144,0.4088,0.3564,0.6167,0.0696,0.0696,0.2688,0.1438,0.0826,0.1177,0.7987,1.332,0.144,0.1668,0.8172,0.216
0.343,0.4776,0.4776,0.245,0.0019,0.1482,0.1008,0.2014,0.1785,0.4698,0.012,0.012,0.1236,0.0237,0.0178,0.0344,0.603,0.8513,0.0384,0.0684,0.6538,0.072
0.2567,0.378,0.378,0.0009,0,0.0289,0,0.039,0.0314,0.27,0,0,0.0108,0,0,1.00E-04,0.3427,0.2889,0,0.0053,0.4308,0.0216
0.104,0.1824,0.1824,0,0,0,0,0,1.00E-04,0.1179,0,0,0,0,0,0,0.067,0.0192,0,0,0.1615,0
0.0043,0.0132,0.0132,0,0,0,0,0,0,0.0219,0,0,0,0,0,0,0,0,0,0,0.0024,0
0,0,0,0,0,0,0,0,0,0,0,0,0,0,0,0,0,0,0,0,0,0
0,0,0,0,0,0,0,0,0,0,0,0,0,0,0,0,0,0,0,0,0,0
0,0,0,0,0,0,0,0,0,0,0,0,0,0,0,0,0,0,0,0,0,0
0,0,0,0,0,0,0,0,0,0,0,0,0,0,0,0,0,0,0,0,0,0
0,0,0,0,0,0,0,0,0,0,0,0,0,0,0,0,0,0,0,0,0,0
0,0,0,0,0,0,0,0,0,0,0,0,0,0,0,0,0,0,0,0,0,0
0,0,0,0,0,0,0,0,0,0,0,0,0,0,0,0,0,0,0,0,0,0
0,0,0,0,0,0,0,0,0,0,0,0,0,0,0,0,0,0,0,0,0,0
0,0,0,0,0,0,0,0,0,0,0,0,0,0,0,0,0,0,0,0,0,0
0,0,0,0.0237,0.0278,0,0,0,0,0,0.03,0.03,0,0.0094,0.025,0.0137,0,0,0.0066,5.00E-04,0,0
0,0,0,0.4634,0.1523,0.0297,0.1356,0.0275,0.0196,0,0.2016,0.2016,0.0456,0.1171,0.1876,0.1572,0,0.0098,0.1533,0.057,1.00E-04,0.0036
0,0,0,0.9824,0.4168,0.1375,0.3984,0.1832,0.1289,2.00E-04,0.5148,0.5148,0.1716,0.3606,0.499,0.4198,0.0718,0.2886,0.3743,0.2182,0.0101,0.0888
0.0425,0.006,0.006,1.386,0.6938,0.2765,0.6348,0.3589,0.2501,0.0057,0.7356,0.7356,0.3108,0.6081,0.7135,0.6345,0.3517,0.7628,0.5617,0.3586,0.2063,0.2304
0.1528,0.0648,0.0648,1.6775,0.7581,0.4466,0.8016,0.5147,0.3473,0.0517,0.8988,0.8988,0.522,0.6981,0.8697,0.7945,0.6169,1.267,0.6929,0.414,0.4562,0.4452
0.2903,0.2652,0.2652,1.8363,0.8286,0.5696,0.8952,0.6649,0.4494,0.1255,0.9732,0.9732,0.6204,0.6947,0.9366,0.8577,0.8096,1.7866,0.7542,0.4375,0.5995,0.6432
0.4896,0.4416,0.4416,1.8726,0.8767,0.5639,0.9252,0.7615,0.4781,0.1915,0.9672,0.9672,0.5628,0.6076,0.9343,0.836,0.9322,2.066,0.734,0.4651,0.6176,0.7416
0.418,0.5796,0.5796,1.7827,0.8327,0.5067,0.8952,0.7758,0.476,0.2413,0.8988,0.8988,0.4752,0.4825,0.8655,0.7335,0.9909,2.1252,0.6672,0.4282,0.6483,0.6828
0.5643,0.5988,0.5988,1.5801,0.7014,0.4142,0.7956,0.6559,0.4329,0.3466,0.7644,0.7644,0.39,0.3533,0.7276,0.597,0.9897,1.9692,0.5337,0.3218,0.7581,0.5088
0.5119,0.546,0.546,1.2524,0.494,0.3089,0.636,0.4334,0.3634,0.4818,0.5568,0.5568,0.2856,0.2343,0.5115,0.4125,0.9202,1.6702,0.3713,0.1964,0.7655,0.336
0.2705,0.4092,0.4092,0.7992,0.2313,0.2036,0.408,0.2578,0.2489,0.4966,0.2868,0.2868,0.1776,0.123,0.2625,0.2163,0.7647,1.2279,0.1972,0.1146,0.7419,0.2076
0.22,0.4188,0.4188,0.2781,0.0199,0.0945,0.15,0.1339,0.1305,0.4204,0.0432,0.0432,0.0696,0.0274,0.0468,0.0537,0.6127,0.7271,0.0566,0.0444,0.5632,0.1164
0.1332,0.3708,0.3708,0.0007,0,0.0188,0.0024,0.0337,0.0329,0.25,0,0,0.0048,0,0,1.00E-04,0.3583,0.2656,0,0.0023,0.2517,0.048
0.0413,0.1728,0.1728,0,0,0,0,0,2.00E-04,0.1383,0,0,0,0,0,0,0.0718,0.0189,0,0,0.0549,0
1.00E-04,0.024,0.024,0,0,0,0,0,0,0.0295,0,0,0,0,0,0,0,0,0,0,7.00E-04,0
0,0,0,0,0,0,0,0,0,0,0,0,0,0,0,0,0,0,0,0,0,0
0,0,0,0,0,0,0,0,0,0,0,0,0,0,0,0,0,0,0,0,0,0
0,0,0,0,0,0,0,0,0,0,0,0,0,0,0,0,0,0,0,0,0,0
0,0,0,0,0,0,0,0,0,0,0,0,0,0,0,0,0,0,0,0,0,0
0,0,0,0,0,0,0,0,0,0,0,0,0,0,0,0,0,0,0,0,0,0
0,0,0,0,0,0,0,0,0,0,0,0,0,0,0,0,0,0,0,0,0,0
0,0,0,0,0,0,0,0,0,0,0,0,0,0,0,0,0,0,0,0,0,0
0,0,0,0,0,0,0,0,0,0,0,0,0,0,0,0,0,0,0,0,0,0
0,0,0,0,0,0,0,0,0,0,0,0,0,0,0,0,0,0,0,0,0,0
0,0,0,0.0261,0.0197,0,0,0,0,0,0.0084,0.0084,0,0.0264,0.0126,0.0105,0,0,0.0066,7.00E-04,0,0
0,0,0,0.4756,0.1198,0.0329,0.0312,0.0222,0.0187,0,0.0696,0.0696,0.0516,0.1995,0.11,0.1026,0,0.0163,0.1237,0.0788,1.00E-04,0.006
0,0,0,1.0053,0.3283,0.1847,0.1128,0.1564,0.1676,7.00E-04,0.1764,0.1764,0.2328,0.4278,0.2558,0.2504,0.0492,0.3219,0.2703,0.2798,0.0041,0.1116
0.0741,0.03,0.03,1.419,0.6325,0.3724,0.228,0.3359,0.3818,0.0147,0.354,0.354,0.4548,0.609,0.4589,0.4141,0.2398,0.7792,0.4067,0.419,0.0898,0.2604
0.2081,0.1572,0.1572,1.7007,0.842,0.5005,0.4416,0.5225,0.5633,0.0945,0.5604,0.5604,0.6168,0.6825,0.6868,0.6039,0.5218,1.3584,0.5309,0.4945,0.2645,0.4716
0.2827,0.318,0.318,1.852,0.9215,0.5328,0.552,0.67,0.642,0.1996,0.7188,0.7188,0.6108,0.7487,0.861,0.7553,0.7975,1.7498,0.5938,0.5537,0.4835,0.6684
0.3158,0.4692,0.4692,1.8848,0.9251,0.4913,0.528,0.7894,0.7182,0.2805,0.7524,0.7524,0.5772,0.8181,0.8815,0.7744,0.9331,1.8935,0.61,0.6014,0.6604,0.7344
0.3805,0.582,0.582,1.8006,0.8509,0.4574,0.4464,0.7673,0.7431,0.3333,0.732,0.732,0.5352,0.7539,0.829,0.7039,0.9127,1.8517,0.5798,0.6239,0.6184,0.6156
0.4748,0.594,0.594,1.6029,0.7073,0.3947,0.33,0.6951,0.6885,0.3865,0.6408,0.6408,0.4704,0.6122,0.7123,0.5791,0.7835,1.5286,0.4667,0.528,0.6425,0.3972
0.5231,0.5916,0.5916,1.2808,0.4992,0.265,0.2124,0.5653,0.5746,0.4197,0.4776,0.4776,0.3744,0.4337,0.5269,0.4118,0.6945,1.0444,0.3392,0.3545,0.5898,0.24
0.4466,0.582,0.582,0.8287,0.2375,0.1619,0.1056,0.3874,0.3522,0.3839,0.2508,0.2508,0.2448,0.222,0.2881,0.2294,0.5166,0.7124,0.214,0.2013,0.4882,0.1572
0.364,0.552,0.552,0.3035,0.0226,0.0907,0.0372,0.204,0.164,0.3172,0.0396,0.0396,0.1068,0.0511,0.0541,0.053,0.2599,0.5125,0.0799,0.0779,0.3503,0.096
0.2407,0.4536,0.4536,0.0009,0,0.0189,0,0.043,0.0371,0.2431,0,0,0.0096,0,0,1.00E-04,0.1934,0.1542,0,0.0062,0.2005,0.0324
0.094,0.2652,0.2652,0,0,0,0,0,1.00E-04,0.1416,0,0,0,0,0,0,0.0418,0.0058,0,0,0.0592,0
0.0053,0.042,0.042,0,0,0,0,0,0,0.0327,0,0,0,0,0,0,0,0,0,0,0.0012,0
0,0,0,0,0,0,0,0,0,0,0,0,0,0,0,0,0,0,0,0,0,0
0,0,0,0,0,0,0,0,0,0,0,0,0,0,0,0,0,0,0,0,0,0
0,0,0,0,0,0,0,0,0,0,0,0,0,0,0,0,0,0,0,0,0,0
0,0,0,0,0,0,0,0,0,0,0,0,0,0,0,0,0,0,0,0,0,0
0,0,0,0,0,0,0,0,0,0,0,0,0,0,0,0,0,0,0,0,0,0
0,0,0,0,0,0,0,0,0,0,0,0,0,0,0,0,0,0,0,0,0,0
0,0,0,0,0,0,0,0,0,0,0,0,0,0,0,0,0,0,0,0,0,0
0,0,0,0,0,0,0,0,0,0,0,0,0,0,0,0,0,0,0,0,0,0
0,0,0,0,0,0,0,0,0,0,0,0,0,0,0,0,0,0,0,0,0,0
0,0,0,0.0213,0.0542,0,0.0012,0,0,0,0.0564,0.0564,0,0.0413,0.0407,0.0202,0,0,0.0072,0.001,0,0
0,0,0,0.3845,0.3086,0.0241,0.1452,0.0127,0.016,0,0.288,0.288,0.048,0.2767,0.2678,0.1737,0,0.0121,0.147,0.0551,0,0.0012
4.00E-04,0,0,0.9337,0.566,0.1332,0.4008,0.0986,0.129,0,0.5568,0.5568,0.186,0.5348,0.539,0.3731,0.0652,0.2612,0.3519,0.1668,0.0068,0.0948
0.1407,0.036,0.036,1.3632,0.7382,0.2433,0.6288,0.2403,0.3346,0.0195,0.7464,0.7464,0.306,0.742,0.731,0.5385,0.2448,0.6337,0.5488,0.3102,0.1135,0.3276
0.4126,0.3048,0.3048,1.6715,0.8444,0.3437,0.7668,0.3899,0.4262,0.1348,0.8736,0.8736,0.4092,0.871,0.8495,0.6495,0.5006,1.0029,0.6341,0.4946,0.3196,0.5304
0.5775,0.6408,0.6408,1.8417,0.8868,0.3792,0.7848,0.4448,0.4233,0.2754,0.9252,0.9252,0.4836,0.9286,0.865,0.6661,0.7398,1.1874,0.6603,0.6374,0.5013,0.672
0.6845,0.8508,0.8508,1.891,0.8515,0.2866,0.696,0.4908,0.4432,0.4048,0.9096,0.9096,0.3108,0.9279,0.809,0.6474,0.9163,1.1609,0.6462,0.6921,0.6048,0.8196
0.7139,0.978,0.978,1.8161,0.7459,0.2378,0.5628,0.471,0.4161,0.4287,0.8232,0.8232,0.2088,0.8619,0.7231,0.5881,0.9074,1.0447,0.5378,0.6775,0.6608,0.8316
0.7432,1,1,1.6183,0.583,0.1714,0.4428,0.4009,0.3514,0.4591,0.6672,0.6672,0.174,0.733,0.5694,0.4494,0.8698,0.8488,0.349,0.5828,0.6658,0.7476
0.7657,1,1,1.2924,0.3856,0.1346,0.3456,0.3314,0.2902,0.4633,0.468,0.468,0.144,0.5423,0.3775,0.2833,0.7187,0.6762,0.2451,0.47,0.6329,0.5652
0.6999,0.9408,0.9408,0.8414,0.1804,0.0995,0.2292,0.2715,0.1821,0.4016,0.246,0.246,0.0912,0.2908,0.1884,0.1398,0.4796,0.5402,0.1397,0.2989,0.5748,0.3576
0.5578,0.8004,0.8004,0.3136,0.0189,0.0369,0.0984,0.182,0.0881,0.3403,0.0396,0.0396,0.0348,0.0596,0.0342,0.0314,0.3251,0.316,0.0359,0.138,0.506,0.1944
0.4094,0.5916,0.5916,0.0008,0,0.0041,0.0024,0.0444,0.0155,0.2224,0,0,0.0024,0,0,1.00E-04,0.1299,0.1116,0,0.0147,0.3689,0.0648
0.182,0.3252,0.3252,0,0,0,0,0,1.00E-04,0.1284,0,0,0,0,0,0,0.0146,0.0125,0,0,0.1666,0
0.011,0.0564,0.0564,0,0,0,0,0,0,0.0332,0,0,0,0,0,0,0,0,0,0,0.0046,0
0,0,0,0,0,0,0,0,0,0,0,0,0,0,0,0,0,0,0,0,0,0
0,0,0,0,0,0,0,0,0,0,0,0,0,0,0,0,0,0,0,0,0,0
0,0,0,0,0,0,0,0,0,0,0,0,0,0,0,0,0,0,0,0,0,0
0,0,0,0,0,0,0,0,0,0,0,0,0,0,0,0,0,0,0,0,0,0
0,0,0,0,0,0,0,0,0,0,0,0,0,0,0,0,0,0,0,0,0,0
0,0,0,0,0,0,0,0,0,0,0,0,0,0,0,0,0,0,0,0,0,0
0,0,0,0,0,0,0,0,0,0,0,0,0,0,0,0,0,0,0,0,0,0
0,0,0,0,0,0,0,0,0,0,0,0,0,0,0,0,0,0,0,0,0,0
0,0,0,0,0,0,0,0,0,0,0,0,0,0,0,0,0,0,0,0,0,0
0,0,0,0.0142,0.0503,0,0,0,0,0,0.078,0.078,0,0.047,0.0546,0.0229,0,0,0.0072,0.0011,0,0
0,0,0,0.2428,0.2242,0.0231,0.0804,0.0219,0.0192,0,0.3432,0.3432,0.0468,0.2915,0.2825,0.1692,0,8.90E-03,0.1316,0.0464,0,0.0012
0.0013,0,0,0.6454,0.4872,0.1545,0.252,0.1421,0.1451,0.0012,0.5976,0.5976,0.2364,0.5408,0.5173,0.3601,0.0675,0.1787,0.304,0.1611,0.0088,0.0408
0.1563,0.1068,0.1068,1.0963,0.7335,0.3253,0.4128,0.2982,0.2598,0.0208,0.7764,0.7764,0.4068,0.7324,0.6906,0.525,0.3355,0.5043,0.4446,0.3071,0.2234,0.0888
0.4202,0.3924,0.3924,1.383,0.8849,0.4433,0.5928,0.4939,0.3268,0.1065,0.8832,0.8832,0.5952,0.8495,0.7954,0.6291,0.5861,0.6761,0.5671,0.4977,0.5098,0.1416
0.6194,0.6444,0.6444,1.4988,0.9334,0.5892,0.6108,0.6238,0.3914,0.2087,0.9312,0.9312,0.8136,0.9025,0.8686,0.688,0.724,0.9544,0.6241,0.6356,0.7434,0.2052
0.7617,0.828,0.828,1.4769,0.9129,0.6693,0.4968,0.6026,0.4436,0.3029,0.9228,0.9228,0.9012,0.8864,0.851,0.6723,0.9329,1.0665,0.6119,0.7037,0.8908,0.2472
0.8625,0.9432,0.9432,1.379,0.8294,0.6088,0.3348,0.4881,0.5129,0.3679,0.8496,0.8496,0.888,0.7928,0.802,0.6487,0.9999,1.036,0.5488,0.6822,0.9622,0.258
0.9209,0.9936,0.9936,1.195,0.6882,0.4999,0.2232,0.4275,0.5351,0.3753,0.7212,0.7212,0.8124,0.6488,0.6708,0.5387,0.9999,0.9237,0.4715,0.5928,0.9581,0.2412
0.9581,0.9828,0.9828,0.9311,0.4825,0.4031,0.138,0.3812,0.4494,0.3337,0.5328,0.5328,0.6684,0.4599,0.478,0.3764,0.9997,0.74,0.368,0.4317,0.9413,0.2124
0.8829,0.9132,0.9132,0.5782,0.237,0.2786,0.072,0.2835,0.2862,0.2796,0.282,0.282,0.4608,0.2622,0.2315,0.1775,0.8646,0.5681,0.2312,0.2771,0.8516,0.1788
0.7264,0.78,0.78,0.2171,0.0269,0.1305,0.0228,0.1397,0.1254,0.2005,0.0528,0.0528,0.222,0.0631,0.0527,0.0532,0.6584,0.3451,0.0824,0.1277,0.692,0.1008
0.5041,0.5796,0.5796,0.0006,0,0.0168,0,0.0294,0.0279,0.1319,0,0,0.0288,0,0,7.00E-04,0.3825,0.1414,0,0.0139,0.4616,0.024
0.2367,0.3132,0.3132,0,0,0,0,0,1.00E-04,0.0661,0,0,0,0,0,0,0.0791,1.88E-02,0,0,0.1919,0
0.0159,0.0552,0.0552,0,0,0,0,0,0,0.0113,0,0,0,0,0,0,0,0,0,0,0.0056,0
0,0,0,0,0,0,0,0,0,0,0,0,0,0,0,0,0,0,0,0,0,0
0,0,0,0,0,0,0,0,0,0,0,0,0,0,0,0,0,0,0,0,0,0
0,0,0,0,0,0,0,0,0,0,0,0,0,0,0,0,0,0,0,0,0,0
0,0,0,0,0,0,0,0,0,0,0,0,0,0,0,0,0,0,0,0,0,0
0,0,0,0,0,0,0,0,0,0,0,0,0,0,0,0,0,0,0,0,0,0
0,0,0,0,0,0,0,0,0,0,0,0,0,0,0,0,0,0,0,0,0,0
0,0,0,0,0,0,0,0,0,0,0,0,0,0,0,0,0,0,0,0,0,0
0,0,0,0,0,0,0,0,0,0,0,0,0,0,0,0,0,0,0,0,0,0
0,0,0,0,0,0,0,0,0,0,0,0,0,0,0,0,0,0,0,0,0,0
0,0,0,0.019,0.1048,0,0.0012,0,0,0,0.0564,0.0564,0,0.0209,0.0447,0.0243,0,0,0.0108,9.00E-04,0,0
0,0,0,0.3395,0.3672,0.0548,0.1428,0.0103,0.021,0,0.2556,0.2556,0.0744,0.1236,0.2366,0.197,0,0.0128,0.1831,0.0928,1.00E-04,0.0036
0.0021,0,0,0.8411,0.6017,0.2036,0.4032,0.0748,0.1167,9.00E-04,0.4596,0.4596,0.2868,0.2441,0.4427,0.4207,0.0935,0.1711,0.4303,0.3382,0.0151,0.1116
0.1816,0.1056,0.1056,1.2858,0.7702,0.3473,0.6396,0.1656,0.2578,0.0277,0.5424,0.5424,0.4932,0.3446,0.5919,0.6201,0.3887,0.4771,0.6442,0.5625,0.2465,0.312
0.4631,0.3888,0.3888,1.5763,0.8667,0.4189,0.7932,0.2468,0.3603,0.13,0.6216,0.6216,0.6048,0.3994,0.739,0.7784,0.6575,0.7854,0.7716,0.7162,0.531,0.5268
0.7112,0.6384,0.6384,1.7409,0.904,0.4785,0.8808,0.3086,0.4412,0.2857,0.6552,0.6552,0.6876,0.4109,0.7775,0.8442,0.8542,1.0835,0.8131,0.8109,0.7501,0.7296
0.8746,0.8172,0.8172,1.7818,0.889,0.5504,0.9084,0.3717,0.4393,0.4499,0.666,0.666,0.7716,0.3867,0.7704,0.8524,0.9802,1.2369,0.7995,0.856,0.8982,0.8856
0.9678,0.9324,0.9324,1.7057,0.8114,0.5841,0.87,0.3926,0.3917,0.5408,0.6336,0.6336,0.8136,0.3556,0.6866,0.766,0.9999,1.2473,0.7579,0.8377,0.9657,0.9444
0.9928,0.9804,0.9804,1.513,0.6731,0.5742,0.7788,0.4028,0.3396,0.582,0.5076,0.5076,0.7608,0.2958,0.5561,0.6491,0.9999,1.2396,0.6814,0.7646,0.9829,0.924
0.9772,0.9684,0.9684,1.1947,0.4692,0.4345,0.624,0.357,0.2897,0.5702,0.3192,0.3192,0.6276,0.2296,0.3516,0.4789,0.9633,1.0765,0.5362,0.6312,0.9471,0.8232
0.8869,0.8988,0.8988,0.7638,0.2338,0.304,0.4104,0.2749,0.2296,0.5122,0.1596,0.1596,0.438,0.1495,0.1637,0.268,0.8313,0.8063,0.3297,0.4283,0.8448,0.6564
0.7362,0.7608,0.7608,0.276,0.0276,0.1579,0.1632,0.1423,0.1241,0.4257,0.0312,0.0312,0.2148,0.0395,0.0356,0.0897,0.6309,0.4635,0.1059,0.1765,0.6804,0.4296
0.5145,0.5568,0.5568,0.0001,0,0.0313,0.006,0.0445,0.0224,0.3186,0,0,0.0288,0,0,0.003,0.367,0.2024,0,0.0151,0.4545,0.162
0.2425,0.2916,0.2916,0,0,0,0,3.00E-04,4.00E-04,0.1792,0,0,0,0,0,0,0.0851,0.024,0,0,0.1864,0.0012
0.0184,0.0504,0.0504,0,0,0,0,0,0,0.0387,0,0,0,0,0,0,0,0,0,0,0.0055,0
0,0,0,0,0,0,0,0,0,0,0,0,0,0,0,0,0,0,0,0,0,0
0,0,0,0,0,0,0,0,0,0,0,0,0,0,0,0,0,0,0,0,0,0
0,0,0,0,0,0,0,0,0,0,0,0,0,0,0,0,0,0,0,0,0,0
0,0,0,0,0,0,0,0,0,0,0,0,0,0,0,0,0,0,0,0,0,0
0,0,0,0,0,0,0,0,0,0,0,0,0,0,0,0,0,0,0,0,0,0
0,0,0,0,0,0,0,0,0,0,0,0,0,0,0,0,0,0,0,0,0,0
0,0,0,0,0,0,0,0,0,0,0,0,0,0,0,0,0,0,0,0,0,0
0,0,0,0,0,0,0,0,0,0,0,0,0,0,0,0,0,0,0,0,0,0
0,0,0,0,0,0,0,0,0,0,0,0,0,0,0,0,0,0,0,0,0,0
0,0,0,0.0261,0.1118,0,0.0024,0,0,0,0.0708,0.0708,0,0.0394,0.0499,0.0225,0,0,0.012,0.0014,0,0
0,0,0,0.4155,0.383,0.0643,0.1572,0.0285,0.0254,0,0.3216,0.3216,0.0852,0.2435,0.2708,0.2035,0,0.0289,0.1814,0.0875,3.00E-04,0.0156
0.0029,0,0,0.9041,0.6215,0.2706,0.4164,0.1936,0.121,0.0016,0.57,0.57,0.312,0.4602,0.5228,0.4556,0.0912,0.3549,0.3724,0.2515,0.0181,0.2472
0.1861,0.0972,0.0972,1.3494,0.7918,0.4983,0.642,0.387,0.2542,0.0347,0.7512,0.7512,0.4908,0.6628,0.6993,0.6425,0.3505,0.8911,0.5577,0.4429,0.2415,0.5136
0.4708,0.3744,0.3744,1.6452,0.8964,0.6993,0.798,0.5399,0.369,0.1742,0.834,0.834,0.6648,0.7723,0.784,0.7453,0.594,1.4776,0.6993,0.6086,0.5165,0.7212
0.7059,0.6204,0.6204,1.802,0.9361,0.814,0.8796,0.6294,0.4284,0.3256,0.8592,0.8592,0.762,0.834,0.8319,0.8139,0.7741,1.9493,0.7982,0.718,0.732,0.8628
0.8634,0.8004,0.8004,1.8392,0.9104,0.8433,0.8976,0.6998,0.4533,0.4816,0.786,0.786,0.7704,0.8513,0.8225,0.8619,0.8966,2.1554,0.8146,0.7743,0.8782,0.9384
0.9499,0.9168,0.9168,1.7576,0.828,0.7697,0.8412,0.6884,0.4267,0.5537,0.7068,0.7068,0.7284,0.7889,0.7312,0.8027,0.9731,2.1002,0.7705,0.7545,0.9482,0.9552
0.9793,0.9612,0.9612,1.5556,0.683,0.6773,0.7464,0.5597,0.389,0.5893,0.576,0.576,0.5916,0.6842,0.6291,0.6996,0.9995,1.9383,0.6524,0.5545,0.9679,0.9144
0.9525,0.9408,0.9408,1.2288,0.4852,0.4728,0.5868,0.4502,0.3034,0.5416,0.3708,0.3708,0.348,0.509,0.4051,0.5059,0.9404,1.6089,0.5041,0.3931,0.9315,0.8136
0.8635,0.8808,0.8808,0.7905,0.2367,0.221,0.3516,0.3154,0.1848,0.4243,0.186,0.186,0.108,0.2911,0.1882,0.2714,0.8157,1.1435,0.3122,0.1952,0.8333,0.6492
0.7138,0.7512,0.7512,0.287,0.0275,0.085,0.1356,0.2028,0.0684,0.3215,0.0348,0.0348,0.0324,0.072,0.0436,0.0907,0.6201,0.6681,0.1102,0.0683,0.6723,0.4248
0.4987,0.5628,0.5628,0.0017,0,0.0139,0.0048,0.0673,0.0161,0.2174,0,0,0.0024,0,0,0.0023,0.361,0.2533,0,0.0061,0.449,0.1608
0.2335,0.2988,0.2988,0,0,0,0,3.00E-04,4.00E-04,0.1174,0,0,0,0,0,0,0.0887,0.0251,0,0,0.1843,0.0012
0.0188,0.054,0.054,0,0,0,0,0,0,0.0328,0,0,0,0,0,0,0,0,0,0,0.0056,0
0,0,0,0,0,0,0,0,0,0,0,0,0,0,0,0,0,0,0,0,0,0
0,0,0,0,0,0,0,0,0,0,0,0,0,0,0,0,0,0,0,0,0,0
0,0,0,0,0,0,0,0,0,0,0,0,0,0,0,0,0,0,0,0,0,0
0,0,0,0,0,0,0,0,0,0,0,0,0,0,0,0,0,0,0,0,0,0
0,0,0,0,0,0,0,0,0,0,0,0,0,0,0,0,0,0,0,0,0,0
0,0,0,0,0,0,0,0,0,0,0,0,0,0,0,0,0,0,0,0,0,0
0,0,0,0,0,0,0,0,0,0,0,0,0,0,0,0,0,0,0,0,0,0
0,0,0,0,0,0,0,0,0,0,0,0,0,0,0,0,0,0,0,0,0,0
0,0,0,0,0,0,0,0,0,0,0,0,0,0,0,0,0,0,0,0,0,0
0,0,0,0.0308,0.084,0,0.0024,0,0,0,0.0732,0.0732,0,0.0519,0.0594,0.0315,0,0,0.012,0.0017,0,0
0,0,0,0.4477,0.3249,0.0084,0.1056,0.0288,0.0122,0,0.3,0.3,0.006,0.292,0.2875,0.208,0,0.026,0.1931,0.0791,3.00E-04,0.0156
0.0021,0,0,0.94,0.5684,0.057,0.2796,0.2167,0.112,0.0015,0.5412,0.5412,0.0432,0.541,0.5335,0.4193,0.0923,0.3851,0.446,0.2541,0.0185,0.2424
0.141,0.0564,0.0564,1.3277,0.7209,0.1629,0.4476,0.4625,0.2485,0.0503,0.7308,0.7308,0.1932,0.7378,0.7227,0.5745,0.3768,1.049,0.6458,0.3906,0.2359,0.51
0.3804,0.2508,0.2508,1.5904,0.7842,0.3319,0.5148,0.6622,0.3563,0.2785,0.8496,0.8496,0.4476,0.8558,0.8454,0.6553,0.629,1.7588,0.7783,0.5091,0.5057,0.7176
0.6124,0.5088,0.5088,1.7378,0.8851,0.4074,0.4788,0.8259,0.5005,0.5503,0.8988,0.8988,0.3936,0.9152,0.8984,0.6937,0.8137,2.1667,0.8108,0.6257,0.7205,0.858
0.7984,0.714,0.714,1.7011,0.9152,0.3748,0.3876,0.9126,0.4566,0.7466,0.8568,0.8568,0.2124,0.9086,0.8709,0.706,0.9325,2.3214,0.7572,0.6791,0.8658,0.9324
0.8972,0.8568,0.8568,1.5255,0.8319,0.3244,0.2916,0.9192,0.439,0.8969,0.7044,0.7044,0.2004,0.8321,0.7618,0.6652,0.9886,2.3098,0.652,0.6696,0.9332,0.948
0.9238,0.9072,0.9072,1.2939,0.6788,0.2658,0.2472,0.8669,0.4368,0.945,0.5388,0.5388,0.2136,0.7047,0.6219,0.5801,0.9908,2.1549,0.4673,0.5775,0.9499,0.9036
0.8918,0.8076,0.8076,1.0041,0.4759,0.2319,0.186,0.744,0.3849,0.9155,0.3672,0.3672,0.216,0.51,0.4424,0.4103,0.9273,1.9392,0.3442,0.4643,0.9103,0.8004
0.7883,0.582,0.582,0.6796,0.2249,0.1969,0.078,0.5681,0.2689,0.8233,0.162,0.162,0.1524,0.2813,0.2235,0.2161,0.8014,1.585,0.1762,0.3357,0.8251,0.6396
0.6274,0.4308,0.4308,0.2732,0.0257,0.1696,0.0192,0.3184,0.1567,0.7097,0.03,0.03,0.0816,0.0647,0.0477,0.0532,0.6106,1.1042,0.0487,0.1672,0.6634,0.4152
0.4151,0.3816,0.3816,0.0042,0,0.0517,0,0.091,0.0481,0.5595,0,0,0.0192,0,0,6.00E-04,0.3456,0.4423,0,0.018,0.442,0.1572
0.1638,0.2112,0.2112,0,0,0,0,3.00E-04,2.00E-04,0.333,0,0,0,0,0,0,0.0779,0.0295,0,0,0.18,0.0012
0.0108,0.0324,0.0324,0,0,0,0,0,0,0.0952,0,0,0,0,0,0,0,0,0,0,0.006,0
0,0,0,0,0,0,0,0,0,0,0,0,0,0,0,0,0,0,0,0,0,0
0,0,0,0,0,0,0,0,0,0,0,0,0,0,0,0,0,0,0,0,0,0
0,0,0,0,0,0,0,0,0,0,0,0,0,0,0,0,0,0,0,0,0,0
0,0,0,0,0,0,0,0,0,0,0,0,0,0,0,0,0,0,0,0,0,0
0,0,0,0,0,0,0,0,0,0,0,0,0,0,0,0,0,0,0,0,0,0
0,0,0,0,0,0,0,0,0,0,0,0,0,0,0,0,0,0,0,0,0,0
0,0,0,0,0,0,0,0,0,0,0,0,0,0,0,0,0,0,0,0,0,0
0,0,0,0,0,0,0,0,0,0,0,0,0,0,0,0,0,0,0,0,0,0
0,0,0,0,0,0,0,0,0,0,0,0,0,0,0,0,0,0,0,0,0,0
0,0,0,0.0332,0.0811,0,0,0,0,0,0.0432,0.0432,0,0.0345,0.0277,0.0088,0,0,0.0054,0.001,0,0
0,0,0,0.4714,0.2603,0.0365,0.0204,0.0538,0.028,0,0.2724,0.2724,0.0324,0.2069,0.1711,0.0573,0,0.0529,0.1105,0.104,4.00E-04,0.0168
0.0021,0,0,0.9874,0.4547,0.1863,0.066,0.3024,0.1807,8.00E-04,0.3732,0.3732,0.1464,0.4408,0.2551,0.1474,0.0935,0.6735,0.2841,0.2972,0.0194,0.24
0.1213,0.0408,0.0408,1.3894,0.5985,0.3789,0.126,0.556,0.3845,0.0289,0.3276,0.3276,0.2928,0.6185,0.3073,0.2661,0.3766,1.4694,0.4499,0.4017,0.24,0.5004
0.3568,0.222,0.222,1.6594,0.674,0.5619,0.1932,0.7471,0.5868,0.1797,0.4224,0.4224,0.4584,0.6585,0.3924,0.3578,0.6299,2.106,0.5701,0.4357,0.5047,0.7032
0.5962,0.5472,0.5472,1.8164,0.6331,0.6888,0.2388,0.8729,0.7363,0.4268,0.4824,0.4824,0.5928,0.5629,0.4183,0.4014,0.8184,2.5372,0.663,0.4849,0.7065,0.8412
0.7621,0.7728,0.7728,1.8558,0.6133,0.7462,0.2616,0.9367,0.8002,0.6144,0.3696,0.3696,0.6696,0.469,0.3249,0.3641,0.9384,2.7856,0.7041,0.5278,0.8291,0.9168
0.8363,0.888,0.888,1.7751,0.5242,0.7521,0.2436,0.9407,0.752,0.7278,0.2808,0.2808,0.6612,0.3867,0.2377,0.2959,0.9959,2.8468,0.67,0.5248,0.8595,0.9348
0.8402,0.954,0.954,1.5886,0.3345,0.7039,0.2172,0.8841,0.7012,0.8865,0.264,0.264,0.5892,0.2891,0.208,0.2124,0.9923,2.7267,0.5466,0.4807,0.8309,0.894
0.7996,0.9492,0.9492,1.2679,0.2111,0.6085,0.1548,0.7668,0.595,0.9231,0.2172,0.2172,0.4668,0.168,0.1649,0.1563,0.9262,2.4283,0.3442,0.4779,0.7615,0.7932
0.7152,0.8436,0.8436,0.8294,0.1058,0.4421,0.0852,0.5884,0.4027,0.8498,0.0936,0.0936,0.2856,0.0567,0.0755,0.0964,0.7999,1.9324,0.1545,0.358,0.628,0.6312
0.522,0.6636,0.6636,0.3091,0.0165,0.233,0.0276,0.3542,0.2423,0.7217,0.0144,0.0144,0.1128,0.0108,0.0129,0.0322,0.6052,1.2723,0.0419,0.1606,0.4505,0.4092
0.2902,0.4896,0.4896,0.0043,0,0.0622,0,0.1045,0.08,0.5365,0,0,0.0156,0,0,0.0014,0.3511,0.5149,0,0.0228,0.2587,0.156
0.1131,0.2784,0.2784,0,0,0,0,3.00E-04,5.00E-04,0.2917,0,0,0,0,0,0,0.0803,0.0323,0,0,0.0971,0.0012
0.0084,0.0588,0.0588,0,0,0,0,0,0,0.0745,0,0,0,0,0,0,0,0,0,0,0.0047,0
0,0,0,0,0,0,0,0,0,0,0,0,0,0,0,0,0,0,0,0,0,0
0,0,0,0,0,0,0,0,0,0,0,0,0,0,0,0,0,0,0,0,0,0
0,0,0,0,0,0,0,0,0,0,0,0,0,0,0,0,0,0,0,0,0,0
0,0,0,0,0,0,0,0,0,0,0,0,0,0,0,0,0,0,0,0,0,0
0,0,0,0,0,0,0,0,0,0,0,0,0,0,0,0,0,0,0,0,0,0
0,0,0,0,0,0,0,0,0,0,0,0,0,0,0,0,0,0,0,0,0,0
0,0,0,0,0,0,0,0,0,0,0,0,0,0,0,0,0,0,0,0,0,0
0,0,0,0,0,0,0,0,0,0,0,0,0,0,0,0,0,0,0,0,0,0
0,0,0,0,0,0,0,0,0,0,0,0,0,0,0,0,0,0,0,0,0,0
0,0,0,0.0332,0.0365,0,0.0012,0,0,0,0.0036,0.0036,0,0.0063,0.0079,0.0085,0,0,0.0168,0.001,0,0
0,0,0,0.3931,0.0862,0.0533,0.0792,0.0586,0.0514,0,0.0276,0.0276,0.072,0.0524,0.0554,0.092,0,0.055,0.2088,0.0937,4.00E-04,0.0168
0.0024,0,0,0.8094,0.1294,0.2554,0.2616,0.3059,0.2814,0.0011,0.0648,0.0648,0.2832,0.1092,0.1133,0.1875,0.0778,0.6466,0.416,0.3287,0.0144,0.2364
0.1257,0.0168,0.0168,1.1471,0.1473,0.4892,0.474,0.5541,0.5332,0.0295,0.1116,0.1116,0.5412,0.1695,0.1752,0.3131,0.2629,1.4153,0.6092,0.594,0.121,0.4932
0.3499,0.1104,0.1104,1.3435,0.1589,0.6956,0.534,0.7399,0.7046,0.142,0.1536,0.1536,0.7728,0.3589,0.2189,0.3986,0.4346,2.0438,0.7486,0.7669,0.2565,0.6948
0.5366,0.2556,0.2556,1.4909,0.1703,0.7987,0.63,0.8632,0.8431,0.2869,0.21,0.21,0.894,0.551,0.2842,0.4857,0.5947,2.4752,0.7444,0.8485,0.384,0.8316
0.6589,0.342,0.342,1.5016,0.1807,0.8593,0.72,0.9264,0.9178,0.4464,0.2328,0.2328,0.9468,0.6453,0.3185,0.5312,0.73,2.7132,0.6591,0.8564,0.4863,0.9072
0.7417,0.4548,0.4548,1.4138,0.1719,0.8542,0.7188,0.9306,0.9184,0.5674,0.2472,0.2472,0.9348,0.6303,0.3383,0.5456,0.7948,2.7617,0.5912,0.7995,0.6063,0.9252
0.7792,0.54,0.54,1.2178,0.1518,0.7828,0.5928,0.8758,0.8507,0.5913,0.2244,0.2244,0.8592,0.5117,0.2982,0.486,0.7947,2.6347,0.5155,0.7045,0.673,0.8856
0.7588,0.63,0.63,0.9515,0.1158,0.6569,0.4572,0.7604,0.7107,0.5157,0.1488,0.1488,0.7104,0.3309,0.206,0.3546,0.7483,2.3189,0.4115,0.5856,0.6089,0.7872
0.7322,0.6504,0.6504,0.6167,0.0564,0.4754,0.2496,0.584,0.5194,0.3814,0.0756,0.0756,0.4992,0.1691,0.1143,0.2024,0.642,1.815,0.2722,0.4017,0.4446,0.6264
0.6317,0.5244,0.5244,0.2117,0.0084,0.2692,0.1524,0.3505,0.2782,0.2663,0.0216,0.0216,0.2556,0.0398,0.0303,0.0646,0.4369,1.1616,0.1146,0.1569,0.2942,0.4068
0.3704,0.3252,0.3252,0.0015,0,0.0701,0.0108,0.1041,0.0708,0.1501,0,0,0.0444,2.00E-04,0,0.0028,0.2011,0.4429,0.0018,0.0219,0.1645,0.1572
0.1643,0.1152,0.1152,0,0,5.00E-04,0,3.00E-04,2.00E-04,0.0615,0,0,0,0,0,0,0.0423,0.0206,0,0,0.069,0.0012
0.014,0.0096,0.0096,0,0,0,0,0,0,0.0115,0,0,0,0,0,0,0,0,0,0,0.0023,0
0,0,0,0,0,0,0,0,0,0,0,0,0,0,0,0,0,0,0,0,0,0
0,0,0,0,0,0,0,0,0,0,0,0,0,0,0,0,0,0,0,0,0,0
0,0,0,0,0,0,0,0,0,0,0,0,0,0,0,0,0,0,0,0,0,0
0,0,0,0,0,0,0,0,0,0,0,0,0,0,0,0,0,0,0,0,0,0
0,0,0,0,0,0,0,0,0,0,0,0,0,0,0,0,0,0,0,0,0,0
0,0,0,0,0,0,0,0,0,0,0,0,0,0,0,0,0,0,0,0,0,0
0,0,0,0,0,0,0,0,0,0,0,0,0,0,0,0,0,0,0,0,0,0
0,0,0,0,0,0,0,0,0,0,0,0,0,0,0,0,0,0,0,0,0,0
0,0,0,0,0,0,0,0,0,0,0,0,0,0,0,0,0,0,0,0,0,0
0,0,0,0.0356,0.0439,0,0.006,0,1.00E-04,0,0.0828,0.0828,0,0.0373,0.07,0.0422,0,0,0.018,0.0017,0,0
0,0,0,0.4904,0.1955,0.0559,0.2088,0.057,0.0412,0,0.3384,0.3384,0.0696,0.3052,0.3276,0.2784,0,0.0482,0.2382,0.1287,4.00E-04,0.018
0.0028,0,0,1.0109,0.4904,0.2235,0.516,0.2983,0.2163,0.0014,0.6252,0.6252,0.1944,0.5822,0.6094,0.5402,0.0371,0.5223,0.5048,0.3738,0.0163,0.2424
0.1323,0.0732,0.0732,1.4269,0.8256,0.4602,0.7716,0.5429,0.4118,0.0303,0.8376,0.8376,0.3312,0.7915,0.8158,0.7585,0.1579,1.1835,0.7214,0.6062,0.213,0.498
0.3444,0.3276,0.3276,1.7158,0.9709,0.6545,0.948,0.7306,0.5814,0.1633,0.9804,0.9804,0.51,0.9276,0.9605,0.9183,0.342,1.8162,0.869,0.7893,0.484,0.6984
0.5197,0.6048,0.6048,1.8727,0.9789,0.7563,1,0.8554,0.6778,0.3444,1,1,0.6048,0.993,1,0.992,0.5831,2.2743,0.9487,0.9039,0.7188,0.8352
0.6887,0.7992,0.7992,1.9095,0.9778,0.827,1,0.9179,0.6837,0.5371,1,1,0.7008,0.988,1,0.995,0.7558,2.5029,0.9661,0.9468,0.8729,0.9108
0.7751,0.9276,0.9276,1.8267,0.9477,0.8411,1,0.9253,0.6746,0.6541,0.9708,0.9708,0.7656,0.9254,0.9762,0.9756,0.9069,2.5559,0.9253,0.9319,0.9581,0.9288
0.8026,0.9828,0.9828,1.6236,0.7841,0.8025,0.948,0.8688,0.6558,0.7235,0.8424,0.8424,0.7404,0.8061,0.8493,0.8719,0.9784,2.4651,0.8203,0.8504,0.9781,0.8892
0.7853,0.9744,0.9744,1.2958,0.5493,0.6744,0.7812,0.7548,0.5684,0.7666,0.6348,0.6348,0.5916,0.6222,0.6489,0.6907,0.9292,2.2013,0.6535,0.7061,0.9396,0.792
0.7244,0.9036,0.9036,0.8479,0.2643,0.4836,0.5424,0.5776,0.3984,0.7616,0.3504,0.3504,0.4152,0.3714,0.3745,0.4375,0.8032,1.7097,0.4255,0.5003,0.8423,0.6324
0.6055,0.7692,0.7692,0.3277,0.0379,0.2623,0.2496,0.3496,0.2194,0.6088,0.0768,0.0768,0.2244,0.103,0.0962,0.1572,0.6169,1.0553,0.1645,0.2508,0.6762,0.414
0.4301,0.5676,0.5676,0.0042,0,0.0642,0.0156,0.1041,0.059,0.3995,0,0,0.0468,2.00E-04,0,0.0062,0.367,0.4082,0.0024,0.0357,0.4501,0.162
0.2102,0.3096,0.3096,0,0,5.00E-04,0,6.00E-04,1.00E-04,0.185,0,0,0,0,0,0,0.096,0.0298,0,0,0.1881,0.0024
0.0211,0.06,0.06,0,0,0,0,0,0,0.0423,0,0,0,0,0,0,0,0,0,0,0.0088,0
0,0,0,0,0,0,0,0,0,0,0,0,0,0,0,0,0,0,0,0,0,0
0,0,0,0,0,0,0,0,0,0,0,0,0,0,0,0,0,0,0,0,0,0
0,0,0,0,0,0,0,0,0,0,0,0,0,0,0,0,0,0,0,0,0,0
0,0,0,0,0,0,0,0,0,0,0,0,0,0,0,0,0,0,0,0,0,0
0,0,0,0,0,0,0,0,0,0,0,0,0,0,0,0,0,0,0,0,0,0
0,0,0,0,0,0,0,0,0,0,0,0,0,0,0,0,0,0,0,0,0,0
0,0,0,0,0,0,0,0,0,0,0,0,0,0,0,0,0,0,0,0,0,0
0,0,0,0,0,0,0,0,0,0,0,0,0,0,0,0,0,0,0,0,0,0
0,0,0,0,1.00E-04,0,0,0,0,0,0,0,0,0,0,0,0,0,0,0,0,0
0,0,0,0.0332,0.1647,0,0.0072,0,1.00E-04,0,0.1152,0.1152,0,0.0728,0.093,0.0505,0,0,0.0192,0.0025,0,0
0,0,0,0.4525,0.4813,0.0665,0.1704,0.0532,0.0391,0,0.426,0.426,0.0852,0.3608,0.3976,0.3104,0,0.0435,0.2533,0.1114,4.00E-04,0.0168
0.0049,0,0,0.9516,0.7524,0.2479,0.4188,0.2582,0.2094,0.0012,0.7068,0.7068,0.2796,0.6431,0.6834,0.6024,0.0888,0.5078,0.53,0.3513,0.0187,0.15
0.1579,0.078,0.078,1.3483,0.9453,0.5032,0.624,0.47,0.4389,0.0187,0.9096,0.9096,0.5832,0.8573,0.8934,0.829,0.3354,1.2081,0.7509,0.632,0.2381,0.2748
0.4125,0.2904,0.2904,1.5346,1,0.7145,0.864,0.6176,0.5954,0.097,1,1,0.7932,0.9965,1,0.966,0.615,1.8185,0.9051,0.8229,0.5065,0.3648
0.6278,0.4956,0.4956,1.7576,1,0.8408,0.984,0.6961,0.6893,0.2075,1,1,0.8628,1,1,0.9953,0.8225,2.2554,0.982,0.9223,0.719,0.4404
0.7702,0.7224,0.7224,1.809,1,0.8162,0.9648,0.7485,0.8101,0.3156,1,1,0.6852,1,1,0.9981,0.9472,2.4652,0.9915,0.9541,0.8665,0.5184
0.7445,0.8928,0.8928,1.6765,0.9856,0.7523,0.7956,0.7729,0.8769,0.4449,0.9948,0.9948,0.5484,0.9989,0.9978,0.9861,0.989,2.5051,0.9591,0.9305,0.9408,0.6312
0.6593,0.948,0.948,1.4571,0.8167,0.6842,0.6048,0.7657,0.8265,0.4132,0.852,0.852,0.5964,0.8723,0.8629,0.8699,0.9453,2.3539,0.8529,0.8466,0.9601,0.7524
0.6627,0.96,0.96,1.1981,0.5041,0.5452,0.3444,0.693,0.6715,0.325,0.636,0.636,0.6348,0.6711,0.6564,0.6726,0.8756,2.0375,0.6836,0.6892,0.9248,0.7416
0.7475,0.8952,0.8952,0.7874,0.1821,0.3484,0.1728,0.5273,0.4555,0.2606,0.3528,0.3528,0.4668,0.4083,0.384,0.4141,0.772,1.5874,0.4472,0.432,0.843,0.5856
0.666,0.7776,0.7776,0.3181,0.0235,0.1632,0.0972,0.3013,0.2583,0.2116,0.0732,0.0732,0.1968,0.1171,0.1006,0.1342,0.5561,1.0171,0.1717,0.1844,0.6801,0.3588
0.4669,0.5772,0.5772,0.0057,0,0.0372,0.0084,0.083,0.0777,0.1367,0,0,0.0252,2.00E-04,0,0.0028,0.2603,0.4047,0.0036,0.0233,0.4562,0.1344
0.2221,0.3156,0.3156,0,0,0,0,6.00E-04,5.00E-04,0.0704,0,0,0,0,0,0,0.0621,0.0336,0,0,0.1929,0.0024
0.0226,0.066,0.066,0,0,0,0,0,0,0.0187,0,0,0,0,0,0,0,0,0,0,0.0089,0
0,0,0,0,0,0,0,0,0,0,0,0,0,0,0,0,0,0,0,0,0,0
0,0,0,0,0,0,0,0,0,0,0,0,0,0,0,0,0,0,0,0,0,0
0,0,0,0,0,0,0,0,0,0,0,0,0,0,0,0,0,0,0,0,0,0
0,0,0,0,0,0,0,0,0,0,0,0,0,0,0,0,0,0,0,0,0,0
0,0,0,0,0,0,0,0,0,0,0,0,0,0,0,0,0,0,0,0,0,0
0,0,0,0,0,0,0,0,0,0,0,0,0,0,0,0,0,0,0,0,0,0
0,0,0,0,0,0,0,0,0,0,0,0,0,0,0,0,0,0,0,0,0,0
0,0,0,0,0,0,0,0,0,0,0,0,0,0,0,0,0,0,0,0,0,0
0,0,0,0,1.00E-04,0,0,0,0,0,0,0,0,0,0,0,0,0,0,0,0,0
0,0,0,0.0332,0.0703,0,0.0072,0,1.00E-04,0,0.0996,0.0996,0,0.0704,0.0745,0.0359,0,0,0.0185,0.0023,0,0
0,0,0,0.4095,0.2893,0.08,0.192,0.0513,0.0635,0,0.3612,0.3612,0.1212,0.3343,0.3229,0.2119,0,0.0588,0.1969,0.0831,3.00E-04,0.0132
0.0028,0,0,0.9086,0.4638,0.3169,0.4668,0.2183,0.2971,0.0019,0.552,0.552,0.3864,0.5873,0.5371,0.4317,0.102,0.5675,0.421,0.2135,0.0203,0.156
0.1504,0.1032,0.1032,1.308,0.5739,0.5645,0.6996,0.3972,0.5406,0.0483,0.6612,0.6612,0.6336,0.7716,0.6871,0.6321,0.3852,1.2769,0.6062,0.3451,0.2358,0.3156
0.3964,0.264,0.264,1.6607,0.5791,0.7512,0.8616,0.5463,0.7427,0.1519,0.8568,0.8568,0.8172,0.898,0.8285,0.7816,0.6407,1.8563,0.7587,0.479,0.4973,0.3552
0.6041,0.3924,0.3924,1.8264,0.3967,0.87,0.9528,0.6547,0.8629,0.2662,0.852,0.852,0.9288,0.9473,0.7867,0.8183,0.8265,2.2418,0.7987,0.5853,0.7066,0.354
0.6944,0.4968,0.4968,1.856,0.4929,0.9239,0.9696,0.706,0.9145,0.3344,0.5844,0.5844,0.9756,0.9366,0.6168,0.7938,0.9449,2.4833,0.7906,0.6006,0.8501,0.4548
0.7051,0.564,0.564,1.7741,0.2465,0.9111,0.912,0.7689,0.9492,0.3579,0.456,0.456,0.9516,0.8718,0.4918,0.6433,0.9977,2.5896,0.722,0.5515,0.9297,0.6336
0.7227,0.624,0.624,1.5597,0.3448,0.8305,0.7872,0.7477,0.9023,0.3599,0.5556,0.5556,0.858,0.7489,0.4979,0.5489,0.9909,2.4794,0.6051,0.4519,0.951,0.6984
0.6739,0.5772,0.5772,1.2505,0.3028,0.6997,0.6,0.6556,0.7801,0.3512,0.5532,0.5532,0.7488,0.5617,0.4835,0.5113,0.9248,2.1439,0.4424,0.3579,0.9129,0.5664
0.4977,0.4728,0.4728,0.8177,0.1206,0.4819,0.3468,0.4887,0.5977,0.3359,0.2892,0.2892,0.5496,0.3251,0.2878,0.3365,0.7904,1.6058,0.2611,0.2874,0.8129,0.384
0.3278,0.2784,0.2784,0.3063,0.0221,0.2397,0.126,0.2754,0.3589,0.3004,0.0624,0.0624,0.2988,0.0813,0.0756,0.1188,0.5544,0.982,0.0939,0.1758,0.6526,0.192
0.1908,0.138,0.138,0.0037,0,0.051,0.0084,0.0776,0.1124,0.2009,0,0,0.0588,1.00E-04,0,0.0056,0.2779,0.3986,0.0018,0.0281,0.4353,0.0672
0.0726,0.1416,0.1416,0,0,0,0,0,0.001,0.0929,0,0,0,0,0,0,0.0707,0.0324,0,0,0.1863,0
0.0055,0.0564,0.0564,0,0,0,0,0,0,0.0178,0,0,0,0,0,0,0,0,0,0,0.0087,0
0,0,0,0,0,0,0,0,0,0,0,0,0,0,0,0,0,0,0,0,0,0
0,0,0,0,0,0,0,0,0,0,0,0,0,0,0,0,0,0,0,0,0,0
0,0,0,0,0,0,0,0,0,0,0,0,0,0,0,0,0,0,0,0,0,0
0,0,0,0,0,0,0,0,0,0,0,0,0,0,0,0,0,0,0,0,0,0
0,0,0,0,0,0,0,0,0,0,0,0,0,0,0,0,0,0,0,0,0,0
0,0,0,0,0,0,0,0,0,0,0,0,0,0,0,0,0,0,0,0,0,0
0,0,0,0,0,0,0,0,0,0,0,0,0,0,0,0,0,0,0,0,0,0
0,0,0,0,0,0,0,0,0,0,0,0,0,0,0,0,0,0,0,0,0,0
0,0,0,0,0,0,0,0,0,0,0,0,0,0,0,0,0,0,0,0,0,0
0,0,0,0.0403,0.0409,3.00E-04,0.0096,0,1.00E-04,0,0.0864,0.0864,0,0.0704,0.0737,0.0458,0,0,0.0192,0.0027,0,0
0,0,0,0.4781,0.182,0.09,0.2112,0.0499,0.0507,0,0.3336,0.3336,0.1212,0.3319,0.3153,0.2844,0,0.0449,0.2146,0.1012,2.00E-04,0.0108
0.0064,0,0,0.9858,0.3433,0.2757,0.4992,0.2239,0.2089,0.0025,0.588,0.588,0.3156,0.5884,0.5862,0.5589,0.0469,0.451,0.4619,0.2893,0.0192,0.0972
0.1409,0.0684,0.0684,1.395,0.4537,0.4513,0.6684,0.4042,0.3812,0.0266,0.744,0.744,0.48,0.7823,0.7621,0.7742,0.1816,1.0812,0.6636,0.4581,0.2336,0.1884
0.4072,0.3084,0.3084,1.6741,0.5657,0.5938,0.8604,0.5346,0.5384,0.091,0.8316,0.8316,0.576,0.8704,0.8534,0.8906,0.3206,1.6095,0.7981,0.551,0.4967,0.2424
0.5777,0.6096,0.6096,1.8324,0.6435,0.705,0.9732,0.6152,0.6531,0.1247,0.7152,0.7152,0.6168,0.9748,0.8045,0.9303,0.4691,2.0423,0.859,0.6541,0.7069,0.2556
0.6708,0.7764,0.7764,1.866,0.5869,0.7619,1,0.6709,0.7129,0.1727,0.702,0.702,0.6552,0.9856,0.806,0.9339,0.7649,2.2642,0.8497,0.7456,0.849,0.258
0.6764,0.8628,0.8628,1.7398,0.4737,0.7572,1,0.6878,0.7287,0.2082,0.5772,0.5772,0.6456,0.9263,0.753,0.9196,0.976,2.2966,0.7688,0.7307,0.9247,0.2448
0.6532,0.9072,0.9072,1.4887,0.353,0.7251,0.9144,0.6448,0.688,0.2668,0.5136,0.5136,0.6156,0.8045,0.6806,0.8278,0.9971,2.1433,0.6561,0.6111,0.943,0.2316
0.6805,0.9144,0.9144,0.9724,0.274,0.6246,0.732,0.5323,0.5992,0.2687,0.4044,0.4044,0.5064,0.6176,0.5295,0.6417,0.936,1.8243,0.4625,0.4679,0.9068,0.204
0.6388,0.8616,0.8616,0.3934,0.1556,0.4244,0.4968,0.3911,0.4534,0.2342,0.2664,0.2664,0.2868,0.369,0.3334,0.3887,0.81,1.3346,0.2436,0.2679,0.8105,0.156
0.5814,0.7392,0.7392,0.101,0.0277,0.2236,0.2256,0.2137,0.2414,0.2324,0.0624,0.0624,0.138,0.1075,0.092,0.1283,0.6178,0.8613,0.0812,0.1265,0.6559,0.0924
0.4379,0.5556,0.5556,0.001,0,0.0665,0.0156,0.0532,0.0512,0.1833,0,0,0.036,1.00E-04,0,0.0041,0.3581,0.3677,0.0012,0.0189,0.4399,0.0336
0.1644,0.3012,0.3012,0,0,9.00E-04,0,0,6.00E-04,0.1138,0,0,0,0,0,0,0.099,0.0342,0,0,0.1796,0
0.0155,0.0624,0.0624,0,0,0,0,0,0,0.0302,0,0,0,0,0,0,0,0,0,0,0.0088,0
0,0,0,0,0,0,0,0,0,0,0,0,0,0,0,0,0,0,0,0,0,0
0,0,0,0,0,0,0,0,0,0,0,0,0,0,0,0,0,0,0,0,0,0
0,0,0,0,0,0,0,0,0,0,0,0,0,0,0,0,0,0,0,0,0,0
0,0,0,0,0,0,0,0,0,0,0,0,0,0,0,0,0,0,0,0,0,0
0,0,0,0,0,0,0,0,0,0,0,0,0,0,0,0,0,0,0,0,0,0
0,0,0,0,0,0,0,0,0,0,0,0,0,0,0,0,0,0,0,0,0,0
0,0,0,0,0,0,0,0,0,0,0,0,0,0,0,0,0,0,0,0,0,0
0,0,0,0,0,0,0,0,0,0,0,0,0,0,0,0,0,0,0,0,0,0
0,0,0,0,0.001,0,0,0,0,0,0,0,0,0,0,0,0,0,0,0,0,0
0,0,0,0.0427,0.1409,3.00E-04,0.012,0,1.00E-04,0,0.1152,0.1152,0,0.0656,0.0895,0.0462,0,0,0.0173,0.0019,0,0
0,0,0,0.4422,0.4125,0.0403,0.0816,0.032,0.0252,0,0.4128,0.4128,0.018,0.2967,0.374,0.2473,0,0.0612,0.1981,0.0754,2.00E-04,0.0108
0.0069,0,0,0.8889,0.6705,0.2007,0.1704,0.1642,0.1637,0.0025,0.6768,0.6768,0.1212,0.5212,0.64,0.4461,0.0902,0.5847,0.4518,0.2512,0.0194,0.1068
0.1543,0.1068,0.1068,1.287,0.879,0.416,0.27,0.3087,0.3085,0.0307,0.8712,0.8712,0.2148,0.754,0.8358,0.6366,0.3508,1.2946,0.6595,0.4376,0.2152,0.2292
0.3343,0.3756,0.3756,1.5759,0.9858,0.5281,0.276,0.4276,0.4383,0.1083,0.9948,0.9948,0.1716,0.9146,0.9042,0.7333,0.6097,1.8466,0.8193,0.5367,0.4636,0.336
0.519,0.6156,0.6156,1.6567,0.9941,0.5989,0.2112,0.5508,0.5007,0.1971,1,1,0.1836,0.9491,0.8586,0.7281,0.7946,2.2133,0.8706,0.5654,0.6713,0.4584
0.7807,0.792,0.792,1.5523,0.9983,0.616,0.2136,0.6319,0.5345,0.2783,1,1,0.2988,0.8475,0.8593,0.7795,0.9211,2.4252,0.803,0.5529,0.8137,0.5304
0.8827,0.9036,0.9036,1.5268,0.9404,0.6049,0.2568,0.6285,0.5555,0.3606,0.9636,0.9636,0.3636,0.7973,0.9051,0.8469,0.977,2.5116,0.7589,0.5215,0.8873,0.522
0.9213,0.9384,0.9384,1.3824,0.7979,0.5358,0.1584,0.5208,0.5338,0.4235,0.8232,0.8232,0.3168,0.73,0.779,0.73,0.9717,2.4012,0.5931,0.4548,0.9029,0.42
0.8806,0.918,0.918,0.8912,0.5864,0.4224,0.1356,0.3807,0.4683,0.3675,0.6024,0.6024,0.2136,0.5732,0.5543,0.494,0.8886,2.0947,0.3744,0.3408,0.8431,0.2868
0.7768,0.8196,0.8196,0.3628,0.3119,0.3041,0.114,0.2404,0.369,0.306,0.354,0.354,0.1524,0.3387,0.2938,0.2267,0.6818,1.5877,0.1702,0.2209,0.7683,0.1848
0.6239,0.672,0.672,0.0953,0.0528,0.1642,0.0528,0.1113,0.2194,0.2388,0.0732,0.0732,0.0852,0.0947,0.0617,0.0577,0.4322,0.9798,0.0462,0.1168,0.6339,0.0996
0.4117,0.4788,0.4788,0.0013,0,0.0437,0.0036,0.0285,0.0735,0.1961,0,0,0.012,0,0,9.00E-04,0.1798,0.4018,0,0.0219,0.4229,0.0336
0.1718,0.2364,0.2364,0,0,5.00E-04,0,0,0.0012,0.1049,0,0,0,0,0,0,0.0407,0.0366,0,0,0.1739,0
0.018,0.048,0.048,0,0,0,0,0,0,0.0239,0,0,0,0,0,0,0,0,0,0,0.0095,0
0,0,0,0,0,0,0,0,0,0,0,0,0,0,0,0,0,0,0,0,0,0
0,0,0,0,0,0,0,0,0,0,0,0,0,0,0,0,0,0,0,0,0,0
0,0,0,0,0,0,0,0,0,0,0,0,0,0,0,0,0,0,0,0,0,0
0,0,0,0,0,0,0,0,0,0,0,0,0,0,0,0,0,0,0,0,0,0
0,0,0,0,0,0,0,0,0,0,0,0,0,0,0,0,0,0,0,0,0,0
0,0,0,0,0,0,0,0,0,0,0,0,0,0,0,0,0,0,0,0,0,0
0,0,0,0,0,0,0,0,0,0,0,0,0,0,0,0,0,0,0,0,0,0
0,0,0,0,0,0,0,0,0,0,0,0,0,0,0,0,0,0,0,0,0,0
0,0,0,0,4.00E-04,0,0,0,0,0,0,0,0,0,0,0,0,0,0,0,0,0
0,0,0,0.038,0.0397,0,0.0108,0,1.00E-04,0,0.0048,0.0048,0,0.0333,0.0126,0.0138,0,0,0.006,9.00E-04,0,0
0,0,0,0.373,0.1206,0.0455,0.1968,0.0414,0.0419,0,0.0192,0.0192,0.0732,0.1262,0.0524,0.0812,0,0.0344,0.0543,0.0626,4.00E-04,0.0204
0.007,0,0,0.8753,0.2207,0.1861,0.4836,0.2082,0.1569,0.0026,0.0348,0.0348,0.252,0.1793,0.0878,0.1591,0.0851,0.3282,0.1294,0.1895,0.0219,0.2148
0.1993,0.054,0.054,1.1786,0.3035,0.4822,0.66,0.3961,0.3182,0.0343,0.06,0.06,0.6144,0.2281,0.123,0.2368,0.3235,0.9264,0.234,0.3265,0.2364,0.4356
0.4651,0.1776,0.1776,1.3488,0.3907,0.6581,0.7116,0.5532,0.4451,0.092,0.0756,0.0756,0.8292,0.3476,0.1513,0.3115,0.5729,1.5485,0.3625,0.4393,0.4965,0.6108
0.6909,0.3888,0.3888,1.3976,0.4603,0.7283,0.8448,0.6712,0.575,0.1841,0.0936,0.0936,0.9636,0.4863,0.2099,0.4039,0.7818,1.939,0.4759,0.4911,0.7048,0.7176
0.8479,0.6108,0.6108,1.4184,0.49,0.8268,0.8628,0.7364,0.6974,0.3045,0.1224,0.1224,1,0.4075,0.2117,0.4121,0.9094,2.2507,0.4565,0.56,0.847,0.7572
0.9337,0.8712,0.8712,1.1937,0.4705,0.9164,0.7728,0.7498,0.6516,0.4172,0.1572,0.1572,0.9444,0.3363,0.2036,0.3924,0.9705,2.5,0.369,0.6003,0.9287,0.7584
0.9681,0.9312,0.9312,0.9088,0.4252,0.8259,0.7512,0.6614,0.6027,0.6071,0.1656,0.1656,0.7536,0.4344,0.1926,0.3589,0.9645,2.4281,0.2842,0.613,0.9488,0.7092
0.9449,0.9384,0.9384,0.8011,0.3337,0.6881,0.5964,0.536,0.5159,0.661,0.126,0.126,0.5916,0.3115,0.1394,0.2765,0.9015,2.1358,0.2245,0.5581,0.9117,0.6156
0.8611,0.876,0.876,0.6437,0.1791,0.5386,0.3636,0.3893,0.44,0.6391,0.0672,0.0672,0.5244,0.1022,0.0809,0.1678,0.7828,1.7258,0.1409,0.4228,0.8185,0.4764
0.7142,0.7428,0.7428,0.1942,0.0388,0.3142,0.1824,0.2168,0.2692,0.5841,0.024,0.024,0.2928,0.0172,0.0274,0.0807,0.6038,1.1576,0.0557,0.2124,0.6635,0.306
0.505,0.5028,0.5028,0.0013,0,0.0878,0.018,0.0663,0.0956,0.3955,0,0,0.054,1.00E-04,0,0.007,0.3627,0.4984,6.00E-04,0.0358,0.4469,0.1176
0.2485,0.2088,0.2088,0,0,0.0014,0,6.00E-04,0.0018,0.188,0,0,0,0,0,0,0.1006,0.045,0,0,0.1929,0.0024
0.0298,0.0324,0.0324,0,0,0,0,0,0,0.0493,0,0,0,0,0,0,0,0,0,0,0.01,0
0,0,0,0,0,0,0,0,0,0,0,0,0,0,0,0,0,0,0,0,0,0
0,0,0,0,0,0,0,0,0,0,0,0,0,0,0,0,0,0,0,0,0,0
0,0,0,0,0,0,0,0,0,0,0,0,0,0,0,0,0,0,0,0,0,0
0,0,0,0,0,0,0,0,0,0,0,0,0,0,0,0,0,0,0,0,0,0
0,0,0,0,0,0,0,0,0,0,0,0,0,0,0,0,0,0,0,0,0,0
0,0,0,0,0,0,0,0,0,0,0,0,0,0,0,0,0,0,0,0,0,0
0,0,0,0,0,0,0,0,0,0,0,0,0,0,0,0,0,0,0,0,0,0
0,0,0,0,0,0,0,0,0,0,0,0,0,0,0,0,0,0,0,0,0,0
0,0,0,0,0.0021,0,0,0,0,0,0,0,0,0,0,0,0,0,0,0,0,0
0,0,0,0.0403,0.1156,0,0.0084,0,1.00E-04,0,0.0864,0.0864,0,0.0558,0.0692,0.0357,0,0,0.0228,0.003,0,0
0,0,0,0.2794,0.3832,0.0358,0.1752,0.0482,0.0269,0,0.3204,0.3204,0.0516,0.2849,0.2789,0.1834,0,0.0694,0.2009,0.1074,4.00E-04,0.0192
0.0074,0,0,0.5244,0.6682,0.1936,0.4596,0.22,0.1362,0.0027,0.558,0.558,0.2436,0.5673,0.5046,0.4094,0.1151,0.6037,0.451,0.277,0.0234,0.1656
0.1735,0.1032,0.1032,0.7694,0.8123,0.4108,0.6408,0.4017,0.3063,0.0482,0.7344,0.7344,0.5112,0.7785,0.6399,0.5879,0.4054,1.3324,0.7079,0.4187,0.2421,0.3336
0.4096,0.3888,0.3888,1.0891,0.778,0.5839,0.6372,0.5496,0.4948,0.1742,0.7752,0.7752,0.6456,0.8651,0.7089,0.6992,0.6551,1.92,0.8604,0.5211,0.5066,0.4728
0.6105,0.6504,0.6504,1.1557,0.6679,0.7145,0.51,0.6503,0.6386,0.3387,0.7476,0.7476,0.606,0.9224,0.7998,0.8632,0.8351,2.3206,0.9372,0.629,0.7221,0.5604
0.7356,0.846,0.846,0.9886,0.5647,0.7617,0.3924,0.6977,0.8329,0.4643,0.6384,0.6384,0.5628,0.9104,0.7666,0.8984,0.9467,2.5556,0.9382,0.7425,0.8745,0.6036
0.8136,0.9708,0.9708,1.0192,0.4437,0.7619,0.3336,0.7014,0.8302,0.4556,0.5028,0.5028,0.5712,0.7278,0.6675,0.8538,0.9983,2.5886,0.7862,0.7182,0.9545,0.6036
0.8148,1,1,1.0627,0.2859,0.709,0.294,0.6611,0.7693,0.4899,0.2688,0.2688,0.5772,0.5611,0.5009,0.7008,0.9911,2.4732,0.6027,0.5819,0.9801,0.5724
0.7986,1,1,0.8749,0.1198,0.5846,0.2592,0.5649,0.6461,0.4837,0.1104,0.1104,0.4404,0.4444,0.3409,0.474,0.9287,2.1798,0.5071,0.4262,0.9478,0.5004
0.71,0.9408,0.9408,0.6026,0.0343,0.4247,0.1788,0.4167,0.5042,0.4314,0.0576,0.0576,0.288,0.2993,0.196,0.2826,0.8063,1.7108,0.3599,0.3099,0.8566,0.396
0.5833,0.8064,0.8064,0.2559,0.0036,0.263,0.0912,0.2424,0.329,0.3139,0.0084,0.0084,0.1848,0.1141,0.0375,0.0777,0.6214,1.0938,0.1499,0.174,0.6959,0.2616
0.4073,0.6072,0.6072,0.0066,0,0.0833,0.0096,0.0791,0.1163,0.1978,0,0,0.0432,3.00E-04,0,0.0037,0.379,0.4576,0.0048,0.0372,0.4727,0.1068
0.2054,0.3516,0.3516,0,0,0.0014,0,6.00E-04,0.0023,0.1081,0,0,0,0,0,0,0.1137,0.0415,0,0,0.2084,0.0024
0.029,0.084,0.084,0,0,0,0,0,0,0.0366,0,0,0,0,0,0,0,0,0,0,0.0125,0
0,0,0,0,0,0,0,0,0,0,0,0,0,0,0,0,0,0,0,0,0,0
0,0,0,0,0,0,0,0,0,0,0,0,0,0,0,0,0,0,0,0,0,0
0,0,0,0,0,0,0,0,0,0,0,0,0,0,0,0,0,0,0,0,0,0
0,0,0,0,0,0,0,0,0,0,0,0,0,0,0,0,0,0,0,0,0,0
0,0,0,0,0,0,0,0,0,0,0,0,0,0,0,0,0,0,0,0,0,0
0,0,0,0,0,0,0,0,0,0,0,0,0,0,0,0,0,0,0,0,0,0
0,0,0,0,0,0,0,0,0,0,0,0,0,0,0,0,0,0,0,0,0,0
0,0,0,0,0,0,0,0,0,0,0,0,0,0,0,0,0,0,0,0,0,0
0,0,0,0,0.001,0,0,0,0,0,0,0,0,0,0,0,0,0,0,0,0,0
0,0,0,0.0403,0.0902,0.0011,0.0108,0,1.00E-04,0,0.1128,0.1128,0.0012,0.0731,0.0928,0.0551,0,0,0.0252,0.0043,0,0
0,0,0,0.4358,0.2696,0.0933,0.1932,0.0264,0.0707,0,0.4008,0.4008,0.1284,0.3369,0.3789,0.2956,0,0.0713,0.2411,0.1329,2.00E-04,0.0072
0.0084,0,0,0.9192,0.4765,0.318,0.5208,0.1283,0.2808,0.0023,0.6612,0.6612,0.3792,0.6139,0.6502,0.5823,0.0914,0.5688,0.4889,0.3416,0.0215,0.078
0.2299,0.1332,0.1332,1.347,0.7167,0.5606,0.7536,0.2502,0.4742,0.0363,0.8508,0.8508,0.612,0.8289,0.8498,0.8017,0.3244,1.2643,0.6857,0.5314,0.2527,0.1992
0.5185,0.4164,0.4164,1.6228,0.8244,0.7434,0.9168,0.349,0.6189,0.1565,0.9648,0.9648,0.798,0.9652,0.9756,0.9475,0.5266,1.8246,0.8159,0.6704,0.5181,0.342
0.7607,0.6588,0.6588,1.7459,0.8118,0.8686,1,0.4045,0.7432,0.3509,1,1,0.9228,0.9932,1,0.9878,0.6981,2.1654,0.8799,0.7543,0.7416,0.4392
0.9285,0.8352,0.8352,1.7838,0.78,0.9274,1,0.409,0.7911,0.5348,1,1,0.9756,0.9923,1,0.9915,0.8225,2.2944,0.8791,0.7885,0.8864,0.468
1,0.9456,0.9456,1.7069,0.72,0.9239,1,0.3891,0.7812,0.7193,0.954,0.954,0.9612,0.9731,0.9745,0.9812,0.8739,2.293,0.817,0.7609,0.9615,0.4236
0.9994,0.99,0.99,1.5152,0.6192,0.8564,0.912,0.34,0.7358,0.92,0.828,0.828,0.876,0.8449,0.8476,0.8679,0.8834,2.1435,0.6803,0.683,0.9595,0.3528
0.9612,0.972,0.972,1.2004,0.4832,0.7207,0.75,0.2638,0.6199,0.9515,0.6288,0.6288,0.7044,0.652,0.6522,0.6885,0.8196,1.8767,0.5171,0.556,0.9385,0.2844
0.8935,0.9048,0.9048,0.7815,0.2488,0.5234,0.42,0.1834,0.4392,0.8674,0.3708,0.3708,0.474,0.4029,0.397,0.4469,0.7077,1.4713,0.3332,0.3994,0.8372,0.2304
0.7405,0.7812,0.7812,0.3033,0.0537,0.2917,0.1836,0.105,0.2616,0.7275,0.0984,0.0984,0.234,0.128,0.1195,0.1732,0.5358,0.9482,0.1321,0.2067,0.6745,0.1512
0.5293,0.5892,0.5892,0.0076,0,0.0834,0.0228,0.0317,0.0932,0.453,0,0,0.0528,3.00E-04,0,0.0083,0.3162,0.3869,0.0048,0.0376,0.4588,0.0576
0.2708,0.342,0.342,0,0,0.0018,0,3.00E-04,0.0021,0.1508,0,0,0,0,0,0,0.0922,0.0277,0,0,0.2099,0.0012
0.0355,0.084,0.084,0,0,0,0,0,0,0.041,0,0,0,0,0,0,0,0.0001,0,0,0.0125,0
0,0,0,0,0,0,0,0,0,0,0,0,0,0,0,0,0,0,0,0,0,0
0,0,0,0,0,0,0,0,0,0,0,0,0,0,0,0,0,0,0,0,0,0
0,0,0,0,0,0,0,0,0,0,0,0,0,0,0,0,0,0,0,0,0,0
0,0,0,0,0,0,0,0,0,0,0,0,0,0,0,0,0,0,0,0,0,0
0,0,0,0,0,0,0,0,0,0,0,0,0,0,0,0,0,0,0,0,0,0
0,0,0,0,0,0,0,0,0,0,0,0,0,0,0,0,0,0,0,0,0,0
0,0,0,0,0,0,0,0,0,0,0,0,0,0,0,0,0,0,0,0,0,0
0,0,0,0,0,0,0,0,0,0,0,0,0,0,0,0,0,0,0,0,0,0
0,0,0,0,0.0029,0,0,0,0,0,0,0,0,0,0,0,0,0,0,0,0,0
0,0,0,0.0403,0.1799,7.00E-04,0.0096,0,1.00E-04,0,0.1344,0.1344,0,0.0866,0.1116,0.063,0,0,0.0228,0.0043,0,0
0,0,0,0.3942,0.474,0.0575,0.0996,0.0208,0.0473,0,0.4332,0.4332,0.072,0.361,0.4048,0.2829,0,0.0402,0.1944,0.0949,3.00E-04,0.0156
0.0091,0,0,0.8514,0.7268,0.1824,0.192,0.1103,0.1757,0.0035,0.6948,0.6948,0.2352,0.6316,0.6681,0.51,0.0411,0.2716,0.4124,0.2635,0.0176,0.138
0.2226,0.12,0.12,1.1731,0.9102,0.3155,0.252,0.2529,0.3087,0.0517,0.888,0.888,0.4056,0.8312,0.8629,0.7118,0.1849,0.5978,0.5954,0.4277,0.2364,0.288
0.506,0.384,0.384,1.3016,1,0.442,0.2784,0.3594,0.4678,0.2164,1,1,0.5724,0.9602,0.983,0.8446,0.4293,0.9672,0.7041,0.5138,0.4992,0.4116
0.7376,0.618,0.618,1.3659,1,0.5676,0.354,0.4275,0.6063,0.307,1,1,0.7272,0.9904,1,0.8949,0.6517,1.4167,0.7637,0.5499,0.7086,0.4968
0.8994,0.786,0.786,1.132,0.9986,0.6283,0.5844,0.4602,0.6755,0.3165,1,1,0.8112,0.9867,0.9994,0.8805,0.7363,1.7686,0.7338,0.5639,0.8433,0.5472
0.9821,0.8964,0.8964,1.166,0.947,0.5783,0.654,0.4515,0.6769,0.3844,0.9624,0.9624,0.7092,0.9313,0.9179,0.7673,0.6685,1.9068,0.6089,0.5563,0.9193,0.5688
1,0.9432,0.9432,1.1587,0.798,0.4554,0.534,0.3931,0.6067,0.4933,0.8064,0.8064,0.492,0.8132,0.7174,0.5721,0.5739,1.8155,0.429,0.5313,0.9345,0.5304
0.9856,0.9324,0.9324,0.9851,0.5412,0.3694,0.3276,0.3267,0.5609,0.5729,0.4728,0.4728,0.2664,0.6254,0.4344,0.4203,0.6974,1.645,0.2597,0.4161,0.8929,0.444
0.8937,0.8724,0.8724,0.6735,0.2461,0.2782,0.1704,0.2308,0.4606,0.5689,0.1752,0.1752,0.1656,0.3749,0.2565,0.2965,0.7035,1.2806,0.1141,0.2756,0.7979,0.3216
0.7332,0.7488,0.7488,0.2682,0.0538,0.1618,0.0864,0.1326,0.2736,0.5326,0.0768,0.0768,0.0828,0.1111,0.0953,0.1073,0.5152,0.8137,0.0377,0.1348,0.6514,0.1956
0.5141,0.5544,0.5544,0.0078,0,0.0504,0.0072,0.0398,0.0953,0.4558,0,0,0.0192,0,0,0.0036,0.2328,0.3131,0,0.0254,0.4494,0.072
0.2479,0.3132,0.3132,0,0,0.0014,0,3.00E-04,0.0027,0.2954,0,0,0,0,0,0,0.096,0.0317,0,0,0.2065,0.0012
0.0311,0.0768,0.0768,0,0,0,0,0,0,0.1117,0,0,0,0,0,0,0,0.0001,0,0,0.0133,0
0,0,0,0,0,0,0,0,0,0.0028,0,0,0,0,0,0,0,0,0,0,0,0
0,0,0,0,0,0,0,0,0,0,0,0,0,0,0,0,0,0,0,0,0,0
0,0,0,0,0,0,0,0,0,0,0,0,0,0,0,0,0,0,0,0,0,0
0,0,0,0,0,0,0,0,0,0,0,0,0,0,0,0,0,0,0,0,0,0
0,0,0,0,0,0,0,0,0,0,0,0,0,0,0,0,0,0,0,0,0,0
0,0,0,0,0,0,0,0,0,0,0,0,0,0,0,0,0,0,0,0,0,0
0,0,0,0,0,0,0,0,0,0,0,0,0,0,0,0,0,0,0,0,0,0
0,0,0,0,0,0,0,0,0,0,0,0,0,0,0,0,0,0,0,0,0,0
0,0,0,0,0.0041,0,0,0,0,0,0,0,0,0,0,0,0,0,0,0,0,0
0,0,0,0.0451,0.171,0.0011,0.0132,0,5.00E-04,0,0.114,0.114,0.0012,0.0525,0.0869,0.0419,0,0,0.024,0.0037,0,0
0,0,0,0.3568,0.457,0.0771,0.2352,0.0177,0.0851,0,0.3432,0.3432,0.1344,0.2522,0.3009,0.1846,0,0.0397,0.2106,0.1062,3.00E-04,0.0144
0.0084,0,0,0.6511,0.6979,0.2299,0.5268,0.1062,0.3038,0.0025,0.6372,0.6372,0.378,0.4478,0.5242,0.3272,0.0983,0.3306,0.4269,0.3047,0.0255,0.1332
0.1183,0.054,0.054,0.9166,0.873,0.385,0.7524,0.2181,0.5176,0.0523,0.8208,0.8208,0.636,0.5188,0.6676,0.4609,0.3658,0.7413,0.6032,0.4862,0.2473,0.2676
0.2514,0.1752,0.1752,1.1077,0.9758,0.516,0.9096,0.3133,0.684,0.1792,0.9372,0.9372,0.8364,0.6002,0.7677,0.5977,0.6454,1.1306,0.7354,0.6221,0.5007,0.4092
0.4745,0.3468,0.3468,1.2371,0.9909,0.6155,1,0.4299,0.7637,0.351,1,1,0.9624,0.6783,0.8107,0.6501,0.8447,1.5019,0.8105,0.6938,0.7051,0.6372
0.7118,0.5652,0.5652,1.2132,0.9763,0.6729,1,0.5097,0.7754,0.4599,1,1,1,0.6252,0.8383,0.6561,0.9753,1.8115,0.8302,0.6881,0.8359,0.7572
0.8684,0.7548,0.7548,1.0496,0.8856,0.6927,0.996,0.5269,0.7529,0.5322,0.9372,0.9372,1,0.5151,0.8282,0.6525,1,1.9088,0.7856,0.6378,0.8655,0.768
0.9023,0.8904,0.8904,0.8424,0.6873,0.6227,0.9036,0.4838,0.6945,0.6058,0.8028,0.8028,0.9444,0.418,0.7786,0.6487,0.9999,1.6891,0.6754,0.5507,0.8645,0.6876
0.9077,0.9528,0.9528,0.6415,0.4663,0.4768,0.7476,0.4057,0.5825,0.62,0.6084,0.6084,0.8064,0.3133,0.6069,0.545,0.956,1.3524,0.5174,0.4153,0.8111,0.594
0.8539,0.9036,0.9036,0.398,0.2298,0.3342,0.5268,0.3244,0.4198,0.5522,0.3576,0.3576,0.6024,0.2058,0.3541,0.3467,0.8276,1.0331,0.3194,0.2687,0.7066,0.4692
0.723,0.7764,0.7764,0.1376,0.0528,0.1928,0.2604,0.2154,0.2346,0.4588,0.0972,0.0972,0.3432,0.0683,0.1135,0.15,0.6343,0.6879,0.1285,0.1241,0.5775,0.312
0.5211,0.5856,0.5856,0.003,0,0.0469,0.03,0.0757,0.0697,0.3246,0,0,0.078,3.00E-04,5.00E-04,0.0102,0.3849,0.285,0.0054,0.0195,0.4132,0.1236
0.2657,0.3396,0.3396,0,0,0,0,0.0012,0.0018,0.1688,0,0,0,0,0,0,0.1175,0.0369,0,0,0.1689,0.0036
0.0377,0.0864,0.0864,0,0,0,0,0,0,0.054,0,0,0,0,0,0,0,0.0001,0,0,0.0105,0
0,0,0,0,0,0,0,0,0,6.00E-04,0,0,0,0,0,0,0,0,0,0,0,0
0,0,0,0,0,0,0,0,0,0,0,0,0,0,0,0,0,0,0,0,0,0
0,0,0,0,0,0,0,0,0,0,0,0,0,0,0,0,0,0,0,0,0,0
0,0,0,0,0,0,0,0,0,0,0,0,0,0,0,0,0,0,0,0,0,0
0,0,0,0,0,0,0,0,0,0,0,0,0,0,0,0,0,0,0,0,0,0
0,0,0,0,0,0,0,0,0,0,0,0,0,0,0,0,0,0,0,0,0,0
0,0,0,0,0,0,0,0,0,0,0,0,0,0,0,0,0,0,0,0,0,0
0,0,0,0,0,0,0,0,0,0,0,0,0,0,0,0,0,0,0,0,0,0
0,0,0,0,0.005,0,0,0,0,0,0,0,0,0,0,0,0,0,0,0,0,0
0,0,0,0.0261,0.1727,8.00E-04,0.0144,0,8.00E-04,0,0.1344,0.1344,0.0024,0.0386,0.1072,0.0564,0,0,0.0204,0.0038,0,0
0,0,0,0.1989,0.4411,0.0652,0.246,0.0236,0.0721,0,0.4224,0.4224,0.1368,0.1354,0.3773,0.2469,0,0.0574,0.1495,0.1042,5.00E-04,0.024
0.0108,0,0,0.3745,0.6838,0.2129,0.5304,0.1819,0.2628,0.0034,0.6804,0.6804,0.3864,0.2847,0.636,0.4525,0.1246,0.4564,0.3559,0.2761,0.0225,0.2412
0.1398,0.0516,0.0516,0.5019,0.8688,0.3727,0.7644,0.3814,0.4929,0.0516,0.8724,0.8724,0.6348,0.3253,0.8296,0.6258,0.4078,1.0025,0.5344,0.4632,0.1542,0.486
0.2876,0.2112,0.2112,0.5756,0.9694,0.4964,0.93,0.5962,0.7297,0.175,0.9936,0.9936,0.8268,0.3517,0.9561,0.7851,0.6552,1.5087,0.6123,0.6149,0.3782,0.6828
0.4222,0.534,0.534,0.6901,0.9698,0.6184,1,0.7814,0.9145,0.3553,1,1,0.9504,0.5121,0.9751,0.8476,0.8376,1.9814,0.6076,0.6251,0.5623,0.8196
0.5889,0.8436,0.8436,0.6671,0.921,0.7281,1,0.8627,0.9865,0.5521,1,1,1,0.543,0.9401,0.8095,0.9515,2.333,0.6159,0.5529,0.628,0.894
0.6899,0.9684,0.9684,0.7212,0.8299,0.7998,1,0.8854,0.9874,0.6434,0.9648,0.9648,1,0.4517,0.8934,0.7493,0.9865,2.5136,0.5836,0.4791,0.6454,0.9132
0.7867,1,1,0.7467,0.6676,0.8243,0.9264,0.8343,0.9372,0.6581,0.828,0.828,0.954,0.3426,0.7668,0.639,0.9473,2.5341,0.3586,0.4052,0.6088,0.8748
0.8387,1,1,0.7121,0.4605,0.7284,0.7656,0.7228,0.7954,0.6166,0.6252,0.6252,0.8196,0.2563,0.5777,0.4804,0.8879,2.2377,0.193,0.3211,0.5069,0.7788
0.7374,0.936,0.936,0.5099,0.2426,0.5491,0.54,0.5567,0.5732,0.5616,0.3492,0.3492,0.6168,0.1351,0.3379,0.2912,0.7353,1.7807,0.0931,0.2284,0.4136,0.6252
0.5838,0.804,0.804,0.2398,0.0583,0.3264,0.2688,0.3439,0.3349,0.4576,0.09,0.09,0.354,0.0388,0.1,0.1081,0.5145,1.2329,0.0356,0.1285,0.329,0.4152
0.4243,0.6024,0.6024,0.0093,0,0.1094,0.0324,0.1177,0.1152,0.3216,0,0,0.09,1.00E-04,5.00E-04,0.0081,0.2938,0.5589,0.0012,0.0298,0.2827,0.174
0.2492,0.3432,0.3432,0,0,0.0023,0,0.002,0.0041,0.191,0,0,0,0,0,0,0.0899,0.0455,0,0,0.1928,0.0072
0.0392,0.0876,0.0876,0,0,0,0,0,0,0.0745,0,0,0,0,0,0,0,0,0,0,0.0136,0
0,0,0,0,0,0,0,0,0,0.0022,0,0,0,0,0,0,0,0,0,0,0,0
0,0,0,0,0,0,0,0,0,0,0,0,0,0,0,0,0,0,0,0,0,0
0,0,0,0,0,0,0,0,0,0,0,0,0,0,0,0,0,0,0,0,0,0
0,0,0,0,0,0,0,0,0,0,0,0,0,0,0,0,0,0,0,0,0,0
0,0,0,0,0,0,0,0,0,0,0,0,0,0,0,0,0,0,0,0,0,0
0,0,0,0,0,0,0,0,0,0,0,0,0,0,0,0,0,0,0,0,0,0
0,0,0,0,0,0,0,0,0,0,0,0,0,0,0,0,0,0,0,0,0,0
0,0,0,0,0,0,0,0,0,0,0,0,0,0,0,0,0,0,0,0,0,0
0,0,0,0,0.005,0,0,0,0,0,0,0,0,0,0,0,0,0,0,0,0,0
0,0,0,0.0451,0.1733,0.0022,0.0144,0,8.00E-04,0,0.1392,0.1392,0.0024,0.0645,0.1164,0.0662,0,0,0.0096,0.0049,0,0
0,0,0,0.4149,0.4498,0.1304,0.2484,0.0752,0.1002,0,0.4296,0.4296,0.1668,0.2801,0.4051,0.3299,0,0.1165,0.1053,0.1765,6.00E-04,0.0264
0.0082,0,0,0.8426,0.7028,0.4033,0.5328,0.3182,0.3629,0.0019,0.6852,0.6852,0.45,0.5128,0.6666,0.6026,0.1225,0.7688,0.2782,0.452,0.028,0.2508
0.1621,0.1392,0.1392,1.2068,0.8767,0.6576,0.7632,0.56,0.6197,0.062,0.876,0.876,0.7008,0.7014,0.8629,0.8141,0.4032,1.5385,0.517,0.6947,0.2581,0.4932
0.3841,0.4236,0.4236,1.4627,0.9683,0.849,0.9228,0.7501,0.8184,0.2083,0.9972,0.9972,0.888,0.7256,0.989,0.9502,0.6564,2.1975,0.7687,0.876,0.523,0.6864
0.571,0.678,0.678,1.6314,0.9956,0.9693,1,0.8715,0.9477,0.4174,1,1,1,0.6165,1,0.9824,0.8482,2.6313,0.8935,0.9779,0.7372,0.8088
0.7168,0.8604,0.8604,1.5877,0.9988,0.9976,1,0.9304,0.9971,0.5452,1,1,1,0.6456,1,0.9838,0.9716,2.8601,0.9187,0.9916,0.8849,0.8676
0.8184,0.9744,0.9744,1.4761,0.9526,1,1,0.9291,1,0.6239,0.9708,0.9708,1,0.7172,0.9756,0.9741,0.9999,2.8831,0.9021,0.9908,0.9632,0.8652
0.8727,1,1,1.368,0.8073,0.9545,0.9168,0.8719,0.955,0.6787,0.8376,0.8376,0.9696,0.7569,0.8475,0.8717,0.9999,2.6579,0.8037,0.9143,0.9821,0.8136
0.8838,0.99,0.99,1.0972,0.6004,0.8241,0.7572,0.7554,0.8323,0.6467,0.6384,0.6384,0.8292,0.6428,0.6545,0.6985,0.9549,2.2114,0.6571,0.7704,0.9402,0.7032
0.8532,0.9276,0.9276,0.7562,0.3352,0.6284,0.5376,0.5787,0.6334,0.5508,0.3816,0.3816,0.6192,0.4103,0.4025,0.4616,0.8338,1.7215,0.4504,0.5626,0.8389,0.5292
0.7168,0.8016,0.8016,0.319,0.0725,0.3781,0.27,0.3494,0.3513,0.4408,0.1068,0.1068,0.3564,0.1358,0.1268,0.1886,0.6491,1.2335,0.1952,0.3046,0.6693,0.3072
0.5111,0.6012,0.6012,0.012,0,0.1204,0.0348,0.1145,0.0956,0.3526,0,0,0.0924,5.00E-04,5.00E-04,0.0133,0.4031,0.5823,0.0084,0.0622,0.4242,0.1116
0.2672,0.3456,0.3456,0,0,0.0036,0,0.0014,0.0018,0.2426,0,0,0,0,0,0,0.1272,0.0584,0,0,0.1536,0.0048
0.0405,0.0888,0.0888,0,0,0,0,0,0,0.1006,0,0,0,0,0,0,0,0.0002,0,0,0.0127,0
0,0,0,0,0,0,0,0,0,0.0038,0,0,0,0,0,0,0,0,0,0,0,0
0,0,0,0,0,0,0,0,0,0,0,0,0,0,0,0,0,0,0,0,0,0
0,0,0,0,0,0,0,0,0,0,0,0,0,0,0,0,0,0,0,0,0,0
0,0,0,0,0,0,0,0,0,0,0,0,0,0,0,0,0,0,0,0,0,0
0,0,0,0,0,0,0,0,0,0,0,0,0,0,0,0,0,0,0,0,0,0
0,0,0,0,0,0,0,0,0,0,0,0,0,0,0,0,0,0,0,0,0,0
0,0,0,0,0,0,0,0,0,0,0,0,0,0,0,0,0,0,0,0,0,0
0,0,0,0,0,0,0,0,0,0,0,0,0,0,0,0,0,0,0,0,0,0
0,0,0,0,0.0064,0,0,0,0,0,0.0012,0.0012,0,0,6.00E-04,0,0,0,0,0,0,0
0,0,0,0.0474,0.1869,0.0029,0.0144,0,0.0012,0,0.1368,0.1368,0.0036,0.0949,0.1162,0.0681,0,0,0.0311,0.0075,0,0
0,0,0,0.4152,0.4696,0.1093,0.2592,0.0773,0.0538,0,0.426,0.426,0.1464,0.3792,0.4055,0.3418,0,0.062,0.2856,0.1762,6.00E-04,0.0264
0.0108,0,0,0.8862,0.7106,0.255,0.5364,0.3209,0.1531,0.0042,0.6792,0.6792,0.3012,0.6449,0.6637,0.6132,0.1357,0.3802,0.5574,0.4636,0.0253,0.2472
0.2341,0.1392,0.1392,1.269,0.8781,0.4291,0.756,0.5587,0.2714,0.103,0.8664,0.8664,0.588,0.8472,0.8566,0.8206,0.4346,0.8441,0.7711,0.6956,0.1726,0.4908
0.5133,0.4164,0.4164,1.5553,0.919,0.5702,0.9072,0.7409,0.3726,0.3188,0.9864,0.9864,0.822,0.9776,0.9816,0.9581,0.6987,1.3047,0.9157,0.8586,0.3815,0.6912
0.7391,0.66,0.66,1.7002,0.8338,0.6621,0.9948,0.8586,0.4486,0.4899,1,1,0.9336,1,1,0.9984,0.8896,1.689,0.9933,0.9544,0.6059,0.8196
0.9003,0.8364,0.8364,1.6872,0.7876,0.7201,1,0.9162,0.4351,0.7186,1,1,0.9912,1,1,1,1,1.9648,1,0.9871,0.7836,0.8808
0.9787,0.948,0.948,1.559,0.6832,0.7086,0.9816,0.9192,0.4116,0.8574,0.9588,0.9588,0.966,0.9758,0.9673,0.982,1,2.0883,0.9674,0.9688,0.9088,0.894
0.9926,0.996,0.996,1.3488,0.5034,0.6628,0.8856,0.8679,0.4505,0.9717,0.8256,0.8256,0.8616,0.8497,0.8391,0.8683,1,2.0924,0.8624,0.8871,0.9392,0.864
0.9966,0.9864,0.9864,0.9642,0.3101,0.5396,0.7272,0.7506,0.4648,0.9887,0.6276,0.6276,0.5832,0.6577,0.6473,0.6885,0.9842,1.9759,0.6938,0.7431,0.8891,0.7704
0.9212,0.9192,0.9192,0.5568,0.1582,0.3931,0.5112,0.5784,0.4474,0.8641,0.3744,0.3744,0.3156,0.4079,0.3963,0.4475,0.8557,1.7077,0.4634,0.5143,0.7813,0.6084
0.7664,0.792,0.792,0.2737,0.0391,0.2215,0.2544,0.3336,0.3182,0.7287,0.1068,0.1068,0.102,0.1346,0.1263,0.1769,0.6624,1.243,0.1964,0.2185,0.6081,0.3792
0.5397,0.6012,0.6012,0.0143,0,0.0806,0.0348,0.1108,0.1218,0.4948,0,0,0.0108,4.00E-04,5.00E-04,0.0114,0.4092,0.5864,0.0072,0.033,0.3598,0.1428
0.2672,0.348,0.348,0,0,0.0027,0,0.002,0.0052,0.2297,0,0,0,0,0,0,0.132,0.0495,0,0,0.1371,0.006
0.041,0.0936,0.0936,0,0,0,0,0,0,0.0754,0,0,0,0,0,0,0,0.0001,0,0,0.0128,0
0,0,0,0,0,0,0,0,0,0.0032,0,0,0,0,0,0,0,0,0,0,0,0
0,0,0,0,0,0,0,0,0,0,0,0,0,0,0,0,0,0,0,0,0,0
0,0,0,0,0,0,0,0,0,0,0,0,0,0,0,0,0,0,0,0,0,0
0,0,0,0,0,0,0,0,0,0,0,0,0,0,0,0,0,0,0,0,0,0
0,0,0,0,0,0,0,0,0,0,0,0,0,0,0,0,0,0,0,0,0,0
0,0,0,0,0,0,0,0,0,0,0,0,0,0,0,0,0,0,0,0,0,0
0,0,0,0,0,0,0,0,0,0,0,0,0,0,0,0,0,0,0,0,0,0
0,0,0,0,0,0,0,0,0,0,0,0,0,0,0,0,0,0,0,0,0,0
0,0,0,0,0.0075,0,0,0,0,0,0.0012,0.0012,0,0,6.00E-04,0,0,0,0,0,0,0
0,0,0,0.0474,0.1551,0.0032,0.0168,0,0.0012,0,0.1392,0.1392,0.0036,0.095,0.1153,0.0675,0,0,0.0329,0.0058,0,0
0,0,0,0.4621,0.3789,0.1185,0.1368,0.0631,0.1015,0,0.4248,0.4248,0.1632,0.3151,0.3709,0.2789,0,0.1193,0.2518,0.1267,6.00E-04,0.0264
0.0157,0.0012,0.0012,0.9583,0.5758,0.3908,0.3924,0.2587,0.3433,0.0041,0.6744,0.6744,0.4356,0.4424,0.596,0.4908,0.138,0.7319,0.5058,0.3521,0.0302,0.2388
0.2318,0.1272,0.1272,1.3722,0.6714,0.64,0.7056,0.4701,0.5493,0.0807,0.8604,0.8604,0.6756,0.5658,0.7676,0.6578,0.4319,1.4432,0.7363,0.6062,0.2528,0.4824
0.5079,0.3636,0.3636,1.6613,0.6557,0.8268,0.888,0.6381,0.6905,0.2581,0.9792,0.9792,0.8544,0.7794,0.9386,0.8556,0.6839,1.9718,0.8791,0.806,0.5033,0.6816
0.7331,0.5652,0.5652,1.8204,0.6881,0.9448,0.9888,0.7559,0.7993,0.4732,1,1,0.9624,0.9407,1,0.9628,0.8675,2.3715,0.9535,0.9167,0.704,0.8172
0.8879,0.6684,0.6684,1.8571,0.6577,0.9943,1,0.7782,0.8696,0.6856,1,1,1,0.9989,1,0.9887,0.9839,2.5662,0.9685,0.9577,0.8375,0.8904
0.9714,0.678,0.678,1.7788,0.6037,0.991,0.9864,0.764,0.9527,0.8564,0.9504,0.9504,0.9912,0.9507,0.9455,0.9504,1,2.6201,0.9235,0.9458,0.9009,0.9072
0.9864,0.6552,0.6552,1.5799,0.5067,0.923,0.8976,0.718,0.9221,0.9259,0.8172,0.8172,0.9132,0.8278,0.8165,0.8411,1,2.5935,0.8173,0.8622,0.8851,0.8616
0.9448,0.6636,0.6636,1.2556,0.3431,0.7946,0.744,0.6257,0.8,0.9456,0.6192,0.6192,0.7764,0.6376,0.6228,0.6644,0.9624,2.3428,0.6566,0.7094,0.7859,0.7704
0.803,0.6348,0.6348,0.8177,0.1945,0.6059,0.5244,0.4572,0.5618,0.7932,0.3672,0.3672,0.5796,0.3917,0.3574,0.4111,0.8376,1.8571,0.434,0.51,0.6474,0.5808
0.5876,0.552,0.552,0.3261,0.0564,0.3631,0.2616,0.2614,0.3344,0.7032,0.1056,0.1056,0.3264,0.1304,0.11,0.166,0.6479,1.2337,0.1814,0.2478,0.483,0.3432
0.3898,0.4788,0.4788,0.0105,0,0.1116,0.0372,0.0809,0.1312,0.55,0,0,0.0636,0.0017,0.001,0.015,0.3972,0.5523,0.009,0.0494,0.2799,0.1164
0.1916,0.33,0.33,0,0,0.0032,0,0.0014,0.0057,0.3005,0,0,0,0,0,0,0.1225,0.054,0,0,0.1053,0.006
0.0292,0.0912,0.0912,0,0,0,0,0,0,0.0914,0,0,0,0,0,0,0,0.0004,0,0,0.0098,0
0,0,0,0,0,0,0,0,0,0.0038,0,0,0,0,0,0,0,0,0,0,0,0
0,0,0,0,0,0,0,0,0,0,0,0,0,0,0,0,0,0,0,0,0,0
0,0,0,0,0,0,0,0,0,0,0,0,0,0,0,0,0,0,0,0,0,0
0,0,0,0,0,0,0,0,0,0,0,0,0,0,0,0,0,0,0,0,0,0
0,0,0,0,0,0,0,0,0,0,0,0,0,0,0,0,0,0,0,0,0,0
0,0,0,0,0,0,0,0,0,0,0,0,0,0,0,0,0,0,0,0,0,0
0,0,0,0,0,0,0,0,0,0,0,0,0,0,0,0,0,0,0,0,0,0
0,0,0,0,0,0,0,0,0,0,0,0,0,0,0,0,0,0,0,0,0,0
0,0,0,0,0.0051,0,0,0,0,0,0.0024,0.0024,0,0,6.00E-04,0,0,0,0,0,0,0
0,0,0,0.0474,0.0882,0.0037,0.0216,0,0.0016,0,0.1404,0.1404,0.0048,0.0941,0.1169,0.0694,0,0,0.0277,0.0089,0,0
0,0,0,0.4356,0.21,0.1272,0.198,0.0642,0.1054,0,0.4164,0.4164,0.1632,0.3615,0.3906,0.2913,0,0.1211,0.1895,0.1821,6.00E-04,0.0276
0.016,0.0012,0.0012,0.9003,0.3494,0.3826,0.4644,0.2607,0.3655,0.004,0.6576,0.6576,0.4296,0.6177,0.6355,0.5184,0.1216,0.747,0.4057,0.4461,0.0305,0.2388
0.2254,0.1392,0.1392,1.3136,0.4876,0.6246,0.6264,0.4731,0.6181,0.06,0.84,0.84,0.6672,0.8141,0.8264,0.7097,0.3788,1.4755,0.6204,0.6716,0.2225,0.474
0.4873,0.408,0.408,1.5706,0.6195,0.8083,0.7656,0.6725,0.8125,0.1625,0.9672,0.9672,0.846,0.9411,0.9583,0.8689,0.632,2.0928,0.8343,0.836,0.4468,0.666
0.701,0.6468,0.6468,1.7848,0.6667,0.9292,0.8076,0.8241,0.9429,0.2882,1,1,0.9624,0.9988,0.9998,0.9559,0.8346,2.5282,0.9626,0.9361,0.6442,0.8028
0.852,0.8124,0.8124,1.8383,0.6587,0.9811,0.804,0.8923,0.9889,0.4189,0.9804,0.9804,1,0.9996,0.9827,0.9535,0.9592,2.7063,0.9847,0.9749,0.7646,0.8784
0.935,0.9264,0.9264,1.7341,0.6044,0.9815,0.7764,0.8924,0.9937,0.5613,0.9156,0.9156,1,0.9401,0.9246,0.8829,1,2.7088,0.9427,0.9579,0.8295,0.8916
0.9496,0.984,0.984,1.5329,0.4702,0.9166,0.6636,0.8224,0.9494,0.6915,0.798,0.798,0.9276,0.8152,0.7763,0.7457,1,2.5251,0.8401,0.8784,0.8353,0.8364
0.9268,0.9768,0.9768,1.2334,0.3036,0.7888,0.4776,0.7066,0.833,0.7889,0.6096,0.6096,0.7836,0.6268,0.5627,0.5656,0.9326,2.2347,0.6751,0.7378,0.8021,0.7176
0.8412,0.9108,0.9108,0.7993,0.1575,0.6022,0.3636,0.5009,0.6538,0.5821,0.3372,0.3372,0.588,0.3773,0.317,0.3503,0.79,1.7044,0.4489,0.536,0.7342,0.5268
0.7017,0.7836,0.7836,0.3187,0.0392,0.3607,0.2208,0.2912,0.4121,0.4686,0.0912,0.0912,0.33,0.1204,0.0964,0.1428,0.5437,1.11,0.1903,0.2918,0.5896,0.3036
0.5047,0.5904,0.5904,0.0144,0,0.1197,0.0408,0.1043,0.1528,0.3298,0,0,0.0948,0.0017,6.00E-04,0.0138,0.319,0.5113,0.0096,0.0636,0.3884,0.1176
0.2627,0.3468,0.3468,0,0,0.0036,0,0.0023,0.0061,0.1803,0,0,0,0,0,0,0.1094,0.0516,0,0,0.1912,0.0072
0.0435,0.0936,0.0936,0,0,0,0,0,0,0.06,0,0,0,0,0,0,0.0012,0.0006,0,0,0.0181,0
0,0,0,0,0,0,0,0,0,0.0027,0,0,0,0,0,0,0,0,0,0,0,0
0,0,0,0,0,0,0,0,0,0,0,0,0,0,0,0,0,0,0,0,0,0
0,0,0,0,0,0,0,0,0,0,0,0,0,0,0,0,0,0,0,0,0,0
0,0,0,0,0,0,0,0,0,0,0,0,0,0,0,0,0,0,0,0,0,0
0,0,0,0,0,0,0,0,0,0,0,0,0,0,0,0,0,0,0,0,0,0
0,0,0,0,0,0,0,0,0,0,0,0,0,0,0,0,0,0,0,0,0,0
0,0,0,0,0,0,0,0,0,0,0,0,0,0,0,0,0,0,0,0,0,0
0,0,0,0,0,0,0,0,0,0,0,0,0,0,0,0,0,0,0,0,0,0
0,0,0,0,0.0083,0,0,0,0,0,0.0024,0.0024,0,0,0.0012,0,0,0,0,0,0,0
0,0,0,0.0498,0.1325,0.0044,0.03,0,0.0021,0,0.102,0.102,0.006,0.0918,0.0917,0.0606,0,0,0.036,0.0074,0,0
0,0,0,0.4505,0.3283,0.134,0.2124,0.072,0.1039,0,0.3024,0.3024,0.1716,0.3421,0.3128,0.2925,0.0012,0.1296,0.2371,0.1192,6.00E-04,0.0288
0.0174,0.0012,0.0012,0.9231,0.5291,0.3975,0.456,0.2629,0.3593,0.0041,0.54,0.54,0.4416,0.5489,0.5641,0.5635,0.1303,0.7046,0.472,0.3373,0.0325,0.174
0.2117,0.1416,0.1416,1.3197,0.7175,0.6395,0.5892,0.4908,0.6014,0.0508,0.7092,0.7092,0.6648,0.757,0.7493,0.7582,0.398,1.4198,0.6949,0.5982,0.2173,0.4584
0.4455,0.4044,0.4044,1.5682,0.8587,0.828,0.606,0.6732,0.7714,0.1605,0.7092,0.7092,0.846,0.9187,0.7905,0.8717,0.6396,2.0351,0.8681,0.8071,0.372,0.6528
0.6654,0.6336,0.6336,1.6558,0.8838,0.9396,0.5448,0.7753,0.8564,0.3324,0.678,0.678,0.936,0.9903,0.7949,0.8928,0.8188,2.4476,0.9486,0.9188,0.4491,0.756
0.8247,0.8004,0.8004,1.6397,0.8176,0.9431,0.516,0.8001,0.8754,0.4884,0.7068,0.7068,0.8616,0.9943,0.7979,0.8981,0.9337,2.6605,0.9624,0.9311,0.4591,0.7824
0.9091,0.93,0.93,1.606,0.6544,0.9067,0.5028,0.7712,0.8895,0.5779,0.6636,0.6636,0.7356,0.9316,0.7413,0.8345,0.9853,2.7097,0.9162,0.9148,0.4759,0.7728
0.9213,0.978,0.978,1.4574,0.4753,0.8434,0.402,0.6844,0.8663,0.5935,0.5376,0.5376,0.6504,0.8098,0.6121,0.7197,0.9769,2.5753,0.8064,0.84,0.5097,0.708
0.8942,0.9648,0.9648,1.135,0.3193,0.7165,0.3216,0.5621,0.7648,0.4913,0.4056,0.4056,0.5352,0.6196,0.4649,0.5454,0.8447,2.2794,0.6116,0.7345,0.5171,0.5796
0.8523,0.8904,0.8904,0.7366,0.1651,0.5372,0.222,0.4219,0.5896,0.4209,0.2388,0.2388,0.3756,0.3412,0.2684,0.3355,0.6424,1.7974,0.3616,0.5329,0.4312,0.444
0.7241,0.7224,0.7224,0.311,0.0418,0.3199,0.1176,0.2714,0.3858,0.3281,0.0744,0.0744,0.2172,0.0989,0.0882,0.1305,0.406,1.1978,0.1521,0.2924,0.3496,0.3072
0.5196,0.5436,0.5436,0.0133,0,0.1113,0.0204,0.1069,0.1624,0.2161,0,0,0.066,6.00E-04,0.0011,0.0135,0.2231,0.5466,0.0102,0.0664,0.3169,0.1464
0.2552,0.3072,0.3072,0,0,0.0036,0,0.0029,0.0069,0.1399,0,0,0,0,0,0,0.083,0.0587,0,0,0.2001,0.0084
0.0426,0.0876,0.0876,0,0,0,0,0,0,0.0577,0,0,0,0,0,0,0.0012,0.0006,0,0,0.0149,0
0,0,0,0,0,0,0,0,0,0.0027,0,0,0,0,0,0,0,0,0,0,0,0
0,0,0,0,0,0,0,0,0,0,0,0,0,0,0,0,0,0,0,0,0,0
0,0,0,0,0,0,0,0,0,0,0,0,0,0,0,0,0,0,0,0,0,0
0,0,0,0,0,0,0,0,0,0,0,0,0,0,0,0,0,0,0,0,0,0
0,0,0,0,0,0,0,0,0,0,0,0,0,0,0,0,0,0,0,0,0,0
0,0,0,0,0,0,0,0,0,0,0,0,0,0,0,0,0,0,0,0,0,0
0,0,0,0,0,0,0,0,0,0,0,0,0,0,0,0,0,0,0,0,0,0
0,0,0,0,0,0,0,0,0,0,0,0,0,0,0,0,0,0,0,0,0,0
0,0,0,0,0.0087,0,0,0,0,0,0.0024,0.0024,0,0,0.0013,2.00E-04,0,0,0,0,0,0
0,0,0,0.0498,0.1219,0.0047,0.0264,0,0.002,0,0.108,0.108,0.006,0.0977,0.0946,0.0641,0,0,0.0384,0.0107,0,0
0,0,0,0.3804,0.3078,0.1385,0.192,0.0635,0.115,0,0.3,0.3,0.1776,0.3678,0.2739,0.2301,0.0012,0.1303,0.2785,0.1935,7.00E-04,0.0336
0.0193,0,0,0.8714,0.5308,0.4011,0.4716,0.2555,0.384,0.0046,0.5136,0.5136,0.4512,0.6289,0.4574,0.4056,0.1081,0.7457,0.5468,0.4621,0.025,0.234
0.2225,0.0708,0.0708,1.2641,0.692,0.6496,0.684,0.4672,0.6403,0.0341,0.654,0.654,0.6936,0.8267,0.576,0.5353,0.3317,1.4211,0.7616,0.6981,0.2314,0.4728
0.4604,0.2448,0.2448,1.5553,0.8045,0.8229,0.768,0.6222,0.835,0.0848,0.6816,0.6816,0.87,0.9424,0.6361,0.6666,0.5961,1.9665,0.9092,0.8688,0.4642,0.6708
0.652,0.4956,0.4956,1.6941,0.8363,0.9039,0.7008,0.6932,0.9506,0.1589,0.6276,0.6276,0.9396,0.9631,0.598,0.6728,0.7916,2.3352,0.9856,0.9698,0.6721,0.8112
0.7637,0.6684,0.6684,1.7764,0.7694,0.9452,0.6564,0.7317,0.9841,0.2327,0.5664,0.5664,0.9996,0.8923,0.5145,0.611,0.8983,2.5844,0.9939,0.9795,0.8341,0.8904
0.8062,0.8184,0.8184,1.6912,0.6688,0.9218,0.6576,0.7352,0.9818,0.2876,0.5136,0.5136,1,0.7942,0.4526,0.5206,0.9095,2.6434,0.9626,0.9637,0.9154,0.9084
0.8043,0.8892,0.8892,1.4964,0.5226,0.8606,0.6348,0.674,0.9526,0.3115,0.4176,0.4176,0.9096,0.6176,0.3556,0.4352,0.8048,2.5542,0.8558,0.8711,0.936,0.87
0.7315,0.9084,0.9084,1.1966,0.3072,0.7554,0.5352,0.5729,0.8323,0.2751,0.3144,0.3144,0.7968,0.4279,0.2588,0.3362,0.5243,2.2586,0.6878,0.7217,0.9005,0.7752
0.6291,0.8436,0.8436,0.7386,0.1428,0.5865,0.3828,0.4247,0.651,0.2484,0.174,0.174,0.6072,0.2151,0.1561,0.2303,0.3215,1.7952,0.4525,0.5209,0.8107,0.6156
0.4904,0.72,0.72,0.3115,0.0359,0.3635,0.2052,0.2397,0.4212,0.2644,0.0576,0.0576,0.3552,0.0668,0.0548,0.0983,0.2672,1.2023,0.1933,0.2821,0.6603,0.408
0.35,0.5604,0.5604,0.0168,0,0.1287,0.0432,0.0856,0.1641,0.2054,0,0,0.0996,6.00E-04,5.00E-04,0.0145,0.1422,0.5687,0.0108,0.067,0.4581,0.1752
0.1828,0.3288,0.3288,0,0,0.0064,0,0.0026,0.0096,0.1449,0,0,0,0,0,0,0.0327,0.0802,0,0,0.197,0.0096
0.0357,0.0912,0.0912,0,0,0,0,0,1.00E-04,0.0656,0,0,0,0,0,0,0,0.0006,0,0,0.015,0
0,0,0,0,0,0,0,0,0,0.0055,0,0,0,0,0,0,0,0,0,0,0,0
0,0,0,0,0,0,0,0,0,0,0,0,0,0,0,0,0,0,0,0,0,0
0,0,0,0,0,0,0,0,0,0,0,0,0,0,0,0,0,0,0,0,0,0
0,0,0,0,0,0,0,0,0,0,0,0,0,0,0,0,0,0,0,0,0,0
0,0,0,0,0,0,0,0,0,0,0,0,0,0,0,0,0,0,0,0,0,0
0,0,0,0,0,0,0,0,0,0,0,0,0,0,0,0,0,0,0,0,0,0
0,0,0,0,0,0,0,0,0,0,0,0,0,0,0,0,0,0,0,0,0,0
0,0,0,0,0,0,0,0,0,0,0,0,0,0,0,0,0,0,0,0,0,0
0,0,0,0,0.0082,0,0,0,0,0,0.0036,0.0036,0,0,0.0019,2.00E-04,0,0,0,0,0,0
0,0,0,0.0498,0.1216,0.0048,0.0336,0,0.0024,0,0.1296,0.1296,0.0072,0.0977,0.117,0.0783,0,0,0.0402,0.0108,0,0
0,0,0,0.4627,0.3269,0.1268,0.2472,0.0564,0.1103,0,0.3864,0.3864,0.1752,0.3487,0.3801,0.3227,0.0012,0.0767,0.2898,0.1998,8.00E-04,0.036
0.0115,0,0,0.9406,0.554,0.3277,0.516,0.2258,0.3706,0.0016,0.6336,0.6336,0.444,0.5835,0.6329,0.5852,0.1429,0.3573,0.5605,0.4734,0.0296,0.2196
0.1663,0.0768,0.0768,1.3351,0.7216,0.5039,0.7392,0.4392,0.6148,0.0832,0.7836,0.7836,0.6804,0.763,0.7846,0.7645,0.4188,0.7018,0.7759,0.7063,0.2489,0.4368
0.3766,0.2844,0.2844,1.6168,0.6963,0.6347,0.8916,0.6402,0.7969,0.2196,0.84,0.84,0.8544,0.8855,0.839,0.8586,0.6504,1.0004,0.9241,0.8754,0.4939,0.6384
0.5561,0.4296,0.4296,1.7688,0.5416,0.7085,0.978,0.7541,0.9032,0.3935,0.7956,0.7956,0.9648,0.9459,0.8203,0.8963,0.8206,1.2371,0.9968,0.9757,0.6889,0.7512
0.6847,0.7836,0.7836,1.8031,0.4627,0.7199,1,0.8179,0.9272,0.5815,0.6744,0.6744,1,0.9448,0.7192,0.8515,0.9551,1.4542,1,0.9966,0.779,0.7776
0.7495,0.9168,0.9168,1.7198,0.3819,0.704,0.9672,0.7931,0.8206,0.7123,0.6108,0.6108,0.9972,0.8973,0.6456,0.7893,0.9988,1.5388,0.9746,0.9912,0.6506,0.7548
0.7525,0.9696,0.9696,1.5203,0.3008,0.6584,0.8544,0.6983,0.7207,0.603,0.4644,0.4644,0.9216,0.7906,0.5525,0.7198,0.9586,1.4452,0.8666,0.9091,0.6383,0.7128
0.7326,0.9324,0.9324,1.1961,0.2106,0.5961,0.6816,0.521,0.6269,0.5032,0.3144,0.3144,0.786,0.6169,0.4201,0.5861,0.865,1.3283,0.6956,0.7633,0.9488,0.6468
0.6664,0.7608,0.7608,0.7644,0.125,0.4988,0.4836,0.3644,0.4888,0.4373,0.1836,0.1836,0.5892,0.3888,0.2612,0.3919,0.678,1.1463,0.4647,0.5574,0.8517,0.5436
0.5528,0.5916,0.5916,0.2734,0.0403,0.3185,0.2244,0.2295,0.2997,0.4123,0.0672,0.0672,0.3288,0.1337,0.0965,0.1691,0.4563,0.8432,0.1994,0.3053,0.6848,0.3732
0.4123,0.4668,0.4668,0.0135,0,0.112,0.0372,0.0846,0.1049,0.3582,0,0,0.096,0.0029,0.0022,0.0183,0.2612,0.4113,0.0108,0.0689,0.4541,0.1572
0.2448,0.2784,0.2784,0,0,0.0054,0,0.0026,0.0065,0.2517,0,0,0,0,0,0,0.0929,0.0664,0,0,0.1983,0.0096
0.0519,0.0792,0.0792,0,0,0,0,0,0,0.1099,0,0,0,0,0,0,0.0012,0.0008,0,0,0.0107,0
0,0,0,0,0,0,0,0,0,0.0087,0,0,0,0,0,0,0,0,0,0,0,0
0,0,0,0,0,0,0,0,0,0,0,0,0,0,0,0,0,0,0,0,0,0
0,0,0,0,0,0,0,0,0,0,0,0,0,0,0,0,0,0,0,0,0,0
0,0,0,0,0,0,0,0,0,0,0,0,0,0,0,0,0,0,0,0,0,0
0,0,0,0,0,0,0,0,0,0,0,0,0,0,0,0,0,0,0,0,0,0
0,0,0,0,0,0,0,0,0,0,0,0,0,0,0,0,0,0,0,0,0,0
0,0,0,0,0,0,0,0,0,0,0,0,0,0,0,0,0,0,0,0,0,0
0,0,0,0,0,0,0,0,0,0,0,0,0,0,0,0,0,0,0,0,0,0
0,0,0,0,0.0109,0,0,0,0,0,0.0036,0.0036,0,0,0.0019,2.00E-04,0,0,0,0,0,0
0,0,0,0.0546,0.1836,0.007,0.036,0,0.0032,0,0.1416,0.1416,0.0096,0.0704,0.119,0.0737,0,0,0.039,0.0123,0,0
0,0,0,0.4507,0.4622,0.1279,0.2592,0.0774,0.0612,0,0.4068,0.4068,0.1728,0.2375,0.3854,0.3192,0.0024,0.0924,0.2755,0.1931,7.00E-04,0.0312
0.0234,0,0,0.9137,0.6968,0.2979,0.5232,0.2791,0.1572,0.0061,0.654,0.654,0.3408,0.4147,0.6397,0.5774,0.1397,0.4538,0.5389,0.4496,0.0281,0.1776
0.1782,0.0312,0.0312,1.2913,0.8657,0.4572,0.738,0.4935,0.2656,0.1208,0.8424,0.8424,0.5028,0.5754,0.8325,0.7767,0.4145,0.9374,0.7447,0.6621,0.1011,0.3828
0.3692,0.0756,0.0756,1.4947,0.9721,0.5404,0.8916,0.6858,0.381,0.36,0.9612,0.9612,0.582,0.7673,0.9574,0.9145,0.6626,1.4694,0.8852,0.8056,0.2004,0.618
0.5253,0.138,0.138,1.5258,0.994,0.5286,0.978,0.8117,0.439,0.6019,1,1,0.5004,0.9847,1,0.9769,0.8524,2.0144,0.9572,0.8783,0.3307,0.7632
0.5647,0.2196,0.2196,1.4678,0.9903,0.5107,1,0.8648,0.4409,0.7615,1,1,0.4176,0.9997,1,0.9755,0.9606,2.3305,0.9723,0.882,0.4512,0.8268
0.5245,0.264,0.264,1.4701,0.9055,0.4854,0.9576,0.867,0.4283,0.8668,0.9432,0.9432,0.3072,0.9518,0.9494,0.9238,0.9972,2.4539,0.9398,0.7965,0.5256,0.8424
0.5053,0.2556,0.2556,1.2881,0.7695,0.4877,0.858,0.8053,0.4484,0.9106,0.8124,0.8124,0.2472,0.8328,0.8242,0.8019,0.9971,2.4451,0.8426,0.6765,0.551,0.7884
0.4636,0.2616,0.2616,1.0808,0.5769,0.4038,0.6792,0.6512,0.3897,0.8738,0.6192,0.6192,0.2112,0.648,0.6361,0.6196,0.8355,2.1292,0.6794,0.5293,0.6321,0.6948
0.4081,0.3132,0.3132,0.6889,0.3244,0.3162,0.4476,0.4808,0.2859,0.7892,0.3648,0.3648,0.2376,0.4042,0.3886,0.3795,0.4665,1.5449,0.4556,0.3288,0.6885,0.5364
0.2898,0.3276,0.3276,0.2872,0.0815,0.1864,0.2088,0.3001,0.1535,0.6642,0.1116,0.1116,0.1776,0.1403,0.1304,0.1376,0.3273,0.8945,0.197,0.1418,0.5577,0.3552
0.1937,0.2952,0.2952,0.0167,0,0.0732,0.0324,0.1066,0.0491,0.4922,0.0012,0.0012,0.0648,0.0041,0.0028,0.0088,0.1953,0.4192,0.0126,0.0372,0.3897,0.1476
0.0905,0.1884,0.1884,0,0,0.0059,0,0.0032,0.0013,0.2897,0,0,0,0,0,0,0.0504,0.0603,0,0,0.1846,0.0108
0.0161,0.0684,0.0684,0,0,0,0,0,0,0.116,0,0,0,0,0,0,0,0.0006,0,0,0.0194,0
0,0,0,0,0,0,0,0,0,0.0082,0,0,0,0,0,0,0,0,0,0,0,0
0,0,0,0,0,0,0,0,0,0,0,0,0,0,0,0,0,0,0,0,0,0
0,0,0,0,0,0,0,0,0,0,0,0,0,0,0,0,0,0,0,0,0,0
0,0,0,0,0,0,0,0,0,0,0,0,0,0,0,0,0,0,0,0,0,0
0,0,0,0,0,0,0,0,0,0,0,0,0,0,0,0,0,0,0,0,0,0
0,0,0,0,0,0,0,0,0,0,0,0,0,0,0,0,0,0,0,0,0,0
0,0,0,0,0,0,0,0,0,0,0,0,0,0,0,0,0,0,0,0,0,0
0,0,0,0,0,0,0,0,0,0,0,0,0,0,0,0,0,0,0,0,0,0
0,0,0,0,0.013,0,0,0,0,0,0.0048,0.0048,0,0,0.0026,3.00E-04,0,0,0,0,0,0
0,0,0,0.0522,0.1535,0,0.0024,0,7.00E-04,0,0.1344,0.1344,0,0.1048,0.115,0.0673,0,0,0.0432,0.0063,0,0
0,0,0,0.3671,0.405,0.0158,0.0252,0.0804,0.068,0,0.3132,0.3132,0.0192,0.3671,0.3329,0.2432,0.0036,0.0954,0.2724,0.0644,8.00E-04,0.0372
0.014,0.0036,0.0036,0.6981,0.6765,0.0669,0.054,0.2895,0.2581,0.0066,0.6024,0.6024,0.0924,0.6145,0.6022,0.4299,0.1442,0.4935,0.5202,0.1662,0.0444,0.2196
0.1342,0.1404,0.1404,1.0399,0.8393,0.1557,0.0984,0.5127,0.4654,0.087,0.8148,0.8148,0.1872,0.8043,0.7993,0.5764,0.3658,0.9861,0.7158,0.3075,0.2558,0.4452
0.3372,0.414,0.414,1.2566,0.9118,0.2811,0.168,0.706,0.6473,0.2436,0.9324,0.9324,0.3156,0.9276,0.884,0.6518,0.5961,1.4416,0.8544,0.476,0.4598,0.6516
0.475,0.648,0.648,1.5119,0.9099,0.3523,0.2952,0.8295,0.7615,0.4024,0.9732,0.9732,0.3912,0.9862,0.8989,0.6686,0.8362,1.6748,0.9283,0.5709,0.5858,0.786
0.6065,0.804,0.804,1.5844,0.8543,0.3381,0.4848,0.8892,0.7806,0.5997,0.954,0.954,0.4044,0.9767,0.8865,0.6676,0.8711,1.667,0.9386,0.6034,0.6432,0.8592
0.6804,0.9156,0.9156,1.5416,0.6701,0.2874,0.4872,0.8928,0.7278,0.7793,0.8508,0.8508,0.348,0.8446,0.8012,0.5884,0.8686,1.6097,0.8954,0.5991,0.7105,0.8736
0.686,0.972,0.972,1.3955,0.4312,0.2852,0.4524,0.8399,0.6208,0.8404,0.6648,0.6648,0.294,0.7234,0.5945,0.4281,0.6391,1.5575,0.7751,0.5565,0.7334,0.8292
0.6462,0.9804,0.9804,1.1342,0.3584,0.2797,0.4404,0.7235,0.4908,0.9535,0.3696,0.3696,0.2424,0.5228,0.3547,0.3191,0.4505,1.3537,0.5901,0.4651,0.6676,0.7152
0.5833,0.9204,0.9204,0.727,0.1897,0.1909,0.2712,0.5411,0.2257,0.9093,0.1812,0.1812,0.1692,0.2464,0.182,0.165,0.2949,1.1193,0.3961,0.3364,0.6066,0.5388
0.4461,0.7932,0.7932,0.3084,0.0472,0.1205,0.1152,0.3205,0.1318,0.7618,0.0732,0.0732,0.0804,0.0873,0.0619,0.0511,0.2033,0.8193,0.1755,0.204,0.5101,0.3516
0.3128,0.6,0.6,0.019,1.00E-04,0.06,0.0216,0.1023,0.038,0.5455,0.0012,0.0012,0.0276,0.003,6.00E-04,0.0043,0.1208,0.4207,0.0132,0.054,0.3523,0.1488
0.1674,0.3552,0.3552,0,0,0.005,0,0.0035,0.0019,0.3359,0,0,0,0,0,0,0.0491,0.0694,0,0,0.1656,0.0108
0.0377,0.102,0.102,0,0,0,0,0,1.00E-04,0.143,0,0,0,0,0,0,0.0012,0.0009,0,0,0.0195,0
0,0,0,0,0,0,0,0,0,0.0126,0,0,0,0,0,0,0,0,0,0,0,0
0,0,0,0,0,0,0,0,0,0,0,0,0,0,0,0,0,0,0,0,0,0
0,0,0,0,0,0,0,0,0,0,0,0,0,0,0,0,0,0,0,0,0,0
0,0,0,0,0,0,0,0,0,0,0,0,0,0,0,0,0,0,0,0,0,0
0,0,0,0,0,0,0,0,0,0,0,0,0,0,0,0,0,0,0,0,0,0
0,0,0,0,0,0,0,0,0,0,0,0,0,0,0,0,0,0,0,0,0,0
0,0,0,0,0,0,0,0,0,0,0,0,0,0,0,0,0,0,0,0,0,0
0,0,0,0,0,0,0,0,0,0,0,0,0,0,0,0,0,0,0,0,0,0
0,0,0,0,0.0109,0,0,0,0,0,0.0024,0.0024,0,0,0.0012,0,0,0,0,0,0,0
0,0,0,0.0593,0.1325,0.005,0.0048,0,4.00E-04,0,0.0936,0.0936,0.0048,0.0534,0.0599,0.0339,0,0,0.0438,0.0123,0,0
0,0,0,0.4769,0.3744,0.0705,0.0516,0.0668,0.0229,1.00E-04,0.3024,0.3024,0.0528,0.2191,0.2215,0.1739,0.0036,0.091,0.2458,0.1743,7.00E-04,0.0324
0.0262,0.0036,0.0036,0.9677,0.5915,0.1869,0.1188,0.2312,0.1016,0.0056,0.51,0.51,0.1008,0.3687,0.4294,0.3748,0.127,0.5159,0.4671,0.4121,0.0429,0.1836
0.2412,0.1452,0.1452,1.3651,0.7624,0.3939,0.174,0.4305,0.2393,0.0957,0.6024,0.6024,0.3492,0.5093,0.5728,0.5603,0.3586,1.1613,0.6511,0.6235,0.2658,0.3348
0.5013,0.4152,0.4152,1.6408,0.8529,0.5681,0.3108,0.5943,0.3646,0.2903,0.642,0.642,0.666,0.6596,0.6653,0.7163,0.5545,1.6493,0.761,0.7849,0.5059,0.5196
0.7137,0.6504,0.6504,1.7953,0.787,0.6838,0.5064,0.7156,0.486,0.518,0.7032,0.7032,0.6888,0.7461,0.7622,0.8245,0.6145,2.1339,0.8051,0.8798,0.7105,0.594
0.8528,0.8232,0.8232,1.8436,0.6871,0.7152,0.6492,0.7999,0.5225,0.7557,0.7872,0.7872,0.5028,0.8581,0.8252,0.8806,0.6308,2.5425,0.8415,0.9172,0.8743,0.6588
0.9192,0.9348,0.9348,1.7579,0.5332,0.7075,0.5256,0.792,0.5643,0.879,0.7512,0.7512,0.558,0.8677,0.7617,0.8192,0.6735,2.5355,0.8268,0.8978,0.9488,0.618
0.9365,0.9816,0.9816,1.4935,0.4297,0.5882,0.4968,0.7401,0.586,0.7675,0.6144,0.6144,0.3408,0.7583,0.6266,0.6965,0.6852,2.427,0.7323,0.8212,0.9689,0.594
0.9378,0.972,0.972,1.0632,0.2855,0.4606,0.3768,0.6334,0.4277,0.6203,0.4416,0.4416,0.1512,0.5863,0.4317,0.5154,0.5348,2.1982,0.5979,0.6881,0.9353,0.5484
0.8736,0.9084,0.9084,0.7155,0.1265,0.4023,0.1656,0.4549,0.352,0.5918,0.216,0.216,0.1512,0.3632,0.2309,0.3301,0.386,1.8575,0.3908,0.4939,0.8429,0.4224
0.7403,0.78,0.78,0.2966,0.0393,0.2583,0.1212,0.2523,0.2218,0.6955,0.06,0.06,0.1008,0.1305,0.0855,0.1524,0.311,1.2516,0.174,0.2636,0.687,0.2604
0.5299,0.5916,0.5916,0.019,0,0.1021,0.0276,0.0826,0.0907,0.5524,0.0012,0.0012,0.0204,0.0042,0.0034,0.0195,0.1848,0.5839,0.0144,0.0684,0.4737,0.1044
0.2798,0.3504,0.3504,0,0,0.0055,0,0.0017,0.0069,0.3015,0,0,0,0,0,0,0.0748,0.0844,0,0,0.2246,0.006
0.0562,0.102,0.102,0,0,0,0,0,1.00E-04,0.088,0,0,0,0,0,0,0.0024,0.0011,0,0,0.0257,0
0,0,0,0,0,0,0,0,0,0.006,0,0,0,0,0,0,0,0,0,0,0,0
0,0,0,0,0,0,0,0,0,0,0,0,0,0,0,0,0,0,0,0,0,0
0,0,0,0,0,0,0,0,0,0,0,0,0,0,0,0,0,0,0,0,0,0
0,0,0,0,0,0,0,0,0,0,0,0,0,0,0,0,0,0,0,0,0,0
0,0,0,0,0,0,0,0,0,0,0,0,0,0,0,0,0,0,0,0,0,0
0,0,0,0,0,0,0,0,0,0,0,0,0,0,0,0,0,0,0,0,0,0
0,0,0,0,0,0,0,0,0,0,0,0,0,0,0,0,0,0,0,0,0,0
0,0,0,0,0,0,0,0,0,0,0,0,0,0,0,0,0,0,0,0,0,0
0,0,0,0,0.0127,0,0,0,0,0,0.006,0.006,0,0.0011,0.0031,9.00E-04,0,0,0,0,0,0
0,0,0,0.0593,0.1569,0.0043,0.03,0,0.0038,0,0.1284,0.1284,0.0108,0.0991,0.1113,0.0737,0,0,0.0444,0.0097,0,0
0,0,0,0.3428,0.3934,0.0928,0.1404,0.0582,0.103,1.00E-04,0.372,0.372,0.1644,0.337,0.3466,0.2793,0.0025,0.1606,0.2646,0.0802,1.00E-04,0.006
0.0261,0.0036,0.0036,0.6299,0.6066,0.3223,0.2196,0.1832,0.3356,0.006,0.6,0.6,0.39,0.5727,0.5771,0.487,0.1193,0.7732,0.5076,0.189,0.041,0.0396
0.2399,0.15,0.15,1.0004,0.7816,0.4983,0.2724,0.3038,0.5628,0.0319,0.7728,0.7728,0.4128,0.7557,0.753,0.639,0.3938,1.454,0.7026,0.3167,0.2632,0.0876
0.4919,0.4092,0.4092,1.1016,0.878,0.6243,0.5964,0.3948,0.648,0.0899,0.8808,0.8808,0.354,0.8776,0.865,0.7782,0.6642,1.9943,0.8287,0.4689,0.5121,0.1416
0.6983,0.6348,0.6348,1.2352,0.9072,0.6802,0.8544,0.4474,0.726,0.1557,0.9252,0.9252,0.3048,0.9395,0.9134,0.8728,0.8363,2.3836,0.8949,0.5797,0.712,0.1836
0.8449,0.8016,0.8016,1.3913,0.8939,0.6994,0.9252,0.4729,0.8188,0.2121,0.9084,0.9084,0.3456,0.9414,0.9065,0.8985,0.9482,2.6102,0.9087,0.596,0.8518,0.234
0.9202,0.9084,0.9084,1.4957,0.8279,0.8177,0.7608,0.4932,0.87,0.3184,0.8412,0.8412,0.6384,0.8882,0.8508,0.8612,0.9976,2.6773,0.8508,0.571,0.9256,0.2268
0.9368,0.9552,0.9552,1.2057,0.6921,0.8034,0.522,0.4821,0.8401,0.448,0.7236,0.7236,0.6984,0.7752,0.7409,0.7599,0.9975,2.5785,0.7779,0.5234,0.9459,0.2112
0.8908,0.9432,0.9432,0.9601,0.4935,0.7524,0.3324,0.4235,0.7551,0.4581,0.5532,0.5532,0.7584,0.6034,0.5728,0.5809,0.9208,2.2796,0.6285,0.4388,0.9138,0.2148
0.7867,0.8664,0.8664,0.6261,0.28,0.5656,0.2652,0.2969,0.6394,0.4361,0.3372,0.3372,0.5952,0.3775,0.353,0.3603,0.7913,1.8211,0.4226,0.3243,0.8195,0.1728
0.6272,0.7272,0.7272,0.287,0.081,0.3317,0.1308,0.1598,0.4109,0.4081,0.108,0.108,0.3564,0.134,0.1223,0.1371,0.606,1.2332,0.1897,0.1889,0.6704,0.1128
0.425,0.5412,0.5412,0.0172,4.00E-04,0.124,0.0348,0.039,0.1688,0.369,0.0024,0.0024,0.114,0.0054,0.0045,0.0188,0.3856,0.555,0.0144,0.0571,0.4647,0.048
0.2062,0.3168,0.3168,0,0,0.0068,0,6.00E-04,0.0149,0.2438,0,0,0.0012,0,0,0,0.1438,0.0924,0,0,0.2213,0.0024
0.043,0.0948,0.0948,0,0,0,0,0,1.00E-04,0.1139,0,0,0,0,0,0,0.0036,0.001,0,0,0.0264,0
0,0,0,0,0,0,0,0,0,0.0159,0,0,0,0,0,0,0,0,0,0,0,0
0,0,0,0,0,0,0,0,0,0,0,0,0,0,0,0,0,0,0,0,0,0
0,0,0,0,0,0,0,0,0,0,0,0,0,0,0,0,0,0,0,0,0,0
0,0,0,0,0,0,0,0,0,0,0,0,0,0,0,0,0,0,0,0,0,0
0,0,0,0,0,0,0,0,0,0,0,0,0,0,0,0,0,0,0,0,0,0
0,0,0,0,0,0,0,0,0,0,0,0,0,0,0,0,0,0,0,0,0,0
0,0,0,0,0,0,0,0,0,0,0,0,0,0,0,0,0,0,0,0,0,0
0,0,0,0,0,0,0,0,0,0,0,0,0,0,0,0,0,0,0,0,0,0
0,0,0,0,0.0148,0,0,0,0,0,0.006,0.006,0,0.0011,0.0038,0.0011,0,0,0,0,0,0
0,0,0,0.0617,0.1809,0.0073,0.0468,0,0.0037,0,0.144,0.144,0.0108,0.1004,0.1234,0.0812,0,0.0001,0.0468,0.0081,0,0
0,0,0,0.4085,0.4328,0.1229,0.2628,0.0309,0.1244,0,0.408,0.408,0.1836,0.3262,0.3415,0.2488,0.0048,0.1475,0.2544,0.0679,9.00E-04,0.042
0.0149,0.0048,0.0048,0.837,0.6559,0.3328,0.516,0.1118,0.3624,0.0045,0.648,0.648,0.4416,0.5592,0.5384,0.3911,0.1484,0.6709,0.4786,0.1477,0.0441,0.18
0.1456,0.15,0.15,1.2512,0.8229,0.5489,0.6912,0.2007,0.6037,0.0481,0.8196,0.8196,0.6792,0.7313,0.7015,0.5207,0.4052,1.3044,0.6681,0.2345,0.2681,0.2904
0.3389,0.4032,0.4032,1.606,0.9264,0.7036,0.7848,0.2864,0.764,0.1109,0.9192,0.9192,0.8568,0.8111,0.8381,0.6516,0.6396,1.9125,0.8079,0.3127,0.5144,0.4344
0.5119,0.6252,0.6252,1.7822,0.9636,0.7985,0.8772,0.362,0.8603,0.1702,0.9684,0.9684,0.966,0.7946,0.9154,0.7293,0.8089,2.3419,0.8771,0.3499,0.7107,0.5772
0.686,0.7908,0.7908,1.8208,0.9401,0.8419,0.8964,0.3969,0.8977,0.2283,0.9576,0.9576,1,0.7144,0.9087,0.7351,0.9038,2.5667,0.8634,0.3599,0.8474,0.7092
0.8938,0.8988,0.8988,1.7398,0.8612,0.8264,0.816,0.4134,0.9264,0.2934,0.8796,0.8796,0.99,0.6564,0.8486,0.6778,0.9176,2.6349,0.7894,0.3457,0.9233,0.8088
0.953,0.9444,0.9444,1.5406,0.7386,0.7672,0.6636,0.4226,0.8877,0.2837,0.7608,0.7608,0.9132,0.5265,0.7448,0.5891,0.8266,2.5543,0.6786,0.287,0.9446,0.8436
0.9196,0.9348,0.9348,1.2235,0.5518,0.6513,0.4392,0.3836,0.7584,0.2731,0.5892,0.5892,0.7668,0.3823,0.5705,0.4471,0.6677,2.3022,0.4919,0.2187,0.9102,0.7812
0.8267,0.8748,0.8748,0.801,0.318,0.498,0.2772,0.3237,0.5855,0.2509,0.3624,0.3624,0.5916,0.2185,0.346,0.2733,0.5389,1.8843,0.3306,0.1527,0.8202,0.6312
0.6862,0.7212,0.7212,0.3275,0.0839,0.3103,0.1644,0.2402,0.333,0.2187,0.114,0.114,0.3516,0.0765,0.1206,0.114,0.3646,1.3178,0.1374,0.0816,0.6711,0.4248
0.4932,0.5064,0.5064,0.0201,4.00E-04,0.1139,0.0432,0.1076,0.1258,0.1573,0.0024,0.0024,0.1104,0.0027,0.0057,0.0134,0.1922,0.6319,0.0108,0.0214,0.4638,0.1908
0.2692,0.2784,0.2784,0,0,0.0077,0,0.0046,0.0107,0.1023,0,0,0.0024,0,0,0,0.0712,0.1,0,0,0.2212,0.012
0.0559,0.0924,0.0924,0,0,0,0,0,1.00E-04,0.051,0,0,0,0,0,0,0.0025,0.0014,0,0,0.0265,0
0,0,0,0,0,0,0,0,0,0.0072,0,0,0,0,0,0,0,0,0,0,0,0
0,0,0,0,0,0,0,0,0,0,0,0,0,0,0,0,0,0,0,0,0,0
0,0,0,0,0,0,0,0,0,0,0,0,0,0,0,0,0,0,0,0,0,0
0,0,0,0,0,0,0,0,0,0,0,0,0,0,0,0,0,0,0,0,0,0
0,0,0,0,0,0,0,0,0,0,0,0,0,0,0,0,0,0,0,0,0,0
0,0,0,0,0,0,0,0,0,0,0,0,0,0,0,0,0,0,0,0,0,0
0,0,0,0,0,0,0,0,0,0,0,0,0,0,0,0,0,0,0,0,0,0
0,0,0,0,0,0,0,0,0,0,0,0,0,0,0,0,0,0,0,0,0,0
0,0,0,0,0.0179,0,0,0,0,0,0.0084,0.0084,0,0,0.0046,6.00E-04,0,0,0,0,0,0
0,0,0,0.0664,0.1833,0.0089,0.0468,6.00E-04,0.0054,0,0.1236,0.1236,0.0144,0.0438,0.0778,0.0307,0,0.0002,0.0214,0.0126,0,0
0,0,0,0.4629,0.4635,0.1437,0.27,0.0928,0.0829,0,0.2988,0.2988,0.1692,0.1474,0.1981,0.1209,0.0048,0.1814,0.1217,0.1798,0.001,0.0456
0.014,0.0048,0.0048,0.9219,0.6899,0.3459,0.5256,0.3314,0.2172,0.0018,0.4056,0.4056,0.3132,0.2644,0.2734,0.2484,0.153,0.7967,0.2536,0.4214,0.0483,0.2748
0.1354,0.1248,0.1248,1.3046,0.8267,0.5119,0.738,0.5656,0.4341,0.0443,0.3852,0.3852,0.372,0.3839,0.3125,0.4184,0.4124,1.4792,0.4108,0.6321,0.2719,0.5232
0.2817,0.3192,0.3192,1.5839,0.7926,0.6384,0.888,0.755,0.6941,0.1875,0.33,0.33,0.3948,0.5537,0.3477,0.5501,0.6474,2.0488,0.5226,0.7892,0.5139,0.7212
0.3985,0.5592,0.5592,1.7383,0.6425,0.8453,0.9768,0.8794,0.8373,0.4273,0.3972,0.3972,0.774,0.6503,0.3898,0.5913,0.8258,2.4777,0.5233,0.8826,0.7075,0.858
0.5739,0.7572,0.7572,1.7087,0.5711,0.9362,1,0.9396,0.9071,0.575,0.4608,0.4608,0.9552,0.6605,0.4171,0.5997,0.939,2.6989,0.4833,0.9199,0.8411,0.9312
0.6774,0.8868,0.8868,1.5354,0.5121,0.9078,0.9672,0.9414,0.9082,0.6677,0.3468,0.3468,0.9336,0.6368,0.3313,0.5548,0.9847,2.7378,0.4432,0.9042,0.9139,0.9456
0.7364,0.9348,0.9348,1.3514,0.3593,0.8233,0.7272,0.8858,0.743,0.6942,0.2676,0.2676,0.8376,0.4497,0.2329,0.433,0.9635,2.6528,0.3906,0.8306,0.9317,0.9036
0.751,0.9228,0.9228,1.1162,0.2299,0.6657,0.3936,0.7725,0.5966,0.6917,0.1956,0.1956,0.5544,0.2376,0.1605,0.3294,0.8572,2.4081,0.2698,0.6825,0.8948,0.8016
0.685,0.8616,0.8616,0.7467,0.118,0.4787,0.3552,0.5996,0.436,0.7205,0.1296,0.1296,0.2784,0.1552,0.1017,0.2154,0.5663,1.9642,0.1658,0.4748,0.8022,0.6372
0.579,0.7428,0.7428,0.3026,0.0341,0.3001,0.258,0.3766,0.2908,0.6346,0.0492,0.0492,0.1704,0.047,0.0391,0.1005,0.342,1.345,0.0981,0.2608,0.6424,0.42
0.4168,0.5652,0.5652,0.0242,1.00E-04,0.108,0.0564,0.1375,0.1308,0.501,0,0,0.0576,7.00E-04,5.00E-04,0.0189,0.2127,0.6195,0.0138,0.0751,0.4058,0.1812
0.2106,0.3372,0.3372,0.0001,0,0.0086,0,0.0056,0.0165,0.3104,0,0,0,0,0,0,0.0868,0.1052,0,1.00E-04,0.1747,0.0132
0.0521,0.0972,0.0972,0,0,0,0,0,1.00E-04,0.1442,0,0,0,0,0,0,0.0024,0.001,0,0,0.0295,0
0,0,0,0,0,0,0,0,0,0.0153,0,0,0,0,0,0,0,0,0,0,0,0
0,0,0,0,0,0,0,0,0,0,0,0,0,0,0,0,0,0,0,0,0,0
0,0,0,0,0,0,0,0,0,0,0,0,0,0,0,0,0,0,0,0,0,0
0,0,0,0,0,0,0,0,0,0,0,0,0,0,0,0,0,0,0,0,0,0
0,0,0,0,0,0,0,0,0,0,0,0,0,0,0,0,0,0,0,0,0,0
0,0,0,0,0,0,0,0,0,0,0,0,0,0,0,0,0,0,0,0,0,0
0,0,0,0,0,0,0,0,0,0,0,0,0,0,0,0,0,0,0,0,0,0
0,0,0,0,0,0,0,0,0,0,0,0,0,0,0,0,0,0,0,0,0,0
0,0,0,0,0.0152,0,0,0,0,0,0.0036,0.0036,0,0,0.0025,2.00E-04,0,0,0,0,0,0
0,0,0,0.0664,0.1309,0.0063,0.0372,6.00E-04,0.0056,0,0.0876,0.0876,0.0036,0.0424,0.0882,0.0623,0,0.0001,0.0403,0.0148,0,0
0,0,0,0.4227,0.365,0.0801,0.186,0.0925,0.0696,1.00E-04,0.282,0.282,0.0516,0.1234,0.2969,0.2425,0.0072,0.0941,0.1826,0.1909,0.001,0.0468
0.0281,0.0048,0.0048,0.8317,0.6257,0.2034,0.4332,0.3326,0.1552,0.0089,0.5004,0.5004,0.1536,0.2182,0.5259,0.4783,0.1207,0.407,0.3435,0.4357,0.0459,0.2712
0.2195,0.1536,0.1536,1.1977,0.8295,0.3506,0.5928,0.5709,0.2077,0.0898,0.7176,0.7176,0.3024,0.3411,0.6912,0.6478,0.3337,0.7932,0.4758,0.645,0.2255,0.5124
0.4487,0.402,0.402,1.4958,0.9536,0.5056,0.6888,0.7525,0.2626,0.2001,0.8856,0.8856,0.438,0.5366,0.8548,0.8104,0.6172,1.3213,0.619,0.8044,0.4574,0.708
0.6619,0.6252,0.6252,1.6882,0.9961,0.6199,0.7296,0.873,0.3121,0.2591,0.9624,0.9624,0.4956,0.7189,0.9053,0.87,0.7158,1.6989,0.6843,0.8984,0.6631,0.8424
0.8201,0.786,0.786,1.7274,0.9802,0.6261,0.6576,0.9335,0.3777,0.2713,0.972,0.972,0.5352,0.8068,0.9128,0.8906,0.7919,1.6987,0.7307,0.9351,0.8054,0.9156
0.9035,0.8856,0.8856,1.6134,0.8995,0.6477,0.4188,0.9356,0.3703,0.2757,0.9072,0.9072,0.72,0.7862,0.8749,0.8693,0.7274,1.6203,0.6753,0.9167,0.8805,0.9288
0.9266,0.9264,0.9264,1.3914,0.7567,0.6501,0.318,0.8818,0.3642,0.2736,0.7812,0.7812,0.8196,0.6745,0.7717,0.7837,0.6475,1.6147,0.5879,0.841,0.9015,0.8892
0.9047,0.9132,0.9132,1.0803,0.562,0.6079,0.3384,0.7703,0.2063,0.2305,0.5928,0.5928,0.6564,0.5294,0.599,0.6314,0.5544,1.6471,0.4818,0.7079,0.8582,0.792
0.828,0.8496,0.8496,0.6872,0.3245,0.4396,0.282,0.6001,0.1335,0.2607,0.3564,0.3564,0.354,0.3465,0.3714,0.4211,0.3959,1.3654,0.3094,0.5211,0.7772,0.6372
0.6896,0.7296,0.7296,0.2834,0.0896,0.2024,0.1668,0.3788,0.0895,0.2275,0.1176,0.1176,0.1068,0.1365,0.133,0.1833,0.2336,0.9244,0.1483,0.2946,0.6352,0.4284
0.4978,0.5532,0.5532,0.0242,0.0011,0.0592,0.0384,0.141,0.0457,0.1538,0.0048,0.0048,0.036,0.008,0.007,0.0243,0.1318,0.4147,0.0193,0.0777,0.4396,0.1908
0.2664,0.3276,0.3276,0.0001,0,0.0023,0,0.0087,0.0062,0.0882,0,0,0,0,0,0,0.0552,0.0749,0,1.00E-04,0.2116,0.0216
0.0584,0.1008,0.1008,0,0,0,0,0,1.00E-04,0.0343,0,0,0,0,0,0,0.0036,0.0017,0,0,0.0299,0
1.00E-04,0,0,0,0,0,0,0,0,0.0017,0,0,0,0,0,0,0,0,0,0,0,0
0,0,0,0,0,0,0,0,0,0,0,0,0,0,0,0,0,0,0,0,0,0
0,0,0,0,0,0,0,0,0,0,0,0,0,0,0,0,0,0,0,0,0,0
0,0,0,0,0,0,0,0,0,0,0,0,0,0,0,0,0,0,0,0,0,0
0,0,0,0,0,0,0,0,0,0,0,0,0,0,0,0,0,0,0,0,0,0
0,0,0,0,0,0,0,0,0,0,0,0,0,0,0,0,0,0,0,0,0,0
0,0,0,0,0,0,0,0,0,0,0,0,0,0,0,0,0,0,0,0,0,0
0,0,0,0,0,0,0,0,0,0,0,0,0,0,0,0,0,0,0,0,0,0
0,0,0,0,0.0206,0,0,0,0,0,0.0096,0.0096,0,0.0023,0.0063,0.002,0,0,0,0,0,0
0,0,0,0.076,0.1721,0.0073,0.0384,6.00E-04,0.0018,0,0.1524,0.1524,0.0024,0.11,0.1313,0.0851,0,0.0003,0.054,0.021,0,0
0,0,0,0.4416,0.4112,0.0763,0.138,0.0901,0.0766,1.00E-04,0.4056,0.4056,0.0384,0.3565,0.38,0.2874,0.006,0.1444,0.2355,0.182,0.001,0.0432
0.0298,0.006,0.006,0.866,0.6468,0.2028,0.36,0.2761,0.2497,0.0057,0.6336,0.6336,0.0948,0.5898,0.61,0.4878,0.1574,0.6373,0.4083,0.3969,0.0491,0.2088
0.2253,0.1476,0.1476,1.2355,0.8168,0.369,0.5712,0.4357,0.4861,0.0396,0.8052,0.8052,0.1704,0.7698,0.785,0.6675,0.4285,1.2739,0.5503,0.5885,0.2678,0.4296
0.4586,0.3768,0.3768,1.4976,0.915,0.5208,0.7572,0.59,0.6482,0.1135,0.9096,0.9096,0.1776,0.8881,0.8937,0.8022,0.6673,1.9411,0.6517,0.748,0.506,0.6396
0.6747,0.5904,0.5904,1.5735,0.9474,0.5711,0.6204,0.7451,0.7528,0.2266,0.93,0.93,0.1788,0.9481,0.9383,0.875,0.8449,2.5018,0.7402,0.8446,0.6952,0.7716
0.8375,0.75,0.75,1.4912,0.9102,0.5177,0.4704,0.79,0.8071,0.3414,0.8868,0.8868,0.138,0.9531,0.9219,0.8949,0.9588,2.7381,0.778,0.8751,0.825,0.8052
0.9362,0.8712,0.8712,1.2205,0.8361,0.4843,0.3048,0.7238,0.8084,0.3639,0.756,0.756,0.1368,0.8947,0.8299,0.8273,1,2.7334,0.7341,0.8065,0.896,0.69
0.9631,0.9168,0.9168,0.9962,0.6981,0.4847,0.2076,0.6031,0.7763,0.3668,0.5496,0.5496,0.198,0.7812,0.6534,0.7021,0.9995,2.5512,0.6375,0.6663,0.9093,0.3972
0.9409,0.9084,0.9084,0.7685,0.5041,0.4852,0.1092,0.4717,0.7084,0.3607,0.3588,0.3588,0.324,0.5969,0.4463,0.5391,0.9363,2.2352,0.4448,0.4681,0.8716,0.204
0.8597,0.8484,0.8484,0.4965,0.2889,0.4059,0.0636,0.3441,0.6054,0.3642,0.2328,0.2328,0.318,0.3639,0.2863,0.3105,0.8079,1.807,0.3207,0.2941,0.7828,0.1164
0.7163,0.7308,0.7308,0.226,0.0824,0.2422,0.03,0.2007,0.3979,0.4083,0.0936,0.0936,0.1392,0.1339,0.1096,0.1164,0.6192,1.2539,0.1669,0.123,0.6422,0.0612
0.5043,0.5556,0.5556,0.0207,0.0012,0.1011,0.006,0.0614,0.1801,0.3281,0.0036,0.0036,0.0444,0.0082,0.0075,0.0183,0.3887,0.6251,0.0229,0.0321,0.4476,0.0288
0.2653,0.336,0.336,0,0,0.0114,0,0.0018,0.0231,0.2259,0,0,0,0,0,0,0.1437,0.1163,0,0,0.2176,0.0048
0.0585,0.1032,0.1032,0,0,0,0,0,1.00E-04,0.1015,0,0,0,0,0,0,0.0048,0.0011,0,0,0.0298,0
1.00E-04,0.0012,0.0012,0,0,0,0,0,0,0.017,0,0,0,0,0,0,0,0,0,0,0,0
0,0,0,0,0,0,0,0,0,0,0,0,0,0,0,0,0,0,0,0,0,0
0,0,0,0,0,0,0,0,0,0,0,0,0,0,0,0,0,0,0,0,0,0
0,0,0,0,0,0,0,0,0,0,0,0,0,0,0,0,0,0,0,0,0,0
0,0,0,0,0,0,0,0,0,0,0,0,0,0,0,0,0,0,0,0,0,0
0,0,0,0,0,0,0,0,0,0,0,0,0,0,0,0,0,0,0,0,0,0
0,0,0,0,0,0,0,0,0,0,0,0,0,0,0,0,0,0,0,0,0,0
0,0,0,0,0,0,0,0,0,0,0,0,0,0,0,0,0,0,0,0,0,0
0,0,0,0,0.0189,0,0,0,0,0,0.0108,0.0108,0,0.0023,0.0069,0.0027,0,0,0,0,0,0
0,0,0,0.0213,0.1445,0.0096,0.0144,0,0.0068,0,0.1512,0.1512,0.0228,0.1073,0.1312,0.0782,0,0.0001,0.0468,0.0056,0,0
0,0,0,0.1463,0.3424,0.1278,0.0828,0.0501,0.106,2.00E-04,0.3828,0.3828,0.1992,0.3371,0.3625,0.246,0.0049,0.1716,0.2069,0.0522,0.0012,0.0504
0.0351,0.006,0.006,0.2985,0.5639,0.3587,0.2196,0.1918,0.2909,0.0111,0.5964,0.5964,0.4524,0.5687,0.584,0.4161,0.1585,0.6499,0.3316,0.1552,0.0514,0.2652
0.2469,0.1536,0.1536,0.4314,0.7268,0.5839,0.4044,0.3549,0.4364,0.1187,0.7608,0.7608,0.6864,0.7555,0.7453,0.5434,0.4224,1.2162,0.4072,0.3363,0.2682,0.5268
0.4959,0.3984,0.3984,0.5219,0.8365,0.7466,0.6768,0.4984,0.5572,0.3265,0.8796,0.8796,0.8676,0.8767,0.8442,0.6231,0.6564,1.7883,0.4686,0.5111,0.5049,0.7284
0.6972,0.6144,0.6144,0.5859,0.8747,0.7276,0.9108,0.6038,0.6967,0.5709,0.894,0.894,0.9708,0.9316,0.8584,0.6743,0.8316,2.1217,0.5314,0.5599,0.6912,0.864
0.8403,0.7704,0.7704,0.6177,0.8446,0.7319,1,0.6485,0.6982,0.7743,0.7932,0.7932,0.9768,0.9222,0.802,0.715,0.9418,2.2234,0.576,0.6021,0.8181,0.9384
0.9223,0.8748,0.8748,0.6553,0.7641,0.844,1,0.653,0.6482,0.9111,0.618,0.618,0.8928,0.8525,0.6664,0.7143,0.9908,2.5417,0.5872,0.6339,0.8883,0.9552
0.9509,0.9204,0.9204,0.7141,0.6435,0.7759,0.9036,0.6072,0.5726,0.9673,0.5064,0.5064,0.738,0.7296,0.5619,0.6157,0.9849,2.5083,0.5375,0.5995,0.9061,0.9144
0.9257,0.9132,0.9132,0.7193,0.4788,0.643,0.7236,0.5598,0.4788,0.9653,0.4584,0.4584,0.5388,0.5391,0.425,0.413,0.9238,2.276,0.4036,0.4712,0.8729,0.8172
0.846,0.8532,0.8532,0.5293,0.2772,0.5155,0.5388,0.4458,0.3547,0.9057,0.3048,0.3048,0.36,0.2804,0.264,0.255,0.8073,1.9198,0.2476,0.3314,0.7874,0.66
0.7111,0.732,0.732,0.2583,0.0816,0.3252,0.2976,0.2891,0.2252,0.7943,0.1116,0.1116,0.2052,0.0965,0.0888,0.1012,0.6165,1.3578,0.103,0.2005,0.6447,0.4464
0.5189,0.5544,0.5544,0.0256,0.0016,0.1224,0.0672,0.121,0.0984,0.6231,0.0048,0.0048,0.078,0.0042,0.0027,0.0136,0.3981,0.6729,0.0121,0.0552,0.4481,0.1992
0.2842,0.3336,0.3336,0.0001,0,0.0104,0,0.0058,0.0143,0.4054,0,0,0.0024,0,0,0,0.1427,0.1157,0,1.00E-04,0.2167,0.0144
0.0581,0.1044,0.1044,0,0,0,0,0,1.00E-04,0.1775,0,0,0,0,0,0,0.006,0.0014,0,0,0.0309,0
2.00E-04,0.0012,0.0012,0,0,0,0,0,0,0.0264,0,0,0,0,0,0,0,0,0,0,0,0
0,0,0,0,0,0,0,0,0,0,0,0,0,0,0,0,0,0,0,0,0,0
0,0,0,0,0,0,0,0,0,0,0,0,0,0,0,0,0,0,0,0,0,0
0,0,0,0,0,0,0,0,0,0,0,0,0,0,0,0,0,0,0,0,0,0
0,0,0,0,0,0,0,0,0,0,0,0,0,0,0,0,0,0,0,0,0,0
0,0,0,0,0,0,0,0,0,0,0,0,0,0,0,0,0,0,0,0,0,0
0,0,0,0,0,0,0,0,0,0,0,0,0,0,0,0,0,0,0,0,0,0
0,0,0,0,0,0,0,0,0,0,0,0,0,0,0,0,0,0,0,0,0,0
0,0,0,0,0.0083,0,0,0,0,0,0.0024,0.0024,0,0,0.0012,0,0,0,0,0,0,0
0,0,0,0.0736,0.0578,0.0118,0.0372,0.0012,0.005,0,0.042,0.042,0.0168,0.0279,0.0321,0.0299,0,0.0003,0.0149,0.0161,0,0
0,0,0,0.444,0.12,0.1211,0.1704,0.1005,0.0696,2.00E-04,0.1104,0.1104,0.1392,0.1064,0.0904,0.1187,0.006,0.2045,0.0504,0.1483,0.0012,0.0516
0.0366,0.0072,0.0072,0.9338,0.1802,0.3183,0.36,0.3385,0.192,0.0131,0.1572,0.1572,0.306,0.2564,0.1492,0.2378,0.1598,0.8386,0.1189,0.3958,0.0529,0.2772
0.24,0.1536,0.1536,1.3401,0.2156,0.5107,0.5664,0.5733,0.3437,0.1279,0.1872,0.1872,0.4248,0.2088,0.1875,0.3035,0.4227,1.5464,0.2227,0.6018,0.2646,0.5184
0.4855,0.396,0.396,1.6004,0.2251,0.6806,0.72,0.756,0.4968,0.3286,0.1764,0.1764,0.5472,0.1705,0.2226,0.3916,0.6567,2.1312,0.2945,0.757,0.4964,0.7068
0.6849,0.612,0.612,1.7334,0.202,0.7981,0.8052,0.8772,0.7059,0.5617,0.192,0.192,0.6648,0.2471,0.2304,0.438,0.8295,2.564,0.4172,0.855,0.6841,0.8364
0.8269,0.774,0.774,1.7702,0.1821,0.8546,0.834,0.9388,0.7989,0.7456,0.1668,0.1668,0.7404,0.2519,0.2008,0.4292,0.9387,2.7933,0.4052,0.7995,0.8086,0.9072
0.9106,0.8784,0.8784,1.6919,0.1533,0.8607,0.7632,0.9418,0.7823,0.8631,0.1404,0.1404,0.756,0.259,0.1729,0.4069,0.9902,2.8541,0.3661,0.6916,0.8818,0.9204
0.9392,0.9216,0.9216,1.4912,0.1169,0.8027,0.6576,0.8874,0.7545,0.9205,0.114,0.114,0.7116,0.1952,0.1367,0.353,0.9841,2.7511,0.313,0.5906,0.8974,0.8784
0.9146,0.912,0.912,1.1302,0.0875,0.6814,0.5424,0.774,0.6234,0.9166,0.0888,0.0888,0.5976,0.0916,0.0889,0.2649,0.9123,2.4784,0.2627,0.4874,0.8617,0.7812
0.8376,0.8436,0.8436,0.7237,0.0438,0.5028,0.402,0.6015,0.4772,0.8634,0.0492,0.0492,0.4236,0.0534,0.0467,0.1657,0.7828,2.0265,0.217,0.3631,0.7803,0.6276
0.7027,0.7236,0.7236,0.2891,0.0113,0.3087,0.2172,0.3808,0.3268,0.7582,0.0144,0.0144,0.264,0.0175,0.0154,0.0801,0.5885,1.4115,0.1239,0.1961,0.638,0.4224
0.5129,0.5448,0.5448,0.029,0,0.1278,0.0624,0.1447,0.1338,0.5775,0,0,0.1032,8.00E-04,0,0.0184,0.3627,0.6884,0.0162,0.0563,0.4421,0.1896
0.2808,0.3288,0.3288,0.0001,0,0.0121,0,0.0073,0.0217,0.3668,0,0,0.0036,0,0,0,0.1345,0.1224,0,2.00E-04,0.2131,0.0156
0.0603,0.1056,0.1056,0,0,0,0,0,1.00E-04,0.1632,0,0,0,0,0,0,0.0072,0.0016,0,0,0.033,0
2.00E-04,0.0012,0.0012,0,0,0,0,0,0,0.0281,0,0,0,0,0,0,0,0,0,0,0,0
0,0,0,0,0,0,0,0,0,0,0,0,0,0,0,0,0,0,0,0,0,0
0,0,0,0,0,0,0,0,0,0,0,0,0,0,0,0,0,0,0,0,0,0
0,0,0,0,0,0,0,0,0,0,0,0,0,0,0,0,0,0,0,0,0,0
0,0,0,0,0,0,0,0,0,0,0,0,0,0,0,0,0,0,0,0,0,0
0,0,0,0,0,0,0,0,0,0,0,0,0,0,0,0,0,0,0,0,0,0
0,0,0,0,0,0,0,0,0,0,0,0,0,0,0,0,0,0,0,0,0,0
0,0,0,0,0,0,0,0,0,0,0,0,0,0,0,0,0,0,0,0,0,0
0,0,0,0,0.0014,0,0,0,0,0,0.006,0.006,0,0.0023,0.0033,7.00E-04,0,0,0,0,0,0
0,0,0,0.0688,0.0356,0.0158,0.0588,0.0015,0.01,0,0.0888,0.0888,0.0228,0.1128,0.0676,0.0521,0,0.0008,0.0607,0.0231,0,0
0,0,0,0.4937,0.1099,0.1673,0.252,0.1016,0.1339,2.00E-04,0.2196,0.2196,0.2088,0.3613,0.1859,0.2015,0.006,0.2159,0.2875,0.2196,0.0012,0.0528
0.0394,0.0084,0.0084,0.9862,0.2611,0.4259,0.474,0.3448,0.3868,0.0142,0.3732,0.3732,0.474,0.5994,0.3272,0.3864,0.1609,0.8973,0.5341,0.4898,0.0537,0.2712
0.2274,0.1488,0.1488,1.3903,0.3933,0.661,0.69,0.5842,0.6207,0.1375,0.5088,0.5088,0.7056,0.7505,0.455,0.5276,0.4189,1.6336,0.7297,0.7191,0.255,0.51
0.4495,0.384,0.384,1.6651,0.4622,0.8409,0.8412,0.7726,0.8016,0.3401,0.6828,0.6828,0.8784,0.7833,0.5985,0.6243,0.6456,2.2363,0.8116,0.8759,0.4872,0.708
0.6446,0.6156,0.6156,1.7723,0.5018,0.9568,0.9012,0.8966,0.929,0.5469,0.846,0.846,0.9876,0.6464,0.7007,0.6757,0.8136,2.6515,0.8566,0.9667,0.678,0.8448
0.7834,0.78,0.78,1.8021,0.5196,0.9898,0.9204,0.9574,0.9786,0.7201,0.7548,0.7548,1,0.6303,0.6255,0.7039,0.9204,2.8823,0.8569,0.9753,0.8083,0.9192
0.8661,0.8808,0.8808,1.6692,0.4227,0.9957,0.8952,0.9632,0.975,0.8516,0.5184,0.5184,1,0.5503,0.4661,0.6474,0.966,2.9352,0.7759,0.966,0.8773,0.9384
0.9035,0.9204,0.9204,1.4828,0.3412,0.9414,0.8064,0.9063,0.9262,0.9235,0.3924,0.3924,0.9456,0.4499,0.3717,0.5465,0.9423,2.8138,0.688,0.8907,0.8916,0.8976
0.8877,0.9048,0.9048,1.0696,0.3621,0.817,0.6456,0.7902,0.8205,0.9252,0.3204,0.3204,0.8112,0.4061,0.2754,0.4176,0.881,2.5226,0.5822,0.7593,0.8541,0.7992
0.8135,0.8508,0.8508,0.7403,0.2629,0.6319,0.4356,0.6145,0.6474,0.8683,0.2208,0.2208,0.6144,0.2388,0.1796,0.276,0.7232,2.0555,0.3943,0.559,0.7587,0.642
0.6812,0.7272,0.7272,0.3316,0.0899,0.3961,0.2208,0.3877,0.4244,0.7316,0.0936,0.0936,0.3708,0.1186,0.0837,0.1464,0.5465,1.4276,0.1753,0.2985,0.6194,0.432
0.4937,0.5388,0.5388,0.0292,0.0029,0.1502,0.0576,0.1474,0.1833,0.5496,0.0072,0.0072,0.1212,0.0106,0.0078,0.0282,0.3399,0.7025,0.0247,0.0801,0.431,0.1932
0.2699,0.3072,0.3072,0.0001,0,0.0154,0,0.0079,0.0264,0.3401,0,0,0.0072,0,0,1.00E-04,0.1309,0.1275,0,2.00E-04,0.2096,0.0168
0.0628,0.1056,0.1056,0,0,0,0,0,1.00E-04,0.1497,0,0,0,0,0,0,0.0084,0.0019,0,0,0.0332,0
2.00E-04,0.0012,0.0012,0,0,0,0,0,0,0.0253,0,0,0,0,0,0,0,0,0,0,0,0
0,0,0,0,0,0,0,0,0,0,0,0,0,0,0,0,0,0,0,0,0,0
0,0,0,0,0,0,0,0,0,0,0,0,0,0,0,0,0,0,0,0,0,0
0,0,0,0,0,0,0,0,0,0,0,0,0,0,0,0,0,0,0,0,0,0
0,0,0,0,0,0,0,0,0,0,0,0,0,0,0,0,0,0,0,0,0,0
0,0,0,0,0,0,0,0,0,0,0,0,0,0,0,0,0,0,0,0,0,0
0,0,0,0,0,0,0,0,0,0,0,0,0,0,0,0,0,0,0,0,0,0
0,0,0,0,0,0,0,0,0,0,0,0,0,0,0,0,0,0,0,0,0,0
0,0,0,0,0.0269,0,0,0,0,0,0.0144,0.0144,0,0.0046,0.0087,0.0037,0,0,0,1.00E-04,0,0
0,0,0,0.0665,0.1805,0.0176,0.048,0.0016,0.0114,0,0.1464,0.1464,0.024,0.114,0.1348,0.0998,0,0.0009,0.0619,0.0269,0,0
0,0,0,0.5036,0.4246,0.1556,0.2124,0.1037,0.1327,3.00E-04,0.3492,0.3492,0.1752,0.3597,0.3677,0.3448,0.0073,0.2127,0.3031,0.2024,0.0014,0.0528
0.0405,0.0072,0.0072,1.0004,0.6206,0.3746,0.456,0.3459,0.3585,0.0137,0.5136,0.5136,0.3768,0.5936,0.5705,0.59,0.1573,0.8058,0.558,0.4073,0.0546,0.2736
0.2356,0.1248,0.1248,1.409,0.7608,0.5681,0.7116,0.5804,0.5841,0.1046,0.6504,0.6504,0.5724,0.8055,0.7361,0.7845,0.4092,1.4714,0.7608,0.5802,0.2724,0.5112
0.4826,0.2976,0.2976,1.6954,0.8502,0.7364,0.906,0.7597,0.7341,0.2129,0.7212,0.7212,0.7488,0.9377,0.8295,0.9104,0.6396,2.0965,0.8982,0.7258,0.5086,0.6996
0.6816,0.48,0.48,1.8593,0.8724,0.8089,1,0.8791,0.855,0.266,0.7056,0.7056,0.8028,0.9978,0.8385,0.969,0.8098,2.4924,0.957,0.7641,0.6987,0.8304
0.825,0.5244,0.5244,1.8984,0.8207,0.8397,1,0.939,0.912,0.2779,0.6852,0.6852,0.8844,0.9959,0.8231,0.9592,0.9154,2.6845,0.9334,0.7386,0.8254,0.9012
0.917,0.6396,0.6396,1.82,0.7501,0.8021,0.9912,0.9402,0.9086,0.3054,0.6156,0.6156,0.846,0.9425,0.7541,0.91,0.9622,2.7063,0.8369,0.7243,0.8959,0.9156
0.9435,0.6084,0.6084,1.6193,0.6209,0.7362,0.8976,0.8848,0.7772,0.3518,0.4944,0.4944,0.7548,0.8214,0.6155,0.7772,0.9562,2.5818,0.6959,0.6335,0.9127,0.8748
0.9064,0.5892,0.5892,1.294,0.4484,0.6042,0.7488,0.7709,0.5766,0.3644,0.366,0.366,0.5688,0.6419,0.4316,0.5762,0.8951,2.2911,0.535,0.5265,0.8771,0.7764
0.7867,0.6828,0.6828,0.8511,0.2468,0.416,0.5064,0.6013,0.3914,0.3502,0.21,0.21,0.3084,0.4051,0.2286,0.3414,0.7479,1.8635,0.3637,0.3752,0.7896,0.6252
0.553,0.5508,0.5508,0.3453,0.0812,0.2441,0.2484,0.3823,0.2737,0.3121,0.078,0.078,0.144,0.147,0.0896,0.1532,0.5263,1.3158,0.1712,0.205,0.6047,0.4224
0.3731,0.3252,0.3252,0.0267,0.0028,0.1005,0.0672,0.1459,0.1545,0.2364,0.0048,0.0048,0.0432,0.0108,0.007,0.0253,0.3374,0.6561,0.0271,0.0589,0.4156,0.1908
0.2022,0.1488,0.1488,0.0001,0,0.0123,0,0.0083,0.0271,0.144,0,0,0,0,0,0,0.1415,0.1238,0,2.00E-04,0.1764,0.0168
0.0565,0.0372,0.0372,0,0,0,0,0,1.00E-04,0.0614,0,0,0,0,0,0,0.0096,0.0021,0,0,0.0346,0
2.00E-04,0,0,0,0,0,0,0,0,0.0117,0,0,0,0,0,0,0,0,0,0,0,0
0,0,0,0,0,0,0,0,0,0,0,0,0,0,0,0,0,0,0,0,0,0
0,0,0,0,0,0,0,0,0,0,0,0,0,0,0,0,0,0,0,0,0,0
0,0,0,0,0,0,0,0,0,0,0,0,0,0,0,0,0,0,0,0,0,0
0,0,0,0,0,0,0,0,0,0,0,0,0,0,0,0,0,0,0,0,0,0
0,0,0,0,0,0,0,0,0,0,0,0,0,0,0,0,0,0,0,0,0,0
0,0,0,0,0,0,0,0,0,0,0,0,0,0,0,0,0,0,0,0,0,0
0,0,0,0,0,0,0,0,0,0,0,0,0,0,0,0,0,0,0,0,0,0
0,0,0,0,0.0265,0,0,0,0,0,0.0144,0.0144,0,0.0046,0.0099,0.0035,0,0,0,1.00E-04,0,0
0,0,0,0.0665,0.1814,0.0181,0.0648,0.0016,0.0044,0,0.1608,0.1608,0.0276,0.1174,0.1407,0.1002,0,0.0004,0.034,0.0234,0,0
0,0,0,0.5011,0.4399,0.1059,0.2916,0.1027,0.0824,3.00E-04,0.3924,0.3924,0.0852,0.3559,0.3781,0.3278,0.0108,0.2149,0.1556,0.1687,0.0014,0.054
0.0244,0.0048,0.0048,0.9929,0.6679,0.3373,0.4824,0.3263,0.1999,0.0076,0.5976,0.5976,0.3072,0.5725,0.5961,0.5543,0.1596,0.8208,0.3492,0.3764,0.0521,0.2652
0.1096,0.0876,0.0876,1.3918,0.8315,0.4111,0.6636,0.5331,0.3279,0.0537,0.7512,0.7512,0.2136,0.7252,0.7663,0.7075,0.3464,1.4908,0.5586,0.5976,0.1556,0.4884
0.2142,0.1896,0.1896,1.6662,0.9283,0.5356,0.8028,0.7033,0.4849,0.1278,0.876,0.876,0.1836,0.8353,0.8978,0.8148,0.5504,2.0266,0.7397,0.7698,0.2078,0.6804
0.324,0.2844,0.2844,1.8181,0.9489,0.529,0.8028,0.8294,0.6454,0.2328,0.9492,0.9492,0.1692,0.8988,0.9657,0.8437,0.787,2.3947,0.8306,0.8479,0.3226,0.8088
0.4186,0.5016,0.5016,1.8547,0.8879,0.5412,0.8196,0.9008,0.6986,0.3561,0.8748,0.8748,0.228,0.9418,0.922,0.8871,0.8995,2.621,0.8207,0.8393,0.4505,0.8796
0.4859,0.744,0.744,1.769,0.7165,0.5743,0.7932,0.9057,0.6603,0.4051,0.6852,0.6852,0.4416,0.9008,0.8021,0.8412,0.8273,2.6853,0.7763,0.8236,0.6105,0.8952
0.5688,0.8124,0.8124,1.5679,0.4951,0.6085,0.7008,0.8493,0.5627,0.3942,0.5028,0.5028,0.57,0.7901,0.6672,0.6476,0.6335,2.5868,0.6907,0.7115,0.6329,0.8568
0.5695,0.7152,0.7152,1.2472,0.3001,0.5026,0.2328,0.7338,0.455,0.3856,0.3648,0.3648,0.324,0.6122,0.5112,0.4825,0.4195,2.3023,0.5602,0.5516,0.6068,0.762
0.5484,0.6156,0.6156,0.8156,0.1552,0.3246,0.1716,0.5643,0.3899,0.3089,0.2496,0.2496,0.1056,0.3947,0.3376,0.3021,0.2789,1.8229,0.385,0.3606,0.3951,0.6072
0.5322,0.4644,0.4644,0.3348,0.0595,0.1938,0.114,0.3541,0.2721,0.2661,0.1092,0.1092,0.0504,0.147,0.1362,0.1329,0.2114,1.2041,0.1833,0.1834,0.211,0.408
0.4416,0.2508,0.2508,0.0289,0.002,0.0912,0.0552,0.1402,0.1423,0.1951,0.0096,0.0096,0.024,0.0109,0.0117,0.0241,0.1257,0.5872,0.0295,0.0455,0.14,0.1848
0.2555,0.1344,0.1344,0.0001,0,0.0137,0,0.0088,0.0247,0.1225,0,0,0,0,0,0,0.0538,0.1265,0,2.00E-04,0.1106,0.0192
0.0655,0.0768,0.0768,0,0,0,0,0,2.00E-04,0.0615,0,0,0,0,0,0,0.0036,0.0026,0,0,0.0246,0
0,0.0024,0.0024,0,0,0,0,0,0,0.0123,0,0,0,0,0,0,0,0,0,0,1.00E-04,0
0,0,0,0,0,0,0,0,0,0,0,0,0,0,0,0,0,0,0,0,0,0
0,0,0,0,0,0,0,0,0,0,0,0,0,0,0,0,0,0,0,0,0,0
0,0,0,0,0,0,0,0,0,0,0,0,0,0,0,0,0,0,0,0,0,0
0,0,0,0,0,0,0,0,0,0,0,0,0,0,0,0,0,0,0,0,0,0
0,0,0,0,0,0,0,0,0,0,0,0,0,0,0,0,0,0,0,0,0,0
0,0,0,0,0,0,0,0,0,0,0,0,0,0,0,0,0,0,0,0,0,0
0,0,0,0,0,0,0,0,0,0,0,0,0,0,0,0,0,0,0,0,0,0
0,0,0,0,0.0297,0,0,0,0,0,0.0156,0.0156,0,0,0.0075,2.00E-04,0,0,0,0,0,0
0,0,0,0.0689,0.2181,0.0119,0.0372,0.0016,0.0114,0,0.1092,0.1092,0.018,0.0118,0.0698,0.0325,0,1.90E-03,0.0576,0.0162,0,0
0,0,0,0.489,0.4619,0.1028,0.15,0.0947,0.1353,3.00E-04,0.2124,0.2124,0.1392,0.0854,0.1517,0.1187,0.0109,0.1976,0.2192,0.1314,0.0012,0.0552
0.0209,0.0072,0.0072,0.9703,0.6635,0.2783,0.3084,0.3018,0.3843,0.0059,0.3228,0.3228,0.3816,0.3721,0.2436,0.2241,0.1586,0.6304,0.3653,0.2622,0.048,0.2472
0.096,0.126,0.126,1.3633,0.7862,0.5346,0.4908,0.5173,0.6203,0.0621,0.4884,0.4884,0.6504,0.5464,0.3584,0.3038,0.356,1.1915,0.574,0.4299,0.1979,0.4128
0.3086,0.3252,0.3252,1.6388,0.8909,0.764,0.6756,0.68,0.8078,0.1787,0.606,0.606,0.834,0.4167,0.4315,0.3558,0.4988,1.8013,0.7624,0.6014,0.3439,0.546
0.4965,0.5028,0.5028,1.7939,0.9142,0.8837,0.8184,0.7932,0.9295,0.308,0.5604,0.5604,0.948,0.2784,0.4218,0.4016,0.6641,2.2033,0.8056,0.6969,0.3544,0.6912
0.6086,0.468,0.468,1.8324,0.8814,0.8947,0.6528,0.8277,0.9801,0.514,0.4932,0.4932,0.918,0.2822,0.3559,0.3887,0.7808,2.3191,0.7567,0.7452,0.4058,0.7716
0.6722,0.5124,0.5124,1.7566,0.7465,0.8505,0.4692,0.8093,0.9769,0.6953,0.3084,0.3084,0.924,0.294,0.2802,0.4254,0.8245,2.3098,0.6673,0.752,0.4902,0.7812
0.7782,0.6108,0.6108,1.5641,0.5398,0.7986,0.3048,0.7313,0.9403,0.8074,0.1848,0.1848,0.8844,0.3672,0.2393,0.4222,0.7654,2.0979,0.5927,0.6339,0.6133,0.7464
0.8375,0.6804,0.6804,1.2503,0.3535,0.6865,0.2304,0.6251,0.8328,0.7746,0.1212,0.1212,0.7896,0.3759,0.1866,0.3305,0.7075,1.6313,0.4531,0.5004,0.7951,0.6528
0.7002,0.6372,0.6372,0.8216,0.1785,0.5146,0.2592,0.4837,0.6637,0.6869,0.0864,0.0864,0.6132,0.2906,0.1221,0.2174,0.4861,1.2086,0.2721,0.3835,0.7671,0.528
0.5532,0.5592,0.5592,0.3318,0.0556,0.2967,0.1836,0.3084,0.4046,0.5375,0.0396,0.0396,0.3816,0.1152,0.0543,0.1142,0.1867,0.7617,0.0974,0.2508,0.6533,0.3912
0.3931,0.4428,0.4428,0.0268,0.001,0.101,0.06,0.1198,0.1606,0.3704,0.0024,0.0024,0.1344,0.0079,0.0037,0.0234,0.2368,0.3497,0.0145,0.0787,0.4646,0.1872
0.2311,0.3036,0.3036,0,0,0.0075,0,0.0081,0.0249,0.2123,0,0,0.0084,0,0,2.00E-04,0.096,0.0753,0,0.0011,0.2274,0.0228
0.0607,0.1056,0.1056,0,0,0,0,0,1.00E-04,0.0953,0,0,0,0,0,0,0.0012,0.0023,0,0,0.0366,0
2.00E-04,0.0024,0.0024,0,0,0,0,0,0,0.0188,0,0,0,0,0,0,0,0,0,0,1.00E-04,0
0,0,0,0,0,0,0,0,0,0,0,0,0,0,0,0,0,0,0,0,0,0
0,0,0,0,0,0,0,0,0,0,0,0,0,0,0,0,0,0,0,0,0,0
0,0,0,0,0,0,0,0,0,0,0,0,0,0,0,0,0,0,0,0,0,0
0,0,0,0,0,0,0,0,0,0,0,0,0,0,0,0,0,0,0,0,0,0
0,0,0,0,0,0,0,0,0,0,0,0,0,0,0,0,0,0,0,0,0,0
0,0,0,0,0,0,0,0,0,0,0,0,0,0,0,0,0,0,0,0,0,0
0,0,0,0,0,0,0,0,0,0,0,0,0,0,0,0,0,0,0,0,0,0
0,0,0,0,0.028,0,0,0,0,0,0.0132,0.0132,0,0.0057,0.0099,0.0043,0,0,0,1.00E-04,0,0
0,0,0,0.0712,0.1832,0.0195,0.0636,0.0019,0.0138,0,0.1692,0.1692,0.0312,0.1176,0.1458,0.1012,0,1.80E-03,0.0643,0.0272,0,0
0,0,0,0.3296,0.4422,0.1448,0.2976,0.0822,0.1483,0,0.444,0.444,0.198,0.3503,0.4017,0.3311,0.0037,0.186,0.2455,0.1718,8.00E-04,0.0252
0.0488,0.0096,0.0096,0.6251,0.6701,0.2948,0.5472,0.2451,0.364,0.0085,0.6876,0.6876,0.4032,0.5938,0.6577,0.5863,0.0519,0.5332,0.4322,0.3851,0.0564,0.1104
0.2354,0.1692,0.1692,0.9562,0.8162,0.4155,0.7596,0.4226,0.5471,0.093,0.8712,0.8712,0.5988,0.7839,0.8222,0.757,0.1453,0.8342,0.591,0.5789,0.2725,0.2208
0.4471,0.4224,0.4224,1.2067,0.9032,0.5906,0.924,0.6166,0.6917,0.2424,0.9888,0.9888,0.8064,0.8279,0.9162,0.8497,0.2779,1.2265,0.7242,0.7276,0.5115,0.3984
0.6553,0.6468,0.6468,1.3335,0.945,0.7899,1,0.7552,0.8138,0.4492,1,1,0.9384,0.7413,0.9763,0.9062,0.5146,1.7492,0.7592,0.7664,0.7076,0.5652
0.7916,0.8112,0.8112,1.352,0.9512,0.9001,1,0.8367,0.8189,0.4761,1,1,1,0.6972,0.9939,0.9115,0.8213,2.085,0.7607,0.793,0.8435,0.6972
0.8657,0.9168,0.9168,1.2359,0.8736,0.8781,1,0.8663,0.7352,0.5055,0.9648,0.9648,0.9924,0.8065,0.96,0.8944,0.9954,2.1333,0.7868,0.794,0.9191,0.7836
0.9184,0.9612,0.9612,0.9541,0.723,0.7809,0.918,0.8159,0.6664,0.4911,0.8292,0.8292,0.9012,0.7165,0.836,0.8182,0.9991,2.0235,0.754,0.6245,0.9369,0.8004
0.9187,0.9504,0.9504,0.7108,0.515,0.6402,0.7632,0.7005,0.5737,0.583,0.6348,0.6348,0.6888,0.4858,0.6477,0.6509,0.9433,1.8533,0.5798,0.4574,0.8994,0.72
0.8537,0.8844,0.8844,0.4191,0.3065,0.4258,0.552,0.5521,0.4019,0.5996,0.39,0.39,0.4128,0.2847,0.4077,0.4383,0.8223,1.5229,0.3899,0.3275,0.8052,0.57
0.7224,0.7608,0.7608,0.1713,0.1035,0.2499,0.3012,0.3473,0.252,0.5693,0.1344,0.1344,0.2436,0.1429,0.1501,0.2004,0.6481,1.0196,0.179,0.2001,0.6586,0.3828
0.5369,0.5796,0.5796,0.0164,0.0057,0.1088,0.0696,0.1394,0.1176,0.4564,0.0084,0.0084,0.108,0.0129,0.0123,0.0318,0.42,0.4877,0.0264,0.0602,0.4574,0.174
0.2942,0.3468,0.3468,0.0001,0,0.0106,0,0.0103,0.0168,0.3057,0,0,0.0072,0,0,0,0.1597,0.0945,0,2.00E-04,0.2258,0.0192
0.0688,0.1104,0.1104,0,0,0,0,0,1.00E-04,0.1416,0,0,0,0,0,0,0.0096,0.0029,0,0,0.039,0
4.00E-04,0.0036,0.0036,0,0,0,0,0,0,0.0343,0,0,0,0,0,0,0,0,0,0,1.00E-04,0
0,0,0,0,0,0,0,0,0,0,0,0,0,0,0,0,0,0,0,0,0,0
0,0,0,0,0,0,0,0,0,0,0,0,0,0,0,0,0,0,0,0,0,0
0,0,0,0,0,0,0,0,0,0,0,0,0,0,0,0,0,0,0,0,0,0
0,0,0,0,0,0,0,0,0,0,0,0,0,0,0,0,0,0,0,0,0,0
0,0,0,0,0,0,0,0,0,0,0,0,0,0,0,0,0,0,0,0,0,0
0,0,0,0,0,0,0,0,0,0,0,0,0,0,0,0,0,0,0,0,0,0
0,0,0,0,0,0,0,0,0,0,0,0,0,0,0,0,0,0,0,0,0,0
0,0,0,0,0.0312,0,0,0,0,0,0.018,0.018,0,0.0046,0.0136,0.006,0,0,0,1.00E-04,0,0
0,0,0,0.0238,0.2171,0.0096,0.0168,0.0025,0.0059,0,0.1656,0.1656,0.0048,0.1138,0.1385,0.0882,0,2.00E-03,0.0375,0.0251,0,0
0,0,0,0.1381,0.4729,0.0834,0.1008,0.0964,0.077,2.00E-04,0.4212,0.4212,0.0696,0.3458,0.3309,0.209,0.0098,0.2007,0.164,0.156,0.0012,0.0504
0.0477,0.0096,0.0096,0.3093,0.7282,0.1928,0.2544,0.2677,0.1866,0.0132,0.672,0.672,0.1392,0.5703,0.4429,0.2441,0.173,0.682,0.3611,0.3353,0.0548,0.2184
0.2624,0.1644,0.1644,0.5137,0.9102,0.3608,0.48,0.4679,0.2813,0.1125,0.7044,0.7044,0.198,0.5764,0.4895,0.3995,0.3994,1.3771,0.525,0.5344,0.2457,0.4452
0.5177,0.4116,0.4116,0.6932,0.9775,0.4778,0.6384,0.6821,0.3422,0.275,0.5664,0.5664,0.2088,0.8092,0.5857,0.6566,0.6311,1.9575,0.6393,0.6874,0.4543,0.648
0.7337,0.6288,0.6288,0.8309,0.9835,0.5465,0.3264,0.7987,0.3346,0.4735,0.6936,0.6936,0.2556,0.9048,0.7353,0.705,0.8521,2.3774,0.6791,0.7603,0.6232,0.786
0.8853,0.7896,0.7896,0.7302,0.9975,0.5922,0.4392,0.8531,0.388,0.603,0.852,0.852,0.2448,0.9113,0.8258,0.6644,0.993,2.5779,0.7138,0.7692,0.7511,0.8604
0.9495,0.8988,0.8988,0.7277,0.9509,0.5538,0.7416,0.8722,0.3988,0.6627,0.9264,0.9264,0.2028,0.8279,0.8132,0.6181,0.9999,2.5479,0.7016,0.7113,0.8113,0.8808
0.9716,0.9432,0.9432,0.6362,0.8071,0.4611,0.5112,0.8371,0.4331,0.6269,0.7524,0.7524,0.186,0.666,0.6345,0.5271,0.9995,2.3286,0.6434,0.626,0.8511,0.846
0.9555,0.9348,0.9348,0.4485,0.5901,0.3195,0.336,0.7321,0.4375,0.5596,0.5112,0.5112,0.1704,0.4694,0.4183,0.3839,0.9436,1.939,0.508,0.5298,0.8235,0.7584
0.8815,0.87,0.87,0.2454,0.3018,0.1781,0.2004,0.5717,0.3365,0.5154,0.2796,0.2796,0.1116,0.2598,0.2311,0.2246,0.7228,1.4068,0.3239,0.3665,0.7517,0.6144
0.7396,0.75,0.75,0.0981,0.0897,0.108,0.1752,0.3536,0.2338,0.4529,0.0588,0.0588,0.09,0.0908,0.0646,0.0824,0.4867,0.8651,0.1655,0.2105,0.6141,0.4176
0.5398,0.5724,0.5724,0.0076,0.0033,0.0571,0.0468,0.138,0.0949,0.381,0.0072,0.0072,0.078,0.0076,0.0081,0.0169,0.2803,0.3893,0.0307,0.0687,0.4263,0.192
0.2977,0.3456,0.3456,0.0001,0,0.0045,0,0.0106,0.0131,0.2648,0,0,0.0096,0,0,1.00E-04,0.1255,0.0652,0,9.00E-04,0.2123,0.0228
0.0699,0.1104,0.1104,0,0,0,0,0,1.00E-04,0.1235,0,0,0,0,0,0,0.0131,0.0015,0,0,0.0383,0
4.00E-04,0.0036,0.0036,0,0,0,0,0,0,0.0287,0,0,0,0,0,0,0,0,0,0,1.00E-04,0
0,0,0,0,0,0,0,0,0,0,0,0,0,0,0,0,0,0,0,0,0,0
0,0,0,0,0,0,0,0,0,0,0,0,0,0,0,0,0,0,0,0,0,0
0,0,0,0,0,0,0,0,0,0,0,0,0,0,0,0,0,0,0,0,0,0
0,0,0,0,0,0,0,0,0,0,0,0,0,0,0,0,0,0,0,0,0,0
0,0,0,0,0,0,0,0,0,0,0,0,0,0,0,0,0,0,0,0,0,0
0,0,0,0,0,0,0,0,0,0,0,0,0,0,0,0,0,0,0,0,0,0
0,0,0,0,0,0,0,0,0,0,0,0,0,0,0,0,0,0,0,0,0,0
0,0,0,0,0.0278,0,0,0,0,0,0.0144,0.0144,0,0.0011,0.0111,0.005,0,0,0,0,0,0
0,0,0,0.0191,0.2299,0.0109,0.0684,0.0031,0.0084,0,0.18,0.18,0.0144,0.0662,0.1536,0.0881,0,0.0032,0.0696,0.0298,0,0
0,0,0,0.0954,0.4954,0.1063,0.2724,0.095,0.102,4.00E-04,0.4584,0.4584,0.1452,0.1707,0.4249,0.2798,0.011,0.1474,0.2718,0.1748,0.0014,0.0504
0.0488,0.0108,0.0108,0.1951,0.7221,0.2269,0.5052,0.274,0.246,0.0112,0.696,0.696,0.2196,0.3873,0.6652,0.4708,0.1776,0.4589,0.4951,0.3576,0.0618,0.2136
0.2502,0.1644,0.1644,0.2989,0.8832,0.314,0.6612,0.4564,0.3804,0.0807,0.8568,0.8568,0.276,0.5342,0.839,0.6239,0.4438,0.8104,0.6763,0.5319,0.2696,0.4092
0.4938,0.4032,0.4032,0.3736,0.9937,0.3349,0.8844,0.65,0.4627,0.1826,0.9768,0.9768,0.492,0.6669,0.961,0.7557,0.6804,1.0109,0.7998,0.6394,0.5003,0.606
0.7031,0.618,0.618,0.4145,1,0.3544,0.984,0.7676,0.5504,0.3003,1,1,0.6072,0.7521,0.9998,0.84,0.8543,1.2907,0.864,0.7119,0.6897,0.7464
0.8548,0.7776,0.7776,0.4329,1,0.3585,1,0.8145,0.5386,0.3876,1,1,0.4848,0.8115,0.9999,0.8943,0.9615,1.5354,0.8839,0.7854,0.82,0.8256
0.9486,0.8796,0.8796,0.4073,0.9503,0.3979,0.9792,0.817,0.5073,0.459,0.9516,0.9516,0.5076,0.8029,0.9485,0.8674,0.999,1.6839,0.8479,0.7626,0.8974,0.8484
0.9754,0.9252,0.9252,0.3587,0.8131,0.422,0.9024,0.7815,0.4408,0.4877,0.8256,0.8256,0.4812,0.697,0.8276,0.7413,0.9733,1.9079,0.7537,0.6785,0.9155,0.8208
0.9617,0.9168,0.9168,0.2871,0.6149,0.3803,0.7332,0.6965,0.3437,0.4994,0.6372,0.6372,0.3168,0.5836,0.6459,0.554,0.8891,1.8212,0.6097,0.534,0.8803,0.7344
0.8802,0.8556,0.8556,0.1905,0.3625,0.2342,0.5124,0.5523,0.2386,0.4205,0.3936,0.3936,0.1764,0.3733,0.4074,0.3382,0.7325,1.4908,0.4153,0.3514,0.7898,0.5904
0.7391,0.7344,0.7344,0.0881,0.1042,0.1273,0.264,0.3462,0.142,0.2966,0.1332,0.1332,0.048,0.1516,0.1493,0.1431,0.5481,1.0224,0.1987,0.1975,0.6448,0.3984
0.5406,0.5556,0.5556,0.0098,0.006,0.0645,0.0732,0.1382,0.0728,0.2036,0.0096,0.0096,0.0216,0.0168,0.0124,0.0255,0.3338,0.5114,0.0349,0.0663,0.4478,0.162
0.2996,0.3264,0.3264,0.0002,0,0.0066,0.0012,0.0104,0.0173,0.1174,0,0,0,0,0,1.00E-04,0.1429,0.1104,0,0.0015,0.2197,0.0156
0.0719,0.1104,0.1104,0,0,0,0,0,2.00E-04,0.0474,0,0,0,0,0,0,0.0132,0.0028,0,0,0.0408,0
7.00E-04,0.0036,0.0036,0,0,0,0,0,0,0.007,0,0,0,0,0,0,0,0,0,0,1.00E-04,0
0,0,0,0,0,0,0,0,0,0,0,0,0,0,0,0,0,0,0,0,0,0
0,0,0,0,0,0,0,0,0,0,0,0,0,0,0,0,0,0,0,0,0,0
0,0,0,0,0,0,0,0,0,0,0,0,0,0,0,0,0,0,0,0,0,0
0,0,0,0,0,0,0,0,0,0,0,0,0,0,0,0,0,0,0,0,0,0
0,0,0,0,0,0,0,0,0,0,0,0,0,0,0,0,0,0,0,0,0,0
0,0,0,0,0,0,0,0,0,0,0,0,0,0,0,0,0,0,0,0,0,0
0,0,0,0,0,0,0,0,0,0,0,0,0,0,0,0,0,0,0,0,0,0
0,0,0,0,0.029,0,0,0,0,0,0.0144,0.0144,0,0.0057,0.0122,0.0065,0,0,0,1.00E-04,0,0
0,0,0,0.0215,0.2351,0.0084,0.0408,0.0031,0.0111,0,0.1848,0.1848,0.0132,0.0966,0.1574,0.1004,0,0.001,0.0659,0.0343,0,0
0,0,0,0.1304,0.4999,0.0705,0.1548,0.0876,0.0788,6.00E-04,0.4584,0.4584,0.1368,0.2415,0.4119,0.2939,0.0086,0.1086,0.2074,0.1626,7.00E-04,0.0144
0.048,0.012,0.012,0.2795,0.7269,0.2034,0.2712,0.2244,0.1749,0.01,0.6936,0.6936,0.3168,0.399,0.6448,0.47,0.1765,0.4304,0.3341,0.3717,0.0589,0.0744
0.2255,0.1608,0.1608,0.4014,0.8888,0.3656,0.5184,0.3822,0.3385,0.0623,0.8676,0.8676,0.4692,0.5629,0.8195,0.6243,0.4405,0.9516,0.4687,0.5764,0.2652,0.1776
0.4562,0.3876,0.3876,0.472,0.9737,0.5221,0.6828,0.5577,0.5373,0.1369,0.9768,0.9768,0.5268,0.685,0.9075,0.7721,0.6732,1.689,0.6154,0.7221,0.494,0.2964
0.6759,0.5952,0.5952,0.4909,0.9887,0.5893,0.5676,0.6695,0.661,0.2222,1,1,0.3924,0.6636,0.9267,0.8343,0.8472,2.2907,0.761,0.8042,0.6808,0.4128
0.8073,0.7464,0.7464,0.4792,0.8944,0.5724,0.3996,0.7081,0.6753,0.2683,0.9936,0.9936,0.2664,0.6342,0.9195,0.8199,0.9576,2.4692,0.8394,0.802,0.8115,0.4704
0.8577,0.8508,0.8508,0.4444,0.8881,0.5935,0.3456,0.6615,0.6784,0.3727,0.924,0.924,0.3204,0.6871,0.8494,0.7405,1,2.4486,0.8149,0.6949,0.8834,0.4632
0.8507,0.8916,0.8916,0.3585,0.7493,0.6372,0.4212,0.5895,0.7023,0.4327,0.7728,0.7728,0.438,0.6896,0.7102,0.6119,0.9984,2.2975,0.7109,0.5182,0.9007,0.402
0.7788,0.8904,0.8904,0.2505,0.4648,0.5149,0.2364,0.4847,0.6225,0.4706,0.534,0.534,0.3936,0.5681,0.5016,0.4526,0.9371,2.0001,0.5315,0.374,0.8653,0.2964
0.6589,0.8172,0.8172,0.1476,0.2433,0.3784,0.0828,0.3648,0.456,0.3828,0.3072,0.3072,0.3336,0.3617,0.2776,0.2762,0.8183,1.5941,0.3322,0.2592,0.7797,0.2124
0.5455,0.7116,0.7116,0.0634,0.0842,0.2371,0.0408,0.2269,0.3082,0.4153,0.1008,0.1008,0.21,0.1432,0.1069,0.1294,0.6419,1.0643,0.1568,0.1509,0.6395,0.1452
0.4354,0.5292,0.5292,0.0085,0.0057,0.106,0.0108,0.0897,0.1668,0.4433,0.0108,0.0108,0.0816,0.0161,0.0144,0.0228,0.4114,0.5389,0.0288,0.0442,0.4458,0.0804
0.2367,0.3324,0.3324,0.0001,0,0.0184,0,0.0067,0.0348,0.3288,0,0,0.006,0,0,0,0.1652,0.1409,0,1.00E-04,0.2201,0.0144
0.0587,0.1176,0.1176,0,0,0,0,0,1.00E-04,0.1582,0,0,0,0,0,0,0.0132,0.0022,0,0,0.0409,0
5.00E-04,0.0048,0.0048,0,0,0,0,0,0,0.0312,0,0,0,0,0,0,0,0,0,0,1.00E-04,0
0,0,0,0,0,0,0,0,0,0,0,0,0,0,0,0,0,0,0,0,0,0
0,0,0,0,0,0,0,0,0,0,0,0,0,0,0,0,0,0,0,0,0,0
0,0,0,0,0,0,0,0,0,0,0,0,0,0,0,0,0,0,0,0,0,0
0,0,0,0,0,0,0,0,0,0,0,0,0,0,0,0,0,0,0,0,0,0
0,0,0,0,0,0,0,0,0,0,0,0,0,0,0,0,0,0,0,0,0,0
0,0,0,0,0,0,0,0,0,0,0,0,0,0,0,0,0,0,0,0,0,0
0,0,0,0,0,0,0,0,0,0,0,0,0,0,0,0,0,0,0,0,0,0
0,0,0,0,0.0045,0,0,0,0,0,0.0036,0.0036,0,0.0023,0.0041,0.0028,0,0,0,0,0,0
0,0,0,0.095,0.0256,0.024,0.0252,0.0025,0.0125,0,0.0288,0.0288,0.0372,0.0681,0.0491,0.0636,0,0.0027,0.0683,0.0219,0,0
0,0,0,0.4505,0.0555,0.1264,0.0924,0.0826,0.0909,6.00E-04,0.0816,0.0816,0.1788,0.2379,0.1185,0.1773,0.0133,0.1686,0.2486,0.1331,0.0017,0.0612
0.051,0.0132,0.0132,0.8622,0.1012,0.2684,0.1968,0.2446,0.2128,0.0155,0.1332,0.1332,0.3456,0.4805,0.1791,0.3115,0.0914,0.6366,0.4549,0.2884,0.0635,0.2448
0.2333,0.1224,0.1224,1.2198,0.1302,0.4258,0.3312,0.4102,0.404,0.107,0.1476,0.1476,0.4968,0.6664,0.2466,0.455,0.1906,1.2629,0.6349,0.3892,0.2744,0.45
0.4657,0.282,0.282,1.3658,0.172,0.5359,0.5304,0.5653,0.62,0.2341,0.216,0.216,0.5292,0.7564,0.4,0.6121,0.29,1.8515,0.7291,0.3924,0.5035,0.5988
0.6679,0.4428,0.4428,1.4203,0.1987,0.5944,0.6564,0.7072,0.7636,0.3871,0.342,0.342,0.5712,0.7655,0.5583,0.7302,0.3907,2.2772,0.7931,0.398,0.6905,0.6792
0.8139,0.5904,0.5904,1.3909,0.2256,0.6058,0.7332,0.805,0.7861,0.5756,0.4788,0.4788,0.5808,0.7126,0.6595,0.7896,0.5151,2.4393,0.7859,0.4044,0.8214,0.702
0.9063,0.6948,0.6948,1.2114,0.2427,0.5535,0.7788,0.8111,0.7677,0.7103,0.5772,0.5772,0.5664,0.5737,0.7027,0.7432,0.6228,2.4048,0.7412,0.4018,0.8911,0.7008
0.9436,0.7692,0.7692,0.9668,0.1943,0.4079,0.6384,0.7556,0.6472,0.7467,0.6036,0.6036,0.2736,0.331,0.65,0.6316,0.6861,2.1958,0.6498,0.3775,0.9095,0.6612
0.9244,0.7404,0.7404,0.6797,0.1435,0.3191,0.4512,0.6551,0.5245,0.7018,0.456,0.456,0.1476,0.1762,0.4948,0.4333,0.7081,1.9256,0.5143,0.3202,0.8717,0.5892
0.8366,0.7032,0.7032,0.4102,0.0983,0.2469,0.3108,0.5147,0.4103,0.5683,0.3024,0.3024,0.0972,0.1007,0.3299,0.251,0.6634,1.5527,0.3454,0.2535,0.7815,0.48
0.7122,0.5628,0.5628,0.1985,0.0432,0.168,0.126,0.3334,0.2668,0.3996,0.1368,0.1368,0.102,0.0536,0.1522,0.1193,0.5198,1.0425,0.1664,0.1649,0.6236,0.3324
0.5228,0.4332,0.4332,0.0238,0.0031,0.0837,0.0288,0.1394,0.1167,0.2691,0.0168,0.0168,0.06,0.0059,0.0221,0.0216,0.3277,0.5236,0.0306,0.0624,0.4177,0.1644
0.2919,0.2604,0.2604,0.0001,0,0.0161,0,0.0133,0.0202,0.1481,0,0,0.0072,0,0,0,0.1404,0.1324,0,0.0015,0.1985,0.024
0.0746,0.0996,0.0996,0,0,0,0,0,2.00E-04,0.0615,0,0,0,0,0,0,0.0169,0.0031,0,0,0.0406,0
0.0013,0.0036,0.0036,0,0,0,0,0,0,0.0114,0,0,0,0,0,0,0,0,0,0,1.00E-04,0
0,0,0,0,0,0,0,0,0,0,0,0,0,0,0,0,0,0,0,0,0,0
0,0,0,0,0,0,0,0,0,0,0,0,0,0,0,0,0,0,0,0,0,0
0,0,0,0,0,0,0,0,0,0,0,0,0,0,0,0,0,0,0,0,0,0
0,0,0,0,0,0,0,0,0,0,0,0,0,0,0,0,0,0,0,0,0,0
0,0,0,0,0,0,0,0,0,0,0,0,0,0,0,0,0,0,0,0,0,0
0,0,0,0,0,0,0,0,0,0,0,0,0,0,0,0,0,0,0,0,0,0
0,0,0,0,0,0,0,0,0,0,0,0,0,0,0,0,0,0,0,0,0,0
0,0,0,0,0.0197,0,0,0,0,0,0.012,0.012,0,0.0023,0.0062,8.00E-04,0,0,0,0,0,0
0,0,0,0.0879,0.0825,0.0109,0.0672,0.0028,0.0077,0,0.096,0.096,0.0108,0.0504,0.0717,0.0469,0,0.005,0.075,0.017,0,0
0,0,0,0.4036,0.1624,0.096,0.222,0.0896,0.0825,8.00E-04,0.1356,0.1356,0.0828,0.1096,0.1437,0.1426,0.0217,0.233,0.2675,0.0946,0.0017,0.0624
0.0416,0.0036,0.0036,0.8057,0.2398,0.2449,0.402,0.2509,0.235,0.0136,0.1404,0.1404,0.2088,0.1512,0.191,0.2471,0.1598,0.7762,0.475,0.1927,0.0637,0.2556
0.1855,0.096,0.096,1.1768,0.3113,0.3981,0.54,0.4121,0.4219,0.0976,0.1608,0.1608,0.3576,0.2575,0.2575,0.3795,0.3817,1.383,0.6252,0.2954,0.2793,0.4692
0.3845,0.2832,0.2832,1.4429,0.374,0.5304,0.636,0.5511,0.5974,0.2822,0.1884,0.1884,0.5376,0.3922,0.3325,0.4856,0.5949,1.8614,0.7359,0.3687,0.5133,0.6504
0.6331,0.5304,0.5304,1.5537,0.3953,0.5834,0.6516,0.6278,0.7079,0.4889,0.24,0.24,0.654,0.5615,0.3697,0.5167,0.76,2.1873,0.7976,0.4209,0.7031,0.7704
0.8331,0.7416,0.7416,1.547,0.3854,0.6001,0.5028,0.6323,0.7295,0.6413,0.2508,0.2508,0.6708,0.6136,0.3641,0.5167,0.8578,2.3673,0.7859,0.4449,0.834,0.8268
0.9393,0.8544,0.8544,1.4337,0.3397,0.5769,0.36,0.6086,0.7769,0.7468,0.2448,0.2448,0.5988,0.5221,0.3416,0.4823,0.8866,2.4165,0.7082,0.4467,0.9041,0.84
0.9583,0.8964,0.8964,1.2227,0.2683,0.5133,0.306,0.5816,0.6822,0.6835,0.2304,0.2304,0.4848,0.4086,0.2933,0.4083,0.8137,2.2833,0.5923,0.3886,0.9187,0.8004
0.9248,0.8892,0.8892,0.938,0.1835,0.4084,0.2532,0.5336,0.598,0.59,0.1956,0.1956,0.3348,0.2808,0.2342,0.3107,0.6249,2.012,0.4679,0.3109,0.8803,0.7116
0.86,0.8184,0.8184,0.6065,0.0937,0.2995,0.2184,0.4276,0.4379,0.48,0.1404,0.1404,0.1944,0.1706,0.1677,0.2075,0.3897,1.6244,0.3227,0.2093,0.7824,0.5664
0.7199,0.726,0.726,0.2739,0.0349,0.1786,0.132,0.2845,0.2745,0.4516,0.066,0.066,0.1032,0.071,0.0858,0.1085,0.2336,1.1126,0.1624,0.1113,0.6311,0.3792
0.4997,0.564,0.564,0.0345,0.0015,0.0827,0.0432,0.1279,0.1222,0.3692,0.0072,0.0072,0.0444,0.0085,0.0128,0.0218,0.1213,0.5765,0.033,0.0347,0.4322,0.1752
0.2664,0.3432,0.3432,0,0,0.0134,0,0.0131,0.024,0.1939,0,0,0.0024,0,0,1.00E-04,0.0494,0.1451,0,1.00E-04,0.2114,0.0276
0.0715,0.1188,0.1188,0,0,0,0,0,2.00E-04,0.0771,0,0,0,0,0,0,0.0061,0.003,0,0,0.0442,0
8.00E-04,0.006,0.006,0,0,0,0,0,0,0.015,0,0,0,0,0,0,0,0,0,0,2.00E-04,0
0,0,0,0,0,0,0,0,0,0,0,0,0,0,0,0,0,0,0,0,0,0
0,0,0,0,0,0,0,0,0,0,0,0,0,0,0,0,0,0,0,0,0,0
0,0,0,0,0,0,0,0,0,0,0,0,0,0,0,0,0,0,0,0,0,0
0,0,0,0,0,0,0,0,0,0,0,0,0,0,0,0,0,0,0,0,0,0
0,0,0,0,0,0,0,0,0,0,0,0,0,0,0,0,0,0,0,0,0,0
0,0,0,0,0,0,0,0,0,0,0,0,0,0,0,0,0,0,0,0,0,0
0,0,0,0,0,0,0,0,0,0,0,0,0,0,0,0,0,0,0,0,0,0
0,0,0,0,0.0195,0,0,0,0,0,0.0048,0.0048,0,0.0069,0.0071,0.0061,0,0,0,1.00E-04,0,0
0,0,0,0.0902,0.1065,0.0158,0.0432,0.004,0.0076,0,0.0564,0.0564,0.0288,0.0961,0.0886,0.0833,0,0.0042,0.075,0.0181,0,0
0,0,0,0.4127,0.1927,0.1194,0.132,0.1053,0.0658,5.00E-04,0.1776,0.1776,0.1464,0.2442,0.2306,0.2236,0.0217,0.2066,0.2627,0.0902,0.0019,0.0648
0.0405,0.012,0.012,0.803,0.2556,0.28,0.2376,0.3051,0.1534,0.0048,0.342,0.342,0.2796,0.4173,0.4045,0.3764,0.1754,0.6933,0.4756,0.1829,0.0658,0.2496
0.2103,0.1212,0.1212,1.1699,0.3003,0.418,0.3144,0.5066,0.2464,0.0464,0.5172,0.5172,0.3672,0.6029,0.5686,0.5109,0.4226,1.2807,0.6413,0.263,0.2743,0.4464
0.4346,0.2832,0.2832,1.4559,0.3294,0.4998,0.3768,0.6611,0.369,0.1301,0.612,0.612,0.3828,0.7768,0.6808,0.6153,0.6421,1.7781,0.7691,0.3286,0.4996,0.5952
0.6265,0.4668,0.4668,1.6204,0.3271,0.585,0.444,0.7631,0.4854,0.2518,0.6084,0.6084,0.4344,0.8661,0.7122,0.6691,0.8065,2.1288,0.8429,0.3687,0.6852,0.6996
0.7522,0.6852,0.6852,1.6644,0.2976,0.6277,0.4644,0.8066,0.5702,0.3055,0.522,0.522,0.4848,0.8634,0.6522,0.6484,0.9095,2.3081,0.8626,0.3822,0.815,0.7296
0.8059,0.8616,0.8616,1.624,0.2384,0.6329,0.4368,0.7971,0.6216,0.3398,0.4356,0.4356,0.5004,0.8043,0.5612,0.5772,0.9533,2.3589,0.8283,0.366,0.8834,0.6984
0.7721,0.9348,0.9348,1.4353,0.176,0.5856,0.3852,0.7374,0.4972,0.3741,0.3396,0.3396,0.4476,0.6835,0.4513,0.4952,0.9206,2.1483,0.7395,0.3241,0.9005,0.6204
0.7456,0.9504,0.9504,1.127,0.1448,0.4775,0.3048,0.6326,0.3838,0.3901,0.2256,0.2256,0.306,0.5122,0.3241,0.3775,0.8362,1.8326,0.5751,0.2532,0.8647,0.51
0.6825,0.8892,0.8892,0.7276,0.0975,0.3577,0.2196,0.4847,0.3173,0.3065,0.1464,0.1464,0.2052,0.3248,0.2075,0.2427,0.7185,1.4895,0.3591,0.1572,0.7846,0.402
0.5835,0.7668,0.7668,0.3123,0.0494,0.2256,0.1356,0.2979,0.2389,0.2435,0.0744,0.0744,0.1188,0.136,0.0967,0.1199,0.5482,1.0447,0.1594,0.0874,0.6444,0.2868
0.4463,0.588,0.588,0.0404,0.0032,0.1044,0.0468,0.1255,0.136,0.2043,0.0096,0.0096,0.0516,0.0183,0.0139,0.0274,0.3297,0.5452,0.0281,0.0345,0.4516,0.1584
0.2696,0.3588,0.3588,0.0002,0,0.0183,0,0.0129,0.0288,0.1651,0,0,0.0036,0,0,3.00E-04,0.1404,0.1508,0,7.00E-04,0.2243,0.03
0.0724,0.1164,0.1164,0,0,0,0,0,1.00E-04,0.108,0,0,0,0,0,0,0.0156,0.0023,0,0,0.0419,0
0.0014,0.0048,0.0048,0,0,0,0,0,0,0.0268,0,0,0,0,0,0,0,0,0,0,1.00E-04,0
0,0,0,0,0,0,0,0,0,0,0,0,0,0,0,0,0,0,0,0,0,0
0,0,0,0,0,0,0,0,0,0,0,0,0,0,0,0,0,0,0,0,0,0
0,0,0,0,0,0,0,0,0,0,0,0,0,0,0,0,0,0,0,0,0,0
0,0,0,0,0,0,0,0,0,0,0,0,0,0,0,0,0,0,0,0,0,0
0,0,0,0,0,0,0,0,0,0,0,0,0,0,0,0,0,0,0,0,0,0
0,0,0,0,0,0,0,0,0,0,0,0,0,0,0,0,0,0,0,0,0,0
0,0,0,0,0,0,0,0,0,0,0,0,0,0,0,0,0,0,0,0,0,0
0,0,0,0,0.0266,0,0,0,0,0,0.0204,0.0204,0,0.0103,0.0166,0.0083,0,0,0,2.00E-04,0,0
0,0,0,0.0785,0.127,0.0156,0.0264,0.0043,0.0115,0,0.1392,0.1392,0.0108,0.1203,0.1327,0.0989,0,6.00E-03,0.0519,0.029,0,0
4.00E-04,0,0,0.3041,0.2234,0.0928,0.0804,0.1058,0.0888,9.00E-04,0.2796,0.2796,0.0732,0.3246,0.2814,0.2494,0.0205,0.2017,0.1718,0.1395,0.0018,0.0624
0.0535,0.0132,0.0132,0.5764,0.3026,0.1866,0.126,0.2935,0.2288,0.0136,0.426,0.426,0.1476,0.5351,0.4376,0.421,0.1742,0.6314,0.29,0.274,0.0619,0.2076
0.2633,0.1704,0.1704,0.846,0.3974,0.2818,0.15,0.4745,0.3832,0.0722,0.636,0.636,0.216,0.6924,0.616,0.5733,0.4237,1.1239,0.3697,0.3728,0.2789,0.3408
0.5062,0.4008,0.4008,1.0871,0.4397,0.4036,0.2292,0.6292,0.519,0.1815,0.7812,0.7812,0.3264,0.7778,0.7148,0.631,0.6444,1.5584,0.4708,0.4558,0.5091,0.4776
0.7061,0.624,0.624,1.2502,0.4261,0.5051,0.2196,0.754,0.6005,0.289,0.8676,0.8676,0.4368,0.8394,0.7547,0.6407,0.8099,1.9095,0.5607,0.5019,0.6984,0.654
0.8438,0.7932,0.7932,1.3292,0.4136,0.5716,0.2736,0.8206,0.6398,0.4063,0.858,0.858,0.5352,0.826,0.7354,0.6066,0.9143,2.1514,0.572,0.5225,0.8294,0.7704
0.9198,0.8988,0.8988,1.2752,0.4051,0.5884,0.372,0.8278,0.6175,0.4644,0.7596,0.7596,0.5976,0.7118,0.6684,0.5691,0.9622,2.2046,0.5258,0.5392,0.9014,0.7836
0.9378,0.942,0.942,1.1509,0.3477,0.5432,0.4512,0.7797,0.5518,0.4939,0.5244,0.5244,0.5784,0.5202,0.4899,0.4546,0.9562,2.1422,0.4616,0.4833,0.9192,0.7524
0.9046,0.936,0.936,0.9281,0.2162,0.4335,0.396,0.6753,0.4616,0.534,0.3108,0.3108,0.4896,0.3248,0.3234,0.3055,0.8986,1.915,0.3665,0.389,0.8842,0.672
0.8253,0.8748,0.8748,0.6022,0.1214,0.313,0.3108,0.5213,0.3225,0.5332,0.1836,0.1836,0.3468,0.1802,0.2023,0.1925,0.7858,1.533,0.2513,0.2547,0.7961,0.5364
0.6875,0.7596,0.7596,0.2656,0.0565,0.2052,0.2028,0.3326,0.1976,0.4857,0.0744,0.0744,0.2148,0.0759,0.0901,0.0985,0.6202,1.0669,0.1347,0.1445,0.6529,0.3612
0.5069,0.5808,0.5808,0.0383,0.0047,0.0961,0.0804,0.1357,0.0915,0.4162,0.0072,0.0072,0.0912,0.0115,0.0113,0.0197,0.403,0.5686,0.0314,0.0523,0.456,0.1704
0.2851,0.3516,0.3516,0.0002,0,0.016,0.0024,0.0159,0.0188,0.3091,0,0,0.0084,0,0,0,0.1584,0.1488,0,0.001,0.2271,0.0324
0.0703,0.1152,0.1152,0,0,0,0,0,2.00E-04,0.1679,0,0,0,0,0,0,0.0122,0.0027,0,0,0.0418,0
0.0011,0.006,0.006,0,0,0,0,0,0,0.0455,0,0,0,0,0,0,0,0,0,0,2.00E-04,0
0,0,0,0,0,0,0,0,0,0,0,0,0,0,0,0,0,0,0,0,0,0
0,0,0,0,0,0,0,0,0,0,0,0,0,0,0,0,0,0,0,0,0,0
0,0,0,0,0,0,0,0,0,0,0,0,0,0,0,0,0,0,0,0,0,0
0,0,0,0,0,0,0,0,0,0,0,0,0,0,0,0,0,0,0,0,0,0
0,0,0,0,0,0,0,0,0,0,0,0,0,0,0,0,0,0,0,0,0,0
0,0,0,0,0,0,0,0,0,0,0,0,0,0,0,0,0,0,0,0,0,0
0,0,0,0,0,0,0,0,0,0,0,0,0,0,0,0,0,0,0,0,0,0
0,0,0,0,0.0175,0,0.0012,0,0,0,0.0264,0.0264,0,0.0103,0.0191,0.0076,0,0,0,2.00E-04,0,0
0,0,0,0.0855,0.0773,0.0206,0.0768,0.0031,0.0167,0,0.1368,0.1368,0.0372,0.1185,0.1319,0.086,0,0.0063,0.0719,0.0158,0,0
4.00E-04,0,0,0.4556,0.1391,0.1322,0.2592,0.0891,0.1103,8.00E-04,0.2688,0.2688,0.1812,0.3248,0.2927,0.2348,0.0217,0.2161,0.2368,0.0836,0.0018,0.0636
0.0518,0.0204,0.0204,0.8844,0.2074,0.3098,0.4692,0.2596,0.2368,0.0198,0.36,0.36,0.3624,0.5439,0.4317,0.4097,0.1814,0.708,0.4023,0.1727,0.0649,0.2352
0.2389,0.1764,0.1764,1.2706,0.2956,0.4676,0.6624,0.4362,0.3539,0.1029,0.3768,0.3768,0.5088,0.7168,0.5334,0.5794,0.4369,1.265,0.5302,0.2797,0.2807,0.426
0.5012,0.4236,0.4236,1.4327,0.3889,0.5611,0.8052,0.5788,0.4887,0.2436,0.4524,0.4524,0.6168,0.8144,0.6267,0.695,0.6564,1.6988,0.6064,0.3853,0.5122,0.6012
0.7061,0.6444,0.6444,1.5954,0.3933,0.6099,0.9072,0.6792,0.5718,0.4202,0.498,0.498,0.6912,0.8537,0.6443,0.739,0.8196,1.9818,0.6228,0.4617,0.696,0.714
0.8639,0.8052,0.8052,1.6384,0.3932,0.6435,0.9456,0.7202,0.5783,0.6537,0.5064,0.5064,0.7308,0.8327,0.6087,0.7142,0.9227,2.1419,0.5638,0.4905,0.8235,0.7692
0.9397,0.9096,0.9096,1.6403,0.3579,0.6363,0.9132,0.704,0.5167,0.7986,0.432,0.432,0.7128,0.7608,0.4827,0.6227,0.967,2.1677,0.4913,0.4826,0.8859,0.7644
0.9655,0.9528,0.9528,1.4535,0.3009,0.6102,0.8172,0.6487,0.4662,0.8634,0.3576,0.3576,0.7044,0.5935,0.3443,0.4764,0.9597,2.0643,0.4221,0.4314,0.8977,0.6948
0.9578,0.942,0.942,1.1565,0.2218,0.539,0.672,0.5541,0.408,0.8523,0.2724,0.2724,0.642,0.4023,0.2391,0.3568,0.8901,1.8451,0.3544,0.3566,0.8578,0.5904
0.8903,0.8784,0.8784,0.76,0.1368,0.4195,0.456,0.4302,0.3254,0.7702,0.198,0.198,0.5124,0.2229,0.1634,0.2287,0.7144,1.489,0.2548,0.2625,0.7805,0.444
0.7502,0.7572,0.7572,0.318,0.0566,0.2637,0.258,0.2664,0.2371,0.6897,0.0984,0.0984,0.3204,0.0766,0.0814,0.1296,0.4387,1.0418,0.1387,0.1598,0.6358,0.2676
0.5519,0.5784,0.5784,0.0398,0.005,0.1107,0.0828,0.1201,0.1162,0.5522,0.0144,0.0144,0.1308,0.0065,0.0138,0.0361,0.206,0.5541,0.0331,0.0568,0.4432,0.1392
0.309,0.3504,0.3504,0.0001,0,0.0168,0.0036,0.0121,0.0259,0.3649,0,0,0.0168,0,0,7.00E-04,0.095,0.154,0,0.0016,0.2249,0.0192
0.0727,0.1152,0.1152,0,0,0,0,0,1.00E-04,0.1834,0,0,0,0,0,0,0.018,0.0028,0,0,0.0492,0
0.0014,0.006,0.006,0,0,0,0,0,0,0.0478,0,0,0,0,0,0,0,0,0,0,2.00E-04,0
0,0,0,0,0,0,0,0,0,0,0,0,0,0,0,0,0,0,0,0,0,0
0,0,0,0,0,0,0,0,0,0,0,0,0,0,0,0,0,0,0,0,0,0
0,0,0,0,0,0,0,0,0,0,0,0,0,0,0,0,0,0,0,0,0,0
0,0,0,0,0,0,0,0,0,0,0,0,0,0,0,0,0,0,0,0,0,0
0,0,0,0,0,0,0,0,0,0,0,0,0,0,0,0,0,0,0,0,0,0
0,0,0,0,0,0,0,0,0,0,0,0,0,0,0,0,0,0,0,0,0,0
0,0,0,0,0,0,0,0,0,0,0,0,0,0,0,0,0,0,0,0,0,0
0,0,0,0,0.0362,0,0.0012,0,0,0,0.018,0.018,0,0.0091,0.0153,0.0082,0,0,0,2.00E-04,0,0
0,0,0,0.0832,0.1345,0.0291,0.0828,0.004,0.0109,0,0.0972,0.0972,0.0444,0.0995,0.1022,0.0943,0,0.0034,0.0773,0.0285,0,0
4.00E-04,0,0,0.4462,0.2785,0.1403,0.2652,0.0875,0.0585,0.0012,0.2052,0.2052,0.1596,0.233,0.2157,0.2428,0.0277,0.1468,0.2547,0.1323,0.0012,0.0288
0.0546,0.0216,0.0216,0.8865,0.3557,0.2938,0.4272,0.2282,0.14,0.0275,0.2712,0.2712,0.306,0.3891,0.3006,0.3939,0.191,0.4607,0.4472,0.2734,0.0706,0.108
0.2743,0.174,0.174,1.2646,0.4243,0.4381,0.5952,0.3879,0.2663,0.1575,0.3168,0.3168,0.5112,0.5417,0.3577,0.5145,0.4466,0.8291,0.602,0.4166,0.2376,0.2064
0.5286,0.4212,0.4212,1.5253,0.4761,0.5415,0.8076,0.5094,0.3885,0.3887,0.3156,0.3156,0.66,0.694,0.3876,0.5951,0.6746,1.2189,0.7103,0.4944,0.4017,0.3024
0.7388,0.6384,0.6384,1.6832,0.5816,0.588,0.8232,0.5937,0.4004,0.6356,0.3288,0.3288,0.72,0.8146,0.4156,0.6442,0.8238,1.5874,0.7694,0.5369,0.5545,0.4068
0.8883,0.7992,0.7992,1.7191,0.6089,0.5728,0.7524,0.6351,0.3904,0.8209,0.3612,0.3612,0.7392,0.841,0.4403,0.6602,0.8691,1.7837,0.7899,0.5384,0.6396,0.48
0.9654,0.8976,0.8976,1.6378,0.5939,0.4885,0.8016,0.6264,0.3611,0.9431,0.372,0.372,0.5724,0.82,0.4546,0.6513,0.8645,1.7801,0.7374,0.5201,0.6687,0.4908
0.9837,0.9396,0.9396,1.4467,0.5308,0.3844,0.6852,0.5814,0.3459,0.9952,0.3264,0.3264,0.354,0.7215,0.379,0.567,0.8013,1.5886,0.61,0.458,0.6849,0.4692
0.9705,0.9216,0.9216,1.1434,0.4505,0.2964,0.4824,0.4917,0.3037,0.996,0.294,0.294,0.2676,0.5693,0.3132,0.4499,0.6891,1.278,0.4541,0.3778,0.6933,0.3804
0.8931,0.8436,0.8436,0.7445,0.2886,0.2134,0.2388,0.3571,0.2241,0.9429,0.2484,0.2484,0.1956,0.3658,0.2408,0.3113,0.5501,0.9043,0.2837,0.2847,0.6966,0.2724
0.7524,0.7116,0.7116,0.3075,0.117,0.1173,0.108,0.2153,0.168,0.827,0.1344,0.1344,0.1176,0.1501,0.1319,0.164,0.3885,0.5773,0.1326,0.1661,0.607,0.1788
0.5537,0.558,0.558,0.0418,0.015,0.0565,0.0408,0.0932,0.0841,0.6569,0.0216,0.0216,0.048,0.0214,0.0254,0.0423,0.2229,0.3474,0.0272,0.061,0.4413,0.0924
0.3099,0.3384,0.3384,0.0001,0,0.006,0.0024,0.0097,0.0172,0.4483,0,0,0.0036,0,0,5.00E-04,0.0771,0.1084,0,0.0027,0.2253,0.0192
0.0733,0.1164,0.1164,0,0,0,0,0,2.00E-04,0.2213,0,0,0,0,0,0,0.0062,0.0045,0,0,0.0459,0
0.0026,0.0072,0.0072,0,0,0,0,0,0,0.0521,0,0,0,0,0,0,0,0,0,0,2.00E-04,0
0,0,0,0,0,0,0,0,0,0,0,0,0,0,0,0,0,0,0,0,0,0
0,0,0,0,0,0,0,0,0,0,0,0,0,0,0,0,0,0,0,0,0,0
0,0,0,0,0,0,0,0,0,0,0,0,0,0,0,0,0,0,0,0,0,0
0,0,0,0,0,0,0,0,0,0,0,0,0,0,0,0,0,0,0,0,0,0
0,0,0,0,0,0,0,0,0,0,0,0,0,0,0,0,0,0,0,0,0,0
0,0,0,0,0,0,0,0,0,0,0,0,0,0,0,0,0,0,0,0,0,0
0,0,0,0,0,0,0,0,0,0,0,0,0,0,0,0,0,0,0,0,0,0
0,0,0,0,0.0415,0,0,0,0,0,0.0288,0.0288,0,0.0103,0.0202,0.0098,0,0,0,2.00E-04,0,0
0,0,0,0.0925,0.1951,0.0113,0.0096,0.0012,0.0135,0,0.138,0.138,0.0108,0.1281,0.1162,0.0928,0,0.0049,0.0732,0.0421,0,0
8.00E-04,0,0,0.4421,0.4317,0.053,0.0444,0.057,0.0935,0.0012,0.3132,0.3132,0.0444,0.3602,0.2553,0.2201,0.0073,0.1706,0.2285,0.1836,0.0021,0.0636
0.0557,0.0216,0.0216,0.8279,0.6369,0.1064,0.0912,0.1578,0.214,0.0389,0.504,0.504,0.078,0.5806,0.4027,0.3551,0.1087,0.5735,0.3802,0.3581,0.0694,0.2268
0.2732,0.174,0.174,1.1591,0.7996,0.182,0.1848,0.2648,0.3294,0.1807,0.63,0.63,0.1584,0.7538,0.5113,0.4447,0.3342,1.0459,0.5448,0.4996,0.2781,0.4236
0.5226,0.4152,0.4152,1.393,0.8913,0.2893,0.378,0.3581,0.464,0.35,0.654,0.654,0.27,0.8769,0.5396,0.4724,0.5268,1.4971,0.6801,0.6029,0.5061,0.5868
0.731,0.6288,0.6288,1.5176,0.891,0.4198,0.5628,0.4134,0.638,0.5224,0.6312,0.6312,0.4044,0.9328,0.5151,0.4711,0.6706,1.8476,0.7572,0.6317,0.6928,0.7008
0.8782,0.7872,0.7872,1.5711,0.8842,0.4886,0.6408,0.4626,0.7945,0.6135,0.5508,0.5508,0.3876,0.9311,0.494,0.4899,0.7907,2.1138,0.7455,0.6255,0.823,0.7548
0.9629,0.8928,0.8928,1.4797,0.794,0.5395,0.6156,0.4741,0.8101,0.7829,0.4584,0.4584,0.3408,0.8819,0.4746,0.4849,0.8197,2.3771,0.7108,0.5398,0.8938,0.7404
0.9865,0.9384,0.9384,1.2958,0.6283,0.5426,0.4368,0.4372,0.713,0.9205,0.3624,0.3624,0.3396,0.7752,0.4046,0.4367,0.77,2.3684,0.6194,0.4231,0.9127,0.6684
0.962,0.9288,0.9288,1.0257,0.4389,0.478,0.2568,0.3835,0.6227,0.9385,0.288,0.288,0.3096,0.6053,0.3284,0.3607,0.6354,2.1173,0.4975,0.2985,0.8766,0.564
0.8759,0.8676,0.8676,0.6609,0.2522,0.3735,0.1584,0.2792,0.5266,0.8199,0.192,0.192,0.24,0.3863,0.2227,0.2482,0.3764,1.6034,0.3269,0.1841,0.7889,0.4176
0.7209,0.7464,0.7464,0.2997,0.0921,0.2466,0.0864,0.1696,0.3691,0.5767,0.0948,0.0948,0.1428,0.1503,0.1132,0.1239,0.2233,1.0661,0.1664,0.1,0.6419,0.2808
0.5002,0.5688,0.5688,0.0426,0.01,0.1207,0.024,0.075,0.1786,0.3941,0.0156,0.0156,0.0648,0.0191,0.0219,0.0281,0.1299,0.5445,0.0372,0.0303,0.4472,0.1452
0.2965,0.3432,0.3432,0.0002,0,0.0215,0,0.0102,0.0415,0.2861,0,0,0.0072,0,0,1.00E-04,0.0547,0.1415,0,3.00E-04,0.2308,0.0312
0.0786,0.1152,0.1152,0,0,0,0,0,2.00E-04,0.1603,0,0,0,0,0,0,0.0074,0.0043,0,0,0.0519,0
0.0026,0.0072,0.0072,0,0,0,0,0,0,0.0462,0,0,0,0,0,0,0,0,0,0,2.00E-04,0
0,0,0,0,0,0,0,0,0,0,0,0,0,0,0,0,0,0,0,0,0,0
0,0,0,0,0,0,0,0,0,0,0,0,0,0,0,0,0,0,0,0,0,0
0,0,0,0,0,0,0,0,0,0,0,0,0,0,0,0,0,0,0,0,0,0
0,0,0,0,0,0,0,0,0,0,0,0,0,0,0,0,0,0,0,0,0,0
0,0,0,0,0,0,0,0,0,0,0,0,0,0,0,0,0,0,0,0,0,0
0,0,0,0,0,0,0,0,0,0,0,0,0,0,0,0,0,0,0,0,0,0
0,0,0,0,0,0,0,0,0,0,0,0,0,0,0,0,0,0,0,0,0,0
0,0,0,0,0.0135,0,0,0,0,0,0.0072,0.0072,0,0.0114,0.0104,0.0094,0,0,0,2.00E-04,0,0
0,0,0,0.1022,0.0508,0.0315,0.036,0.0038,0.0247,0,0.048,0.048,0.0444,0.1281,0.0897,0.0945,0,0.011,0.0768,0.0421,0,0
8.00E-04,0,0,0.4392,0.1017,0.1669,0.1572,0.0874,0.1522,0.001,0.1104,0.1104,0.1884,0.3568,0.2016,0.2506,0.03,0.2549,0.2297,0.1879,0.0023,0.0732
0.057,0.0228,0.0228,0.8201,0.1547,0.3714,0.462,0.243,0.3525,0.029,0.198,0.198,0.3876,0.5754,0.3334,0.4401,0.1862,0.796,0.4105,0.3926,0.047,0.2568
0.27,0.1716,0.1716,1.1263,0.197,0.5752,0.6804,0.4178,0.556,0.1061,0.3048,0.3048,0.6132,0.7489,0.4463,0.5592,0.443,1.3734,0.5556,0.5698,0.1481,0.4488
0.5117,0.4092,0.4092,1.3396,0.245,0.7382,0.8364,0.5582,0.691,0.2551,0.3948,0.3948,0.81,0.8664,0.4869,0.6204,0.6769,1.8595,0.6791,0.7009,0.2685,0.5784
0.7112,0.6192,0.6192,1.447,0.2785,0.8538,0.9264,0.6498,0.7476,0.4712,0.3636,0.3636,0.9192,0.9219,0.4355,0.6372,0.852,2.2221,0.7142,0.7903,0.3935,0.6204
0.8538,0.7776,0.7776,1.4393,0.2618,0.9084,0.9516,0.6794,0.7918,0.6874,0.3264,0.3264,0.9636,0.92,0.3886,0.6168,0.9636,2.3786,0.6859,0.8391,0.5643,0.5568
0.9375,0.876,0.876,1.3231,0.248,0.8848,0.9168,0.6657,0.7891,0.8468,0.2784,0.2784,0.9504,0.8597,0.3291,0.5572,1,2.3636,0.6091,0.8084,0.7142,0.4236
0.9615,0.9216,0.9216,1.0534,0.2012,0.8145,0.7956,0.6091,0.724,0.9076,0.2376,0.2376,0.8688,0.7476,0.2455,0.4284,0.9999,2.2097,0.5451,0.7085,0.7614,0.3408
0.9397,0.912,0.912,0.7639,0.1351,0.7181,0.6024,0.5218,0.585,0.9113,0.168,0.168,0.7308,0.5789,0.1861,0.3502,0.9479,1.9476,0.4327,0.5346,0.7129,0.2856
0.8608,0.8496,0.8496,0.48,0.0706,0.5445,0.4188,0.3876,0.4483,0.8156,0.1356,0.1356,0.5316,0.3643,0.1472,0.2278,0.8279,1.5763,0.3001,0.3974,0.6475,0.222
0.7203,0.732,0.732,0.2116,0.0308,0.3558,0.1956,0.2516,0.287,0.6847,0.0672,0.0672,0.3216,0.1431,0.0677,0.1124,0.6527,1.0971,0.1577,0.2307,0.5736,0.156
0.5238,0.5592,0.5592,0.0258,0.0034,0.1564,0.0672,0.105,0.1489,0.5625,0.0048,0.0048,0.1344,0.0213,0.007,0.0306,0.4236,0.5836,0.0366,0.0948,0.4235,0.0732
0.2892,0.3396,0.3396,0.0001,0,0.0269,0.0048,0.0092,0.0415,0.3729,0,0,0.018,0,0,7.00E-04,0.1692,0.1527,0,0.0056,0.2166,0.012
0.0776,0.114,0.114,0,0,0,0,0,2.00E-04,0.1739,0,0,0,0,0,0,0.0276,0.0035,0,0,0.0493,0
0.0027,0.0072,0.0072,0,0,0,0,0,0,0.0443,0,0,0,0,0,0,0,0,0,0,2.00E-04,0
0,0,0,0,0,0,0,0,0,0,0,0,0,0,0,0,0,0,0,0,0,0
0,0,0,0,0,0,0,0,0,0,0,0,0,0,0,0,0,0,0,0,0,0
0,0,0,0,0,0,0,0,0,0,0,0,0,0,0,0,0,0,0,0,0,0
0,0,0,0,0,0,0,0,0,0,0,0,0,0,0,0,0,0,0,0,0,0
0,0,0,0,0,0,0,0,0,0,0,0,0,0,0,0,0,0,0,0,0,0
0,0,0,0,0,0,0,0,0,0,0,0,0,0,0,0,0,0,0,0,0,0
0,0,0,0,0,0,0,0,0,0,0,0,0,0,0,0,0,0,0,0,0,0
0,0,0,0,0.0091,0,0.0024,0,0,0,0.006,0.006,0,0.0069,0.0096,0.0072,0,0,0,1.00E-04,0,0
0,0,0,0.0973,0.0454,0.0336,0.0912,0.0054,0.0225,0,0.0672,0.0672,0.0492,0.0728,0.0912,0.0747,0,0.0126,0.0562,0.0253,0,0
8.00E-04,0,0,0.417,0.1095,0.1772,0.2928,0.1057,0.1568,0.0012,0.2136,0.2136,0.2016,0.1661,0.2242,0.1898,0.0265,0.2805,0.1675,0.1534,0.0025,0.0732
0.0569,0.0228,0.0228,0.8121,0.2062,0.3926,0.51,0.2957,0.3825,0.0347,0.3696,0.3696,0.3768,0.2564,0.3569,0.3043,0.1874,0.9263,0.2771,0.276,0.0728,0.2376
0.2674,0.1716,0.1716,1.1632,0.3345,0.5839,0.6672,0.4779,0.5995,0.1736,0.5088,0.5088,0.5124,0.3558,0.5087,0.4949,0.4418,1.5921,0.3478,0.3688,0.2653,0.384
0.504,0.408,0.408,1.4169,0.3752,0.7199,0.7356,0.6146,0.7714,0.3611,0.5244,0.5244,0.5892,0.3863,0.6129,0.6669,0.6649,2.1221,0.4096,0.4456,0.4768,0.4596
0.6991,0.6144,0.6144,1.5579,0.4385,0.8286,0.6108,0.7019,0.8766,0.5988,0.4632,0.4632,0.7008,0.36,0.5566,0.6552,0.8316,2.4975,0.4685,0.6144,0.6511,0.54
0.8386,0.7656,0.7656,1.5782,0.4976,0.8799,0.4992,0.7446,0.9201,0.7562,0.4716,0.4716,0.7944,0.334,0.4996,0.5556,0.9383,2.7142,0.4497,0.831,0.7724,0.618
0.9206,0.8664,0.8664,1.4575,0.4691,0.8199,0.4128,0.7643,0.8326,0.8413,0.4068,0.4068,0.7644,0.2959,0.4053,0.4714,0.9874,2.7616,0.3587,0.8566,0.8447,0.6636
0.9461,0.912,0.912,1.2431,0.308,0.7594,0.3684,0.7351,0.7487,0.8769,0.3288,0.3288,0.7248,0.1813,0.3274,0.4183,0.9813,2.6571,0.2659,0.7894,0.8672,0.6756
0.9229,0.9048,0.9048,0.9632,0.2047,0.676,0.3648,0.6526,0.6778,0.9029,0.1956,0.1956,0.6876,0.1162,0.2024,0.3233,0.9225,2.4043,0.1916,0.6678,0.8373,0.6396
0.8457,0.8436,0.8436,0.6487,0.1183,0.5105,0.2532,0.5221,0.5347,0.8759,0.1008,0.1008,0.4872,0.0813,0.1101,0.1929,0.8086,1.979,0.1073,0.4931,0.742,0.5388
0.7128,0.7284,0.7284,0.3072,0.0377,0.3476,0.1524,0.3435,0.3911,0.7495,0.0468,0.0468,0.3204,0.0362,0.0454,0.0969,0.6382,1.3872,0.0556,0.2774,0.5833,0.3636
0.5233,0.558,0.558,0.0483,0.0021,0.1647,0.0672,0.1447,0.1959,0.5053,0.006,0.006,0.1416,0.0027,0.0054,0.032,0.4151,0.7229,0.0108,0.1037,0.3823,0.1584
0.2934,0.3408,0.3408,0.0003,0,0.0267,0.0024,0.0198,0.045,0.3185,0,0,0.0168,0,0,0.0011,0.1668,0.1711,0,0.0064,0.1945,0.0324
0.0721,0.1176,0.1176,0,0,0,0,0,2.00E-04,0.1696,0,0,0,0,0,0,0.0276,0.0064,0,0,0.0494,0
0.0029,0.0084,0.0084,0,0,0,0,0,0,0.0557,0,0,0,0,0,0,0,0,0,0,2.00E-04,0
0,0,0,0,0,0,0,0,0,5.00E-04,0,0,0,0,0,0,0,0,0,0,0,0
0,0,0,0,0,0,0,0,0,0,0,0,0,0,0,0,0,0,0,0,0,0
0,0,0,0,0,0,0,0,0,0,0,0,0,0,0,0,0,0,0,0,0,0
0,0,0,0,0,0,0,0,0,0,0,0,0,0,0,0,0,0,0,0,0,0
0,0,0,0,0,0,0,0,0,0,0,0,0,0,0,0,0,0,0,0,0,0
0,0,0,0,0,0,0,0,0,0,0,0,0,0,0,0,0,0,0,0,0,0
0,0,0,0,0,0,0,0,0,0,0,0,0,0,0,0,0,0,0,0,0,0
0,0,0,0,0.0123,0,0.0024,0,0,0,0.024,0.024,0,0.0172,0.0238,0.0148,0,0,0.0012,4.00E-04,0,0
0,0,0,0.0548,0.059,0.0305,0.084,0.0062,0.0289,0,0.1452,0.1452,0.0444,0.1456,0.1569,0.1207,0,0.0146,0.0816,0.0451,0,0
0.0013,0,0,0.212,0.1532,0.1893,0.312,0.1164,0.1726,0.0014,0.3948,0.3948,0.228,0.3755,0.3959,0.3334,0.0265,0.2854,0.3006,0.2223,0.0027,0.0756
0.0573,0.0252,0.0252,0.464,0.3291,0.4249,0.552,0.3203,0.405,0.0433,0.6228,0.6228,0.4704,0.5953,0.6161,0.557,0.185,0.9079,0.5256,0.4624,0.0726,0.2148
0.2663,0.1752,0.1752,0.7679,0.504,0.6388,0.75,0.5057,0.6219,0.1942,0.7584,0.7584,0.684,0.77,0.7669,0.7539,0.4334,1.5313,0.7116,0.6684,0.2658,0.3084
0.5072,0.4104,0.4104,1.1322,0.6043,0.8027,0.8916,0.6449,0.7919,0.4307,0.7548,0.7548,0.8484,0.8887,0.8202,0.8769,0.6504,2.0332,0.8455,0.8172,0.4855,0.36
0.7063,0.6168,0.6168,1.4051,0.7826,0.9085,0.9744,0.7378,0.9026,0.6362,0.7404,0.7404,0.9516,0.9471,0.8272,0.9445,0.8148,2.3926,0.9181,0.9093,0.6715,0.3972
0.8466,0.7692,0.7692,1.4846,0.764,0.9577,0.9996,0.7793,0.9579,0.7785,0.8004,0.8004,0.9984,0.949,0.8576,0.9411,0.9203,2.5836,0.9338,0.9438,0.7982,0.3984
0.9299,0.8688,0.8688,1.4251,0.6156,0.9514,0.9624,0.7832,0.9577,0.8517,0.744,0.744,0.9864,0.8935,0.7998,0.8867,0.9683,2.6299,0.8942,0.9304,0.8665,0.4176
0.9538,0.9144,0.9144,1.2673,0.4094,0.8926,0.8736,0.7491,0.9044,0.9064,0.6624,0.6624,0.9204,0.7771,0.7062,0.784,0.9634,2.5316,0.8,0.857,0.8805,0.456
0.9319,0.906,0.906,0.9777,0.3606,0.7785,0.7224,0.6592,0.7978,0.9001,0.5208,0.5208,0.7956,0.5972,0.5486,0.6303,0.9032,2.2849,0.6482,0.7122,0.8479,0.438
0.8561,0.8436,0.8436,0.6536,0.2475,0.6098,0.5184,0.5068,0.6378,0.864,0.3144,0.3144,0.6156,0.3899,0.3522,0.4391,0.7441,1.8679,0.4466,0.5362,0.7632,0.3396
0.721,0.7284,0.7284,0.3142,0.1246,0.3946,0.2904,0.3276,0.4309,0.7795,0.1488,0.1488,0.3864,0.1699,0.1661,0.2235,0.5569,1.3264,0.218,0.314,0.6273,0.2532
0.5347,0.5556,0.5556,0.0529,0.0191,0.1654,0.0876,0.1376,0.204,0.6557,0.0276,0.0276,0.144,0.0311,0.0338,0.0542,0.3298,0.6966,0.0469,0.1027,0.4409,0.1344
0.3029,0.3396,0.3396,0.0004,0,0.0315,0.0048,0.0224,0.0496,0.4479,0,0,0.0192,0,0,0.0012,0.1286,0.1962,0,0.0071,0.2232,0.0264
0.0754,0.1236,0.1236,0,0,0,0,0,2.00E-04,0.2268,0,0,0,0,0,0,0.0157,7.70E-03,0,0,0.0481,0
0.0038,0.0096,0.0096,0,0,0,0,0,0,0.0551,0,0,0,0,0,0,0,0,0,0,3.00E-04,0
0,0,0,0,0,0,0,0,0,5.00E-04,0,0,0,0,0,0,0,0,0,0,0,0
0,0,0,0,0,0,0,0,0,0,0,0,0,0,0,0,0,0,0,0,0,0
0,0,0,0,0,0,0,0,0,0,0,0,0,0,0,0,0,0,0,0,0,0
0,0,0,0,0,0,0,0,0,0,0,0,0,0,0,0,0,0,0,0,0,0
0,0,0,0,0,0,0,0,0,0,0,0,0,0,0,0,0,0,0,0,0,0
0,0,0,0,0,0,0,0,0,0,0,0,0,0,0,0,0,0,0,0,0,0
0,0,0,0,1.00E-04,0,0,0,0,0,0,0,0,0,0,0,0,0,0,0,0,0
0,0,0,0,0.0456,0,0.0036,0,0,0,0.0372,0.0372,0,0.0183,0.0301,0.0154,0,0,0.0012,4.00E-04,0,0
0,0,0,0.0975,0.2395,0.0322,0.0828,0.0074,0.0304,0,0.2052,0.2052,0.0468,0.1467,0.1819,0.1292,0,0.0171,0.0822,0.0459,0,0
0.0013,0,0,0.4367,0.4793,0.193,0.3072,0.0807,0.1628,0.0013,0.4464,0.4464,0.2316,0.378,0.4235,0.3623,0.0313,0.2583,0.2989,0.2302,0.0014,0.0252
0.0587,0.0264,0.0264,0.8268,0.6823,0.4236,0.5424,0.175,0.3612,0.0434,0.66,0.66,0.4716,0.6028,0.6409,0.5901,0.1706,0.7423,0.524,0.4654,0.0661,0.0972
0.2567,0.168,0.168,1.1785,0.8194,0.6287,0.7296,0.2635,0.5341,0.1943,0.8208,0.8208,0.6768,0.7821,0.8078,0.7701,0.3823,1.2578,0.7089,0.6648,0.2754,0.1776
0.4844,0.39,0.39,1.4276,0.859,0.7786,0.864,0.3262,0.673,0.4401,0.9216,0.9216,0.828,0.9038,0.9166,0.894,0.6123,1.6536,0.8385,0.814,0.4991,0.2532
0.6812,0.5952,0.5952,1.5586,0.8325,0.8775,0.942,0.383,0.7802,0.6658,0.9588,0.9588,0.9216,0.9644,0.966,0.959,0.786,1.9403,0.9081,0.903,0.6799,0.3252
0.8334,0.7512,0.7512,1.6068,0.7909,0.9177,0.9648,0.4035,0.8726,0.835,0.9528,0.9528,0.9588,0.9675,0.9632,0.9683,0.8937,2.0813,0.9226,0.9332,0.8045,0.4128
0.9366,0.8496,0.8496,1.5411,0.7042,0.8329,0.9336,0.3536,0.8874,0.9287,0.906,0.906,0.9384,0.9143,0.909,0.9217,0.8891,1.946,0.8836,0.9075,0.8759,0.4656
0.9608,0.8904,0.8904,1.3698,0.552,0.7131,0.8496,0.3091,0.8503,0.957,0.7884,0.7884,0.8676,0.8025,0.7947,0.8199,0.7995,1.7185,0.7924,0.8314,0.892,0.4368
0.9443,0.8832,0.8832,1.0797,0.3698,0.5952,0.7116,0.2581,0.7343,0.9514,0.6144,0.6144,0.738,0.6332,0.6258,0.6636,0.6676,1.452,0.6448,0.7008,0.8585,0.3288
0.8639,0.8304,0.8304,0.6839,0.2174,0.44,0.522,0.1939,0.5586,0.9324,0.3924,0.3924,0.558,0.4133,0.4072,0.4562,0.4456,1.1205,0.4467,0.517,0.7725,0.2628
0.7276,0.7128,0.7128,0.2969,0.0978,0.2599,0.2976,0.1261,0.3447,0.8482,0.1596,0.1596,0.3324,0.1735,0.174,0.2237,0.2448,0.7374,0.2192,0.2956,0.6335,0.1896
0.5366,0.552,0.552,0.0481,0.016,0.0978,0.0852,0.0587,0.1629,0.6814,0.0288,0.0288,0.12,0.0298,0.0338,0.0517,0.1242,0.3813,0.0462,0.0967,0.4429,0.1068
0.3035,0.3444,0.3444,0,0,0.0158,0.0096,0.0078,0.0441,0.4656,0,0,0.0156,0,0,0.0025,0.0549,0.1161,0,0.0079,0.2246,0.024
0.0768,0.126,0.126,0,0,0,0,0,2.00E-04,0.227,0,0,0,0,0,0,0.0097,0.0046,0,0,0.0472,0
0.0038,0.0108,0.0108,0,0,0,0,0,0,0.0524,0,0,0,0,0,0,0,0,0,0,3.00E-04,0
0,0,0,0,0,0,0,0,0,5.00E-04,0,0,0,0,0,0,0,0,0,0,0,0
0,0,0,0,0,0,0,0,0,0,0,0,0,0,0,0,0,0,0,0,0,0
0,0,0,0,0,0,0,0,0,0,0,0,0,0,0,0,0,0,0,0,0,0
0,0,0,0,0,0,0,0,0,0,0,0,0,0,0,0,0,0,0,0,0,0
0,0,0,0,0,0,0,0,0,0,0,0,0,0,0,0,0,0,0,0,0,0
0,0,0,0,0,0,0,0,0,0,0,0,0,0,0,0,0,0,0,0,0,0
0,0,0,0,1.00E-04,0,0,0,0,0,0,0,0,0,0,0,0,0,0,0,0,0
0,0,0,0,0.0392,0,0.0036,0,0,0,0.0396,0.0396,0,0.0207,0.0318,0.0171,0,0,0.0018,5.00E-04,0,0
0,0,0,0.0949,0.2441,0.0141,0.078,0.0048,0.0172,0,0.2052,0.2052,0.0228,0.1537,0.183,0.1267,0,0.0108,0.087,0.0232,0,0
0.0013,0,0,0.4442,0.491,0.0793,0.1776,0.087,0.1086,0.0015,0.4452,0.4452,0.0924,0.3826,0.4194,0.3039,0.0361,0.2236,0.2396,0.0871,0.0026,0.0684
0.0609,0.0156,0.0156,0.8611,0.7031,0.1769,0.2628,0.2164,0.2677,0.0434,0.654,0.654,0.1752,0.5926,0.6303,0.4699,0.1885,0.6661,0.3759,0.1744,0.0709,0.234
0.268,0.078,0.078,1.2237,0.8575,0.2738,0.3432,0.3134,0.4571,0.194,0.8124,0.8124,0.2232,0.7411,0.7896,0.6162,0.4001,1.1943,0.5171,0.2804,0.2756,0.4092
0.4964,0.2436,0.2436,1.4674,0.9536,0.3409,0.4356,0.4048,0.6468,0.4358,0.912,0.912,0.2352,0.8141,0.8941,0.7337,0.6151,1.6712,0.6488,0.3622,0.4969,0.558
0.677,0.5436,0.5436,1.5964,0.9879,0.4188,0.4812,0.4673,0.7528,0.6621,0.954,0.954,0.2592,0.8341,0.9383,0.7846,0.8045,2.0906,0.7275,0.4155,0.6795,0.6684
0.8004,0.7644,0.7644,1.6001,0.9671,0.5057,0.4644,0.5114,0.7813,0.8338,0.942,0.942,0.3408,0.834,0.9251,0.7679,0.9376,2.3428,0.7313,0.467,0.8062,0.7356
0.8782,0.8748,0.8748,1.4995,0.8882,0.5227,0.4272,0.4841,0.7615,0.9495,0.8748,0.8748,0.3684,0.7694,0.8482,0.6914,0.9913,2.3641,0.6643,0.5113,0.8791,0.7656
0.9175,0.9204,0.9204,1.2978,0.7553,0.4897,0.3324,0.4502,0.6945,1,0.7572,0.7572,0.3648,0.623,0.7092,0.5609,0.9536,2.2183,0.5271,0.4877,0.8951,0.7392
0.9084,0.912,0.912,0.9804,0.5683,0.412,0.2412,0.3846,0.5665,0.9963,0.5856,0.5856,0.324,0.4429,0.5301,0.4069,0.8532,1.8946,0.3738,0.319,0.859,0.6696
0.8436,0.8532,0.8532,0.6462,0.34,0.2858,0.1704,0.2829,0.4075,0.9396,0.3756,0.3756,0.2532,0.2565,0.3358,0.2533,0.6704,1.4881,0.2621,0.1705,0.7751,0.5412
0.7132,0.738,0.738,0.301,0.1154,0.1776,0.0996,0.188,0.2825,0.8303,0.156,0.156,0.1512,0.1098,0.1449,0.1223,0.4809,1.0885,0.1411,0.0887,0.6192,0.3552
0.5297,0.5676,0.5676,0.0508,0.018,0.0847,0.0312,0.0917,0.157,0.6668,0.0288,0.0288,0.0516,0.0206,0.0277,0.031,0.325,0.62,0.0356,0.0304,0.4274,0.1848
0.3013,0.348,0.348,0.0001,0,0.0196,0,0.0163,0.0426,0.4546,0,0,0.006,0,0,4.00E-04,0.1527,0.1814,0,2.00E-04,0.2226,0.0408
0.0744,0.1224,0.1224,0,0,0,0,0,6.00E-04,0.2241,0,0,0,0,0,0,0.0277,0.0077,0,0,0.0503,0
0.0045,0.0108,0.0108,0,0,0,0,0,0,0.0539,0,0,0,0,0,0,0,0,0,0,3.00E-04,0
0,0,0,0,0,0,0,0,0,0.0016,0,0,0,0,0,0,0,0,0,0,0,0
0,0,0,0,0,0,0,0,0,0,0,0,0,0,0,0,0,0,0,0,0,0
0,0,0,0,0,0,0,0,0,0,0,0,0,0,0,0,0,0,0,0,0,0
0,0,0,0,0,0,0,0,0,0,0,0,0,0,0,0,0,0,0,0,0,0
0,0,0,0,0,0,0,0,0,0,0,0,0,0,0,0,0,0,0,0,0,0
0,0,0,0,0,0,0,0,0,0,0,0,0,0,0,0,0,0,0,0,0,0
0,0,0,0,1.00E-04,0,0,0,0,0,0,0,0,0,0,0,0,0,0,0,0,0
0,0,0,0,0.0452,0,0.0024,0,0,0,0.0204,0.0204,0,0.0183,0.023,0.0158,0,0,0.0012,4.00E-04,0,0
0,0,0,0.1094,0.1448,0.0319,0.06,0.0074,0.0322,0,0.1152,0.1152,0.0468,0.1299,0.1352,0.1043,0,0.0185,0.0743,0.0131,0,0
0.0013,0,0,0.4137,0.2367,0.1577,0.18,0.1174,0.1744,0.0015,0.3024,0.3024,0.1812,0.2561,0.3179,0.2296,0.0384,0.2953,0.1997,0.0665,0.0029,0.0732
0.0589,0.0276,0.0276,0.7648,0.3308,0.3605,0.3156,0.3236,0.4067,0.0455,0.4512,0.4512,0.3924,0.4108,0.4895,0.3848,0.1945,0.8804,0.3123,0.1503,0.0736,0.2652
0.2707,0.1788,0.1788,1.0825,0.4217,0.5763,0.3912,0.5332,0.6226,0.1831,0.5508,0.5508,0.6192,0.5914,0.6394,0.5361,0.4098,1.5046,0.4026,0.2364,0.2672,0.4776
0.5098,0.4128,0.4128,1.3114,0.4675,0.7525,0.4536,0.7006,0.7917,0.3809,0.792,0.792,0.8076,0.7526,0.8202,0.6434,0.5774,2.0436,0.4648,0.3029,0.4823,0.6528
0.707,0.624,0.624,1.4082,0.5105,0.8575,0.4872,0.81,0.9052,0.577,0.9,0.9,0.9144,0.8241,0.8858,0.6985,0.7119,2.4494,0.4795,0.3527,0.6604,0.7692
0.847,0.78,0.78,1.3618,0.5287,0.9072,0.4884,0.8621,0.9453,0.7303,0.9012,0.9012,0.96,0.844,0.8736,0.7022,0.7603,2.6488,0.4968,0.4184,0.7824,0.8328
0.9286,0.8712,0.8712,1.1765,0.6047,0.9079,0.4512,0.8631,0.9575,0.8414,0.8496,0.8496,0.954,0.7839,0.7948,0.6437,0.7571,2.699,0.451,0.4535,0.8584,0.846
0.9558,0.9036,0.9036,0.9358,0.6248,0.8492,0.414,0.8102,0.9126,0.953,0.7344,0.7344,0.8868,0.6418,0.6277,0.4928,0.7039,2.5885,0.3807,0.4404,0.8755,0.8004
0.9304,0.8856,0.8856,0.6863,0.5005,0.7362,0.3564,0.7074,0.8067,0.9789,0.5688,0.5688,0.762,0.4303,0.4246,0.3053,0.5864,2.3248,0.2427,0.3784,0.8349,0.7176
0.8503,0.834,0.834,0.476,0.3092,0.5743,0.2856,0.5532,0.6442,0.9236,0.354,0.354,0.5904,0.2087,0.233,0.1543,0.467,1.8903,0.1296,0.2579,0.7478,0.5808
0.7175,0.732,0.732,0.2127,0.1266,0.3646,0.192,0.3539,0.4354,0.8016,0.15,0.15,0.3756,0.0776,0.0978,0.0687,0.3632,1.2977,0.0651,0.1644,0.6107,0.3912
0.5295,0.5676,0.5676,0.0338,0.0207,0.1657,0.0864,0.1481,0.2078,0.5917,0.0264,0.0264,0.1524,0.0121,0.0166,0.0174,0.2323,0.6986,0.0144,0.072,0.4324,0.1812
0.3009,0.3492,0.3492,0.0003,0,0.034,0.006,0.0245,0.0498,0.3863,0,0,0.0276,0,0,6.00E-04,0.1162,0.1894,0,0.0051,0.2192,0.0408
0.0766,0.1212,0.1212,0,0,0,0,0,6.00E-04,0.193,0,0,0,0,0,0,0.0277,0.0078,0,0,0.0508,0
0.0052,0.0096,0.0096,0,0,0,0,0,0,0.0544,0,0,0,0,0,0,0,0,0,0,3.00E-04,0
0,0,0,0,0,0,0,0,0,0.0011,0,0,0,0,0,0,0,0,0,0,0,0
0,0,0,0,0,0,0,0,0,0,0,0,0,0,0,0,0,0,0,0,0,0
0,0,0,0,0,0,0,0,0,0,0,0,0,0,0,0,0,0,0,0,0,0
0,0,0,0,0,0,0,0,0,0,0,0,0,0,0,0,0,0,0,0,0,0
0,0,0,0,0,0,0,0,0,0,0,0,0,0,0,0,0,0,0,0,0,0
0,0,0,0,0,0,0,0,0,0,0,0,0,0,0,0,0,0,0,0,0,0
0,0,0,0,0,0,0,0,0,0,0,0,0,0,0,0,0,0,0,0,0,0
0,0,0,0,0.0241,0,0.0048,0,0,0,0.0276,0.0276,0,0.0057,0.016,0.0027,0,0,0.0012,1.00E-04,0,0
0,0,0,0.0454,0.1129,0.0361,0.0888,0.0083,0.0332,0,0.1404,0.1404,0.0492,0.0669,0.087,0.0417,0,0.0203,0.0517,0.0449,0,0
0.0013,0,0,0.2025,0.2515,0.1847,0.2952,0.1185,0.1738,0.0015,0.2712,0.2712,0.2292,0.1445,0.1738,0.1151,0.0337,0.2973,0.1624,0.1918,0.0029,0.0732
0.0587,0.0288,0.0288,0.4422,0.3854,0.4061,0.5232,0.3215,0.4011,0.0474,0.3288,0.3288,0.4644,0.3391,0.2448,0.2436,0.1934,0.9073,0.326,0.3819,0.0739,0.2664
0.2712,0.18,0.18,0.7103,0.4815,0.6118,0.7128,0.5256,0.6113,0.1941,0.3924,0.3924,0.6684,0.5475,0.3439,0.3745,0.4453,1.5431,0.5072,0.5495,0.2782,0.4752
0.5083,0.42,0.42,0.8399,0.5261,0.768,0.8496,0.6898,0.7684,0.3923,0.4488,0.4488,0.816,0.7049,0.3973,0.4553,0.672,2.0744,0.6311,0.6992,0.4991,0.6492
0.7001,0.6312,0.6312,0.9421,0.5354,0.8715,0.9312,0.7979,0.8729,0.583,0.4548,0.4548,0.9132,0.7608,0.4154,0.5223,0.8411,2.4497,0.6894,0.7904,0.6766,0.7728
0.8376,0.7896,0.7896,0.9362,0.4698,0.9198,0.9552,0.8441,0.9251,0.7284,0.4164,0.4164,0.9552,0.6995,0.4225,0.5817,0.949,2.6575,0.6762,0.8426,0.801,0.8424
0.9159,0.8916,0.8916,0.8365,0.4169,0.9117,0.9252,0.8258,0.9315,0.834,0.51,0.51,0.942,0.5695,0.4822,0.5809,0.9994,2.6768,0.5825,0.7945,0.8664,0.8544
0.9424,0.9372,0.9372,0.6289,0.381,0.8489,0.8412,0.762,0.8808,0.8861,0.444,0.444,0.8748,0.4639,0.3973,0.4946,0.9933,2.5505,0.434,0.6991,0.8713,0.8148
0.9163,0.9288,0.9288,0.4911,0.3104,0.7299,0.7032,0.6446,0.7772,0.8949,0.2904,0.2904,0.7524,0.3511,0.2593,0.376,0.9333,2.2549,0.3333,0.592,0.8181,0.72
0.8405,0.8688,0.8688,0.4328,0.2158,0.5532,0.516,0.4887,0.6196,0.8604,0.1692,0.1692,0.5784,0.2335,0.1466,0.2516,0.8181,1.8136,0.2581,0.4379,0.779,0.5652
0.7073,0.7524,0.7524,0.2049,0.1006,0.362,0.2952,0.2955,0.4103,0.775,0.0756,0.0756,0.3624,0.0879,0.0698,0.1356,0.6466,1.2613,0.1558,0.2592,0.6251,0.3756
0.5154,0.5796,0.5796,0.0269,0.0132,0.1665,0.09,0.1231,0.1933,0.6318,0.0156,0.0156,0.144,0.0145,0.0164,0.0399,0.4223,0.6686,0.0414,0.1025,0.4267,0.168
0.2831,0.3576,0.3576,0.0004,0,0.034,0.0072,0.0182,0.0527,0.4389,0,0,0.0288,0,0,0.0014,0.1716,0.1851,0,0.0082,0.2137,0.0348
0.0771,0.12,0.12,0,0,0,0,0,6.00E-04,0.2224,0,0,0,0,0,0,0.0324,9.50E-03,0,0,0.0556,0
0.0045,0.0096,0.0096,0,0,0,0,0,0,0.0601,0,0,0,0,0,0,0,0,0,0,3.00E-04,0
0,0,0,0,0,0,0,0,0,0.0022,0,0,0,0,0,0,0,0,0,0,0,0
0,0,0,0,0,0,0,0,0,0,0,0,0,0,0,0,0,0,0,0,0,0
0,0,0,0,0,0,0,0,0,0,0,0,0,0,0,0,0,0,0,0,0,0
0,0,0,0,0,0,0,0,0,0,0,0,0,0,0,0,0,0,0,0,0,0
0,0,0,0,0,0,0,0,0,0,0,0,0,0,0,0,0,0,0,0,0,0
0,0,0,0,0,0,0,0,0,0,0,0,0,0,0,0,0,0,0,0,0,0
0,0,0,0,0,0,0,0,0,0,0,0,0,0,0,0,0,0,0,0,0,0
0,0,0,0,0.0455,0,0.0048,0,0,0,0.0144,0.0144,0,0.0058,0.008,0.0032,0,0,0.0012,3.00E-04,0,0
0,0,0,0.0312,0.1629,0.0368,0.0888,0.0083,0.0358,0,0.0612,0.0612,0.0528,0.1243,0.0606,0.068,0,0.0214,0.0699,0.0477,0,0
0.0022,0,0,0.1409,0.3142,0.1871,0.2952,0.1042,0.1693,0.0016,0.1116,0.1116,0.2268,0.31,0.1504,0.2186,0.0337,0.283,0.2079,0.1822,0.0017,0.0312
0.0616,0.0288,0.0288,0.2976,0.4382,0.41,0.5184,0.2704,0.3674,0.0486,0.1524,0.1524,0.4524,0.4913,0.2623,0.4101,0.1886,0.846,0.35,0.3364,0.0734,0.0936
0.2502,0.1824,0.1824,0.4728,0.4945,0.6119,0.7092,0.4288,0.5594,0.1887,0.2412,0.2412,0.6504,0.6203,0.3943,0.603,0.4334,1.4608,0.4845,0.4732,0.2625,0.1572
0.4735,0.4272,0.4272,0.6635,0.5115,0.7647,0.8436,0.5736,0.7352,0.3842,0.3408,0.3408,0.7968,0.6458,0.4796,0.6846,0.6506,1.9617,0.5971,0.5919,0.4756,0.2196
0.6619,0.6408,0.6408,0.7823,0.4793,0.8653,0.9216,0.6702,0.8602,0.557,0.372,0.372,0.8904,0.6017,0.5055,0.7051,0.8137,2.3126,0.6555,0.7123,0.6525,0.2808
0.801,0.798,0.798,0.7742,0.4552,0.9092,0.9432,0.7092,0.9158,0.6944,0.4104,0.4104,0.9264,0.5192,0.5882,0.8052,0.918,2.4939,0.6804,0.8159,0.7737,0.2964
0.8929,0.8952,0.8952,0.7022,0.4907,0.896,0.9108,0.6936,0.9146,0.7868,0.3216,0.3216,0.8844,0.383,0.5368,0.7884,0.966,2.5266,0.6368,0.837,0.8482,0.2916
0.9299,0.9336,0.9336,0.6143,0.3812,0.8283,0.8256,0.6403,0.8554,0.8224,0.21,0.21,0.7824,0.2213,0.4472,0.6974,0.9611,2.4192,0.5385,0.7655,0.856,0.2676
0.9116,0.918,0.918,0.5054,0.2979,0.7297,0.69,0.5596,0.7422,0.7939,0.2064,0.2064,0.6972,0.138,0.3795,0.5552,0.9035,2.1857,0.4538,0.6469,0.82,0.2832
0.8354,0.8508,0.8508,0.3961,0.1999,0.5813,0.5052,0.4344,0.5804,0.7135,0.1812,0.1812,0.5628,0.0851,0.2585,0.3632,0.7907,1.8126,0.3364,0.4786,0.7527,0.2688
0.7068,0.7332,0.7332,0.2102,0.0888,0.378,0.2892,0.2902,0.3745,0.6663,0.102,0.102,0.3588,0.0368,0.1176,0.1754,0.6216,1.3006,0.1659,0.2828,0.6118,0.2004
0.524,0.5628,0.5628,0.042,0.0104,0.1656,0.0912,0.1289,0.1867,0.6165,0.0156,0.0156,0.1452,0.005,0.0216,0.0465,0.4044,0.7032,0.0395,0.1047,0.4308,0.1104
0.2997,0.3444,0.3444,0.0002,0,0.033,0.0084,0.0201,0.0465,0.4352,0,0,0.0264,0,0,0.0019,0.1753,0.1891,0,0.0093,0.2203,0.0228
0.0817,0.1224,0.1224,0,0,0,0,0,0.001,0.2257,0,0,0,0,0,0,0.0385,9.50E-03,0,0,0.0523,0
0.0057,0.0108,0.0108,0,0,0,0,0,0,0.0633,0,0,0,0,0,0,0,0.0001,0,0,3.00E-04,0
5.00E-04,0,0,0,0,0,0,0,0,0.0024,0,0,0,0,0,0,0,0,0,0,0,0
0,0,0,0,0,0,0,0,0,0,0,0,0,0,0,0,0,0,0,0,0,0
0,0,0,0,0,0,0,0,0,0,0,0,0,0,0,0,0,0,0,0,0,0
0,0,0,0,0,0,0,0,0,0,0,0,0,0,0,0,0,0,0,0,0,0
0,0,0,0,0,0,0,0,0,0,0,0,0,0,0,0,0,0,0,0,0,0
0,0,0,0,0,0,0,0,0,0,0,0,0,0,0,0,0,0,0,0,0,0
0,0,0,0,0,0,0,0,0,0,0,0,0,0,0,0,0,0,0,0,0,0
0,0,0,0,0.0107,0,0.0036,0,0,0,0.0168,0.0168,0,0.0046,0.0242,0.018,0,0,0,1.00E-04,0,0
0,0,0,0.0524,0.0454,0.0387,0.0624,0.0035,0.0368,0,0.1116,0.1116,0.0564,0.0414,0.1398,0.1208,0,0.0213,0.0498,0.049,0,0
1.00E-04,0,0,0.2278,0.1203,0.1799,0.1812,0.0705,0.1774,0.0018,0.294,0.294,0.2328,0.1199,0.3137,0.284,0.0385,0.2944,0.1561,0.2085,0.0026,0.0768
0.0543,0.0312,0.0312,0.4568,0.219,0.3987,0.3852,0.2057,0.4012,0.0506,0.456,0.456,0.4644,0.2512,0.4594,0.4646,0.1815,0.9126,0.2625,0.4171,0.0747,0.2568
0.2406,0.1776,0.1776,0.6717,0.24,0.6066,0.6612,0.3526,0.6092,0.1937,0.582,0.582,0.6672,0.3799,0.6211,0.6211,0.3807,1.5645,0.3271,0.6026,0.2746,0.4548
0.4564,0.4068,0.4068,0.8129,0.303,0.7642,0.8376,0.5028,0.765,0.3615,0.6372,0.6372,0.798,0.3971,0.69,0.7168,0.565,2.1058,0.4083,0.7415,0.4917,0.6324
0.6317,0.6108,0.6108,0.8948,0.3545,0.8508,0.9468,0.6215,0.9006,0.5405,0.702,0.702,0.846,0.4471,0.7065,0.7123,0.7204,2.4912,0.4209,0.8276,0.668,0.768
0.7525,0.7596,0.7596,0.9796,0.4689,0.9207,0.9276,0.6918,0.9533,0.6281,0.7848,0.7848,0.942,0.4676,0.7069,0.6575,0.8273,2.701,0.4271,0.8597,0.7882,0.8328
0.821,0.8568,0.8568,0.9653,0.5035,0.9369,0.834,0.7122,0.9541,0.7425,0.7356,0.7356,0.9828,0.3519,0.7365,0.6776,0.8656,2.7427,0.3894,0.8325,0.858,0.834
0.8626,0.8988,0.8988,0.8166,0.5199,0.8834,0.7596,0.6727,0.9072,0.8607,0.5772,0.5772,0.9168,0.2358,0.6241,0.6517,0.8468,2.6291,0.3396,0.751,0.864,0.774
0.8382,0.8904,0.8904,0.615,0.4296,0.7704,0.6864,0.5775,0.8003,0.7845,0.4272,0.4272,0.792,0.1436,0.4788,0.549,0.6778,2.3561,0.2337,0.6212,0.822,0.654
0.7533,0.8304,0.8304,0.3936,0.2641,0.6023,0.5364,0.4538,0.637,0.7851,0.318,0.318,0.6072,0.083,0.3383,0.3801,0.5014,1.9365,0.1442,0.4453,0.7614,0.5196
0.634,0.7164,0.7164,0.1806,0.134,0.3949,0.3108,0.3041,0.4331,0.7982,0.162,0.162,0.3828,0.0265,0.1656,0.1987,0.2928,1.3762,0.0726,0.2588,0.6143,0.3516
0.4688,0.5508,0.5508,0.0246,0.025,0.1739,0.0972,0.1406,0.2137,0.61,0.036,0.036,0.1548,0.0021,0.0398,0.0588,0.1595,0.7349,0.018,0.0943,0.4298,0.1788
0.2719,0.3384,0.3384,0.0004,0,0.0355,0.0084,0.0237,0.0571,0.4016,0,0,0.0324,0,0,0.002,0.0801,0.1954,0,0.0086,0.2197,0.042
0.09,0.1212,0.1212,0,0,0,0,0,0.0014,0.1989,0,0,0,0,0,0,0.0226,1.17E-02,0,0,0.0536,0
0.0075,0.012,0.012,0,0,0,0,0,0,0.0586,0,0,0,0,0,0,0,0,0,0,3.00E-04,0
0,0,0,0,0,0,0,0,0,0.0016,0,0,0,0,0,0,0,0,0,0,0,0
0,0,0,0,0,0,0,0,0,0,0,0,0,0,0,0,0,0,0,0,0,0
0,0,0,0,0,0,0,0,0,0,0,0,0,0,0,0,0,0,0,0,0,0
0,0,0,0,0,0,0,0,0,0,0,0,0,0,0,0,0,0,0,0,0,0
0,0,0,0,0,0,0,0,0,0,0,0,0,0,0,0,0,0,0,0,0,0
0,0,0,0,0,0,0,0,0,0,0,0,0,0,0,0,0,0,0,0,0,0
0,0,0,0,0.0011,0,0,0,0,0,0,0,0,0,0,0,0,0,0,0,0,0
0,0,0,0,0.0623,0,0.006,0,1.00E-04,0,0.042,0.042,0,0.0114,0.0348,0.0176,0,0,0,2.00E-04,0,0
0,0,0,0.0312,0.2234,0.0362,0.0888,0.0089,0.0383,0,0.1848,0.1848,0.0528,0.0782,0.1697,0.1212,0,0.023,0.0265,0.0493,0,0
0.0027,0,0,0.1172,0.4391,0.195,0.3132,0.1183,0.1719,0.0018,0.408,0.408,0.2364,0.1637,0.3937,0.3336,0.0392,0.2992,0.0842,0.2068,0.0029,0.0744
0.0685,0.0324,0.0324,0.2195,0.6636,0.4267,0.5472,0.3219,0.3584,0.0427,0.6432,0.6432,0.4704,0.2499,0.6208,0.5578,0.1891,0.9051,0.1605,0.4133,0.0768,0.2664
0.2592,0.1776,0.1776,0.3404,0.8296,0.6354,0.7416,0.5245,0.4758,0.1665,0.8244,0.8244,0.6744,0.3119,0.7952,0.7352,0.4104,1.5221,0.24,0.5991,0.2691,0.474
0.4783,0.4068,0.4068,0.4294,0.9411,0.7908,0.8844,0.6909,0.5954,0.3787,0.93,0.93,0.8232,0.3364,0.9049,0.8565,0.6163,2.0266,0.3009,0.738,0.4841,0.6468
0.5899,0.618,0.618,0.4935,0.9813,0.8919,0.966,0.8013,0.7188,0.6234,0.9744,0.9744,0.9192,0.4056,0.9559,0.9224,0.7734,2.388,0.3212,0.8197,0.6597,0.7692
0.7008,0.7716,0.7716,0.5041,0.9637,0.9363,0.9888,0.8578,0.8422,0.7914,0.9636,0.9636,0.9576,0.3765,0.9522,0.931,0.8764,2.6043,0.3075,0.8471,0.7831,0.8376
0.8134,0.84,0.84,0.4803,0.8905,0.9258,0.9528,0.8608,0.8731,0.8934,0.8952,0.8952,0.936,0.3057,0.8911,0.8821,0.9292,2.651,0.2793,0.817,0.8596,0.852
0.7701,0.7764,0.7764,0.4528,0.7647,0.8624,0.8688,0.8112,0.8087,0.9378,0.7788,0.7788,0.8616,0.2327,0.7801,0.7849,0.899,2.535,0.2477,0.7444,0.8581,0.8148
0.6959,0.8604,0.8604,0.372,0.5849,0.7523,0.7284,0.7081,0.6601,0.9431,0.6036,0.6036,0.744,0.164,0.6128,0.6348,0.7794,2.2784,0.1904,0.6278,0.8246,0.7236
0.6161,0.84,0.84,0.2663,0.3606,0.5838,0.5388,0.5503,0.4342,0.9057,0.3864,0.3864,0.5532,0.1028,0.4006,0.4398,0.6417,1.8609,0.1283,0.4677,0.7623,0.5772
0.4997,0.6912,0.6912,0.1406,0.1393,0.3619,0.3096,0.3371,0.2842,0.7986,0.1632,0.1632,0.2904,0.0487,0.1781,0.2233,0.4428,1.3187,0.0663,0.2826,0.6223,0.3816
0.367,0.552,0.552,0.0316,0.0286,0.154,0.0912,0.1469,0.169,0.6465,0.036,0.036,0.1032,0.0091,0.0416,0.0581,0.28,0.7114,0.0157,0.1044,0.4398,0.1872
0.2289,0.3456,0.3456,0.0004,0,0.0314,0.0096,0.0255,0.0493,0.4484,0,0,0.0144,0,0,0.0025,0.1584,0.2071,0,0.0102,0.2264,0.0432
0.0802,0.1248,0.1248,0,0,0,0,0,6.00E-04,0.2291,0,0,0,0,0,0,0.0409,1.22E-02,0,0,0.0533,0
0.0041,0.0132,0.0132,0,0,0,0,0,0,0.0694,0,0,0,0,0,0,0,0,0,0,4.00E-04,0
0,0,0,0,0,0,0,0,0,0.0027,0,0,0,0,0,0,0,0,0,0,0,0
0,0,0,0,0,0,0,0,0,0,0,0,0,0,0,0,0,0,0,0,0,0
0,0,0,0,0,0,0,0,0,0,0,0,0,0,0,0,0,0,0,0,0,0
0,0,0,0,0,0,0,0,0,0,0,0,0,0,0,0,0,0,0,0,0,0
0,0,0,0,0,0,0,0,0,0,0,0,0,0,0,0,0,0,0,0,0,0
0,0,0,0,0,0,0,0,0,0,0,0,0,0,0,0,0,0,0,0,0,0
0,0,0,0,0.0012,0,0,0,0,0,0,0,0,0,0,0,0,0,0,0,0,0
0,0,0,0,0.0604,0,0.0072,0,1.00E-04,0,0.0456,0.0456,0,0.0195,0.0378,0.021,0,0,6.00E-04,4.00E-04,0,0
0,0,0,0.1237,0.252,0.0388,0.0948,0.0093,0.0375,0,0.2064,0.2064,0.0564,0.1268,0.1846,0.1333,0,0.0252,0.0566,0.0535,0,0
0.0035,0,0,0.4327,0.4811,0.1897,0.288,0.1189,0.1652,0.0011,0.4368,0.4368,0.2316,0.2958,0.4133,0.3507,0.0421,0.2982,0.1639,0.218,0.0033,0.072
0.0722,0.0324,0.0324,0.7743,0.6797,0.4017,0.5172,0.3229,0.3554,0.0271,0.6456,0.6456,0.4572,0.4916,0.6225,0.5666,0.1887,0.863,0.3018,0.4304,0.0754,0.2688
0.2499,0.1836,0.1836,1.0871,0.8282,0.6051,0.7116,0.5253,0.5623,0.1218,0.804,0.804,0.6552,0.6666,0.7842,0.7392,0.4081,1.4565,0.4391,0.6147,0.2623,0.4812
0.4469,0.414,0.414,1.3137,0.92,0.7622,0.846,0.6853,0.7249,0.2725,0.9084,0.9084,0.8028,0.7884,0.8913,0.858,0.6103,1.933,0.5359,0.7468,0.4706,0.6576
0.5739,0.63,0.63,1.4441,0.9576,0.8632,0.924,0.7962,0.8391,0.454,0.9552,0.9552,0.8988,0.8564,0.9408,0.9194,0.7388,2.2744,0.5994,0.821,0.64,0.7812
0.6289,0.7908,0.7908,1.4686,0.9429,0.9097,0.9468,0.8527,0.8962,0.5851,0.948,0.948,0.9384,0.8691,0.9358,0.9259,0.7653,2.4881,0.6178,0.8422,0.7614,0.8496
0.7009,0.894,0.894,1.397,0.8714,0.9071,0.9144,0.8506,0.9001,0.6663,0.8868,0.8868,0.9252,0.8159,0.8768,0.878,0.7432,2.5784,0.5708,0.8107,0.8522,0.8676
0.7407,0.936,0.936,1.2531,0.7481,0.8524,0.8328,0.7892,0.8505,0.7186,0.7704,0.7704,0.8592,0.7067,0.7613,0.7756,0.5459,2.444,0.4903,0.7403,0.8761,0.8304
0.7259,0.924,0.924,0.9944,0.5724,0.7432,0.6972,0.6688,0.7482,0.7283,0.6024,0.6024,0.7404,0.5434,0.5952,0.6237,0.4368,2.1582,0.3751,0.6264,0.8466,0.7416
0.7517,0.8604,0.8604,0.6889,0.3555,0.5829,0.5124,0.5096,0.5956,0.7209,0.39,0.39,0.5712,0.3548,0.3895,0.4297,0.447,1.7796,0.2601,0.462,0.7797,0.5964
0.6819,0.7428,0.7428,0.3434,0.1385,0.3823,0.2976,0.3284,0.4072,0.6575,0.1656,0.1656,0.3636,0.1685,0.175,0.2202,0.3915,1.3011,0.1498,0.2805,0.628,0.408
0.4979,0.5688,0.5688,0.069,0.0287,0.1694,0.096,0.1485,0.2037,0.4836,0.0372,0.0372,0.15,0.0392,0.0422,0.0602,0.2844,0.7111,0.0463,0.1039,0.4384,0.1956
0.2837,0.348,0.348,0.0003,0,0.0412,0.0096,0.0248,0.0622,0.314,0,0,0.0336,0,0,0.0026,0.1466,0.2183,0,0.0113,0.2256,0.0444
0.0909,0.1272,0.1272,0,0,0,0,0,0.0018,0.1777,0,0,0,0,0,0,0.0407,1.27E-02,0,0,0.0579,0
0.0074,0.0132,0.0132,0,0,0,0,0,0,0.0594,0,0,0,0,0,0,0,0,0,0,4.00E-04,0
0,0,0,0,0,0,0,0,0,0.0028,0,0,0,0,0,0,0,0,0,0,0,0
0,0,0,0,0,0,0,0,0,0,0,0,0,0,0,0,0,0,0,0,0,0
0,0,0,0,0,0,0,0,0,0,0,0,0,0,0,0,0,0,0,0,0,0
0,0,0,0,0,0,0,0,0,0,0,0,0,0,0,0,0,0,0,0,0,0
0,0,0,0,0,0,0,0,0,0,0,0,0,0,0,0,0,0,0,0,0,0
0,0,0,0,0,0,0,0,0,0,0,0,0,0,0,0,0,0,0,0,0,0
0,0,0,0,0.0013,0,0,0,0,0,0,0,0,0,0,0,0,0,0,0,0,0
0,0,0,0,0.0623,0,0.0072,0,1.00E-04,0,0.0468,0.0468,0,0.0263,0.0379,0.0213,0,0,6.00E-04,5.00E-04,0,0
0,0,0,0.0977,0.2484,0.0372,0.0924,0.0093,0.0399,0,0.2052,0.2052,0.0564,0.1504,0.1815,0.1327,0,0.0147,0.0455,0.053,0,0
0.0028,0,0,0.3305,0.4691,0.1652,0.2976,0.1179,0.1739,0.002,0.4296,0.4296,0.2256,0.3588,0.3983,0.3385,0.0228,0.2073,0.1402,0.2062,0.0035,0.072
0.0672,0.0348,0.0348,0.5695,0.6627,0.3363,0.5172,0.3204,0.3491,0.0555,0.63,0.63,0.4416,0.5616,0.6025,0.5488,0.11,0.634,0.2547,0.3955,0.0792,0.2664
0.267,0.18,0.18,0.8417,0.8074,0.5133,0.6984,0.5198,0.49,0.1885,0.7836,0.7836,0.6324,0.7271,0.7614,0.718,0.2082,1.2444,0.3699,0.5578,0.2748,0.4776
0.5014,0.3924,0.3924,1.1279,0.9025,0.6612,0.8292,0.6793,0.5759,0.3569,0.8856,0.8856,0.7704,0.8413,0.872,0.841,0.3294,1.8284,0.4576,0.6645,0.4941,0.6528
0.7007,0.5904,0.5904,1.2064,0.9384,0.7858,0.9036,0.7892,0.6176,0.4907,0.93,0.93,0.858,0.8977,0.9211,0.9031,0.4205,2.2442,0.537,0.7171,0.6699,0.7764
0.8454,0.7392,0.7392,1.0176,0.9218,0.8282,0.9264,0.8441,0.6059,0.5779,0.9216,0.9216,0.8928,0.8965,0.9171,0.9111,0.4832,2.3405,0.572,0.7267,0.7922,0.8448
0.9274,0.852,0.852,0.7564,0.8529,0.8207,0.8952,0.841,0.6035,0.641,0.8616,0.8616,0.8724,0.8411,0.86,0.8634,0.5494,2.2842,0.5519,0.6951,0.8657,0.8592
0.9487,0.894,0.894,0.8,0.7325,0.7275,0.816,0.7925,0.5382,0.7156,0.7488,0.7488,0.804,0.7364,0.7517,0.7661,0.5627,2.1483,0.4895,0.6246,0.8784,0.8232
0.9282,0.8976,0.8976,0.812,0.5609,0.6274,0.6852,0.6777,0.4382,0.7535,0.5844,0.5844,0.6876,0.5814,0.5913,0.617,0.5125,1.901,0.3913,0.5058,0.8365,0.7344
0.8522,0.8424,0.8424,0.5146,0.3489,0.5007,0.5064,0.5435,0.3805,0.6705,0.378,0.378,0.528,0.3836,0.3895,0.425,0.4283,1.4797,0.2704,0.3766,0.7609,0.594
0.7109,0.7272,0.7272,0.1785,0.1386,0.338,0.294,0.3517,0.3034,0.6374,0.1632,0.1632,0.336,0.1722,0.1759,0.2166,0.3355,1.0818,0.1442,0.2336,0.6146,0.4056
0.5193,0.5592,0.5592,0.0246,0.0298,0.1608,0.0936,0.1496,0.1488,0.5615,0.0372,0.0372,0.1464,0.0394,0.0428,0.0625,0.2353,0.6116,0.0401,0.0937,0.4233,0.1956
0.2971,0.3432,0.3432,0.0004,0,0.0392,0.0108,0.0252,0.042,0.3991,0,0,0.0336,0,0,0.0031,0.1265,0.1915,0,0.0103,0.2168,0.0456
0.0872,0.1248,0.1248,0,0,0,0,0,2.00E-04,0.2286,0,0,0,0,0,0,0.0349,8.80E-03,0,0,0.0598,0
0.0075,0.0132,0.0132,0,0,0,0,0,0,0.0778,0,0,0,0,0,0,0,0,0,0,4.00E-04,0
0,0,0,0,0,0,0,0,0,0.0044,0,0,0,0,0,0,0,0,0,0,0,0
0,0,0,0,0,0,0,0,0,0,0,0,0,0,0,0,0,0,0,0,0,0
0,0,0,0,0,0,0,0,0,0,0,0,0,0,0,0,0,0,0,0,0,0
0,0,0,0,0,0,0,0,0,0,0,0,0,0,0,0,0,0,0,0,0,0
0,0,0,0,0,0,0,0,0,0,0,0,0,0,0,0,0,0,0,0,0,0
0,0,0,0,0,0,0,0,0,0,0,0,0,0,0,0,0,0,0,0,0,0
0,0,0,0,0.0013,0,0,0,0,0,0,0,0,0,0,0,0,0,0,0,0,0
0,0,0,0,0.062,0,0.0072,0,1.00E-04,0,0.0372,0.0372,0,0.0185,0.0353,0.022,0,0,0.0042,7.00E-04,0,0
0,0,0,0.1333,0.2053,0.0436,0.0936,0.0102,0.0359,0,0.1476,0.1476,0.0624,0.1232,0.1527,0.1321,0,0.0277,0.0936,0.0583,0,0.0012
0.0028,0,0,0.473,0.3941,0.1806,0.2952,0.1192,0.156,0.0021,0.3252,0.3252,0.2196,0.2637,0.3442,0.3217,0.0432,0.3008,0.2885,0.2045,0.0045,0.072
0.0647,0.0336,0.0336,0.8456,0.5872,0.3774,0.51,0.3174,0.3258,0.0296,0.5208,0.5208,0.4236,0.4101,0.5425,0.5208,0.193,0.8391,0.501,0.3809,0.0803,0.2664
0.2687,0.1788,0.1788,1.1419,0.741,0.5612,0.6876,0.5015,0.5012,0.0989,0.7008,0.7008,0.594,0.5231,0.7105,0.6679,0.4246,1.423,0.6686,0.5129,0.2715,0.474
0.4921,0.3996,0.3996,1.3756,0.8397,0.7025,0.8136,0.6461,0.6447,0.1575,0.8256,0.8256,0.7188,0.5865,0.8274,0.7767,0.6465,1.8977,0.7444,0.6202,0.4826,0.6468
0.6802,0.5976,0.5976,1.4991,0.8666,0.7936,0.888,0.7437,0.6924,0.2418,0.8832,0.8832,0.8028,0.6242,0.8854,0.8358,0.8022,2.2315,0.8016,0.6769,0.6568,0.768
0.8137,0.7464,0.7464,1.531,0.8406,0.8318,0.912,0.7658,0.6918,0.318,0.8664,0.8664,0.8304,0.6169,0.8756,0.8363,0.8939,2.4677,0.8154,0.677,0.7787,0.834
0.8929,0.8544,0.8544,1.4195,0.7684,0.8162,0.8808,0.7371,0.6718,0.3362,0.7992,0.7992,0.7824,0.5718,0.8149,0.7919,0.9222,2.5309,0.793,0.649,0.8588,0.8472
0.9252,0.8988,0.8988,1.2593,0.6596,0.7493,0.798,0.7019,0.6239,0.421,0.6996,0.6996,0.6804,0.4659,0.7016,0.6896,0.8699,2.4465,0.7173,0.5812,0.8714,0.8088
0.9004,0.8916,0.8916,0.9793,0.5072,0.6182,0.6612,0.6624,0.5982,0.4181,0.564,0.564,0.4836,0.3494,0.5587,0.5511,0.7878,2.2312,0.5904,0.4837,0.8341,0.714
0.8233,0.8328,0.8328,0.6364,0.3205,0.4258,0.4704,0.5312,0.5015,0.3123,0.3708,0.3708,0.2256,0.2317,0.3645,0.3688,0.6695,1.8462,0.4168,0.3578,0.7574,0.5664
0.6989,0.72,0.72,0.3113,0.1381,0.2657,0.2664,0.3427,0.3571,0.3012,0.1692,0.1692,0.0972,0.1117,0.171,0.1909,0.5257,1.3144,0.2156,0.2225,0.6176,0.3864
0.5178,0.5532,0.5532,0.0577,0.029,0.1319,0.0972,0.1478,0.1885,0.2552,0.0408,0.0408,0.0468,0.0235,0.0451,0.061,0.3482,0.7111,0.0571,0.0898,0.4322,0.1908
0.298,0.3408,0.3408,0.0005,0,0.0281,0.0132,0.027,0.0484,0.1874,0,0,0.006,0,0,0.0028,0.1644,0.213,0,0.0102,0.2219,0.0468
0.0812,0.1224,0.1224,0,0,0,0,0,0.0023,0.0996,0,0,0,0,0,0,0.0408,0.0138,0,0,0.0549,0
0.0076,0.0132,0.0132,0,0,0,0,0,0,0.0271,0,0,0,0,0,0,0,0.0001,0,0,4.00E-04,0
0,0,0,0,0,0,0,0,0,6.00E-04,0,0,0,0,0,0,0,0,0,0,0,0
0,0,0,0,0,0,0,0,0,0,0,0,0,0,0,0,0,0,0,0,0,0
0,0,0,0,0,0,0,0,0,0,0,0,0,0,0,0,0,0,0,0,0,0
0,0,0,0,0,0,0,0,0,0,0,0,0,0,0,0,0,0,0,0,0,0
0,0,0,0,0,0,0,0,0,0,0,0,0,0,0,0,0,0,0,0,0,0
0,0,0,0,0,0,0,0,0,0,0,0,0,0,0,0,0,0,0,0,0,0
0,0,0,0,0.002,0,0,0,0,0,0,0,0,0,0,0,0,0,0,0,0,0
0,0,0,0,0.0682,0,0.0084,0,1.00E-04,0,0.018,0.018,0,0.0151,0.019,0.0135,0,0,0.0042,6.00E-04,0,0
0,0,0,0.1168,0.1976,0.031,0.102,0.0103,0.0353,0,0.048,0.048,0.0384,0.106,0.0774,0.0968,0,0.0361,0.0918,0.0434,0,0.0012
0.0028,0,0,0.4186,0.3155,0.135,0.2832,0.1208,0.1621,0.0021,0.0828,0.0828,0.1392,0.2636,0.1497,0.2327,0.0385,0.3013,0.2586,0.1457,0.0048,0.078
0.0654,0.0336,0.0336,0.8165,0.4437,0.3109,0.4788,0.3119,0.3885,0.0234,0.126,0.126,0.276,0.4414,0.2246,0.3777,0.1934,0.8978,0.4356,0.25,0.0761,0.258
0.2577,0.1788,0.1788,1.192,0.6308,0.4881,0.6096,0.4986,0.6072,0.0954,0.1932,0.1932,0.408,0.5926,0.2992,0.5094,0.4297,1.5417,0.5984,0.3461,0.2728,0.456
0.4776,0.4068,0.4068,1.4276,0.7421,0.6546,0.702,0.6487,0.7779,0.1814,0.2772,0.2772,0.6168,0.7263,0.3921,0.6279,0.6372,2.0933,0.7344,0.4383,0.4912,0.6216
0.6555,0.6084,0.6084,1.4614,0.7678,0.7902,0.7344,0.7542,0.889,0.2391,0.3048,0.3048,0.8388,0.7826,0.4305,0.6697,0.7944,2.4755,0.8041,0.4767,0.6662,0.7404
0.7801,0.7596,0.7596,1.3856,0.7189,0.842,0.6792,0.8017,0.9429,0.2624,0.2664,0.2664,0.9156,0.764,0.3944,0.6384,0.8939,2.6778,0.8233,0.4545,0.787,0.8052
0.8572,0.8616,0.8616,1.1703,0.5957,0.829,0.5604,0.7977,0.9374,0.2703,0.2076,0.2076,0.9372,0.7152,0.3281,0.5555,0.9392,2.7199,0.7973,0.4314,0.8505,0.8148
0.8853,0.906,0.906,0.9266,0.4565,0.7793,0.4512,0.7425,0.873,0.2984,0.1716,0.1716,0.8928,0.6238,0.2637,0.4484,0.9212,2.6092,0.7007,0.3612,0.8673,0.7716
0.8651,0.8988,0.8988,0.736,0.3218,0.6745,0.3168,0.6422,0.772,0.3441,0.1452,0.1452,0.7776,0.4753,0.2029,0.3213,0.8209,2.3467,0.5757,0.2974,0.8351,0.6624
0.7921,0.8412,0.8412,0.4988,0.1825,0.5347,0.228,0.4965,0.6025,0.3453,0.102,0.102,0.6072,0.3238,0.1377,0.2028,0.6986,1.9206,0.3921,0.2153,0.759,0.4896
0.6611,0.7284,0.7284,0.239,0.0742,0.3639,0.1356,0.3253,0.406,0.3166,0.0552,0.0552,0.3936,0.1614,0.0758,0.1048,0.5417,1.3661,0.2089,0.1262,0.6243,0.3288
0.4855,0.5484,0.5484,0.0527,0.0125,0.1726,0.0576,0.1484,0.1996,0.3448,0.0096,0.0096,0.1656,0.0385,0.0177,0.0317,0.3674,0.7375,0.0589,0.0433,0.4419,0.1692
0.2779,0.336,0.336,0.0003,0,0.0381,0.0048,0.0272,0.0582,0.2238,0,0,0.0348,0,0,6.00E-04,0.167,0.2088,0,0.0018,0.2254,0.0432
0.0794,0.1236,0.1236,0,0,5.00E-04,0,0,0.0023,0.1422,0,0,0,0,0,0,0.0397,0.0156,0,0,0.0501,0
0.0064,0.0132,0.0132,0,0,0,0,0,0,0.0717,0,0,0,0,0,0,0,0.0001,0,0,4.00E-04,0
0,0,0,0,0,0,0,0,0,0.0049,0,0,0,0,0,0,0,0,0,0,0,0
0,0,0,0,0,0,0,0,0,0,0,0,0,0,0,0,0,0,0,0,0,0
0,0,0,0,0,0,0,0,0,0,0,0,0,0,0,0,0,0,0,0,0,0
0,0,0,0,0,0,0,0,0,0,0,0,0,0,0,0,0,0,0,0,0,0
0,0,0,0,0,0,0,0,0,0,0,0,0,0,0,0,0,0,0,0,0,0
0,0,0,0,0,0,0,0,0,0,0,0,0,0,0,0,0,0,0,0,0,0
0,0,0,0,0,0,0,0,0,0,0,0,0,0,0,0,0,0,0,0,0,0
0,0,0,0,0.0448,0,0.0072,0,4.00E-04,0,0.0168,0.0168,0,0.0288,0.0181,0.0177,0,0,0.0048,8.00E-04,0,0
0,0,0,0.0527,0.1486,0.0422,0.0828,0.0103,0.0404,0,0.096,0.096,0.0528,0.1567,0.0954,0.1061,0,0.0364,0.0996,0.0456,0,0.0012
0.0034,0,0,0.2453,0.2692,0.1885,0.2088,0.1201,0.1814,0.0011,0.2028,0.2028,0.2388,0.3658,0.2059,0.2421,0.0362,0.3115,0.2851,0.1725,0.0048,0.078
0.0662,0.0336,0.0336,0.504,0.3723,0.4093,0.3588,0.3178,0.3981,0.0396,0.3324,0.3324,0.4752,0.5661,0.334,0.3857,0.1898,0.8815,0.4718,0.3453,0.0727,0.2604
0.2483,0.1812,0.1812,0.7128,0.4314,0.613,0.5472,0.5152,0.5903,0.1251,0.4392,0.4392,0.6828,0.7219,0.4421,0.5006,0.421,1.4631,0.6073,0.5017,0.2745,0.4584
0.4327,0.4116,0.4116,0.8185,0.4562,0.7707,0.7392,0.6769,0.739,0.2762,0.51,0.51,0.8388,0.8163,0.5337,0.5843,0.6155,1.9679,0.6804,0.622,0.4909,0.6264
0.5891,0.6144,0.6144,0.8922,0.4164,0.8777,0.852,0.7874,0.8404,0.369,0.5448,0.5448,0.9384,0.8271,0.5861,0.6278,0.774,2.3478,0.6998,0.6783,0.6647,0.7452
0.7348,0.7668,0.7668,0.9787,0.3626,0.9286,0.882,0.8455,0.9031,0.3697,0.54,0.54,0.9816,0.8036,0.6015,0.6463,0.8846,2.5833,0.6787,0.7202,0.7848,0.8088
0.8279,0.8616,0.8616,1.0475,0.3082,0.93,0.894,0.8457,0.9211,0.3717,0.5244,0.5244,0.9708,0.7234,0.5579,0.5961,0.9161,2.6532,0.5682,0.7303,0.8552,0.8124
0.8561,0.9024,0.9024,1.013,0.2388,0.8728,0.8028,0.7912,0.8762,0.3984,0.4548,0.4548,0.9048,0.6044,0.4812,0.5217,0.8857,2.5687,0.4354,0.6588,0.8695,0.7656
0.8447,0.894,0.894,0.8634,0.1665,0.7645,0.678,0.6882,0.7732,0.4085,0.3444,0.3444,0.7836,0.4541,0.3596,0.4184,0.8605,2.3105,0.3122,0.5685,0.836,0.672
0.7614,0.834,0.834,0.6297,0.1029,0.6012,0.492,0.5207,0.6209,0.3352,0.2436,0.2436,0.6072,0.2836,0.2619,0.3075,0.7545,1.887,0.2057,0.4305,0.7533,0.522
0.6425,0.7212,0.7212,0.3071,0.0493,0.3966,0.2856,0.3318,0.423,0.3197,0.144,0.144,0.3876,0.1361,0.1474,0.1728,0.569,1.3438,0.1197,0.2777,0.6181,0.3612
0.51,0.5568,0.5568,0.0412,0.0089,0.1766,0.108,0.1504,0.2097,0.3567,0.0348,0.0348,0.156,0.0299,0.0367,0.0555,0.3717,0.7291,0.0282,0.1169,0.4352,0.1848
0.2909,0.3432,0.3432,0.0004,0,0.0401,0.012,0.0285,0.0605,0.2803,0,0,0.036,0,0,0.0027,0.1701,0.213,0,0.0125,0.2236,0.0456
0.0897,0.1236,0.1236,0,0,5.00E-04,0,0,0.0018,0.1711,0,0,0,0,0,0,0.0393,0.0152,0,0,0.0537,0
0.0085,0.0144,0.0144,0,0,0,0,0,0,0.0683,0,0,0,0,0,0,0,0,0,0,4.00E-04,0
0,0,0,0,0,0,0,0,0,0.0038,0,0,0,0,0,0,0,0,0,0,0,0
0,0,0,0,0,0,0,0,0,0,0,0,0,0,0,0,0,0,0,0,0,0
0,0,0,0,0,0,0,0,0,0,0,0,0,0,0,0,0,0,0,0,0,0
0,0,0,0,0,0,0,0,0,0,0,0,0,0,0,0,0,0,0,0,0,0
0,0,0,0,0,0,0,0,0,0,0,0,0,0,0,0,0,0,0,0,0,0
0,0,0,0,0,0,0,0,0,0,0,0,0,0,0,0,0,0,0,0,0,0
0,0,0,0,0.0021,0,0,0,0,0,0,0,0,0,0,0,0,0,0,0,0,0
0,0,0,0,0.0731,3.00E-04,0.0084,0,4.00E-04,0,0.048,0.048,0,0.0183,0.0394,0.0221,0,0,6.00E-04,3.00E-04,0,0
0,0,0,0.1168,0.2233,0.0422,0.0936,0.0124,0.0334,0,0.1728,0.1728,0.0552,0.0945,0.1639,0.128,0,0.0361,0.0491,0.0538,0,0.0012
0.0041,0,0,0.409,0.3536,0.1955,0.3096,0.1246,0.1661,0.0024,0.3312,0.3312,0.2376,0.173,0.3295,0.2979,0.0458,0.3119,0.1444,0.2116,0.0046,0.0744
0.0693,0.0348,0.0348,0.7225,0.4413,0.4143,0.5328,0.32,0.393,0.0369,0.3648,0.3648,0.4704,0.2436,0.4034,0.4684,0.1724,0.8941,0.2868,0.4243,0.0748,0.2652
0.2655,0.1824,0.1824,0.9691,0.5768,0.6138,0.7176,0.4726,0.5862,0.1262,0.5052,0.5052,0.672,0.3084,0.517,0.5886,0.3998,1.5019,0.4663,0.6116,0.2781,0.4716
0.4749,0.4152,0.4152,1.1031,0.6264,0.7663,0.8508,0.5708,0.7408,0.2358,0.5844,0.5844,0.8208,0.3287,0.5826,0.6688,0.6308,1.9991,0.6238,0.7529,0.4933,0.6408
0.6609,0.624,0.624,1.0722,0.6478,0.8654,0.9276,0.6079,0.8425,0.3576,0.5964,0.5964,0.9156,0.3454,0.5811,0.6962,0.7913,2.3352,0.7224,0.8447,0.6685,0.7608
0.8053,0.7776,0.7776,1.0994,0.5962,0.9102,0.9492,0.6341,0.8988,0.439,0.54,0.54,0.954,0.3439,0.5353,0.6676,0.8764,2.5291,0.7498,0.8812,0.7888,0.8232
0.885,0.8736,0.8736,0.9403,0.5706,0.9032,0.9192,0.6258,0.8948,0.4275,0.5172,0.5172,0.9384,0.3349,0.4682,0.5852,0.8473,2.5537,0.7291,0.8602,0.8569,0.8292
0.8969,0.9168,0.9168,0.7752,0.5042,0.8444,0.8388,0.5872,0.8428,0.4804,0.4476,0.4476,0.87,0.294,0.3641,0.4725,0.7887,2.4408,0.669,0.7943,0.8673,0.7884
0.8718,0.9072,0.9072,0.6658,0.4016,0.7349,0.7056,0.5195,0.7244,0.541,0.348,0.348,0.75,0.2255,0.2747,0.3751,0.6774,2.1812,0.5496,0.6743,0.8278,0.69
0.7863,0.8448,0.8448,0.508,0.2841,0.5736,0.522,0.4176,0.5508,0.5132,0.2316,0.2316,0.5796,0.1359,0.1722,0.2542,0.5585,1.7145,0.383,0.5051,0.7578,0.5556
0.6697,0.7308,0.7308,0.316,0.1385,0.3768,0.3048,0.2805,0.3345,0.4927,0.1176,0.1176,0.3708,0.0635,0.0792,0.1335,0.3797,1.1566,0.2052,0.3051,0.6186,0.3852
0.5076,0.564,0.564,0.0648,0.031,0.1714,0.0972,0.1323,0.1473,0.3817,0.0252,0.0252,0.1536,0.0124,0.0159,0.0412,0.238,0.6189,0.0625,0.1109,0.4347,0.1944
0.2957,0.348,0.348,0.0004,0,0.0461,0.0144,0.0267,0.043,0.2683,0,0,0.0372,0,0,0.004,0.0981,0.2042,0,0.0125,0.2242,0.0492
0.0925,0.126,0.126,0,0,5.00E-04,0,0,8.00E-04,0.1518,0,0,0,0,0,0,0.0168,0.0113,0,0,0.059,0
0.0101,0.0144,0.0144,0,0,0,0,0,0,0.0717,0,0,0,0,0,0,0,0.0001,0,0,4.00E-04,0
0,0,0,0,0,0,0,0,0,0.0049,0,0,0,0,0,0,0,0,0,0,0,0
0,0,0,0,0,0,0,0,0,0,0,0,0,0,0,0,0,0,0,0,0,0
0,0,0,0,0,0,0,0,0,0,0,0,0,0,0,0,0,0,0,0,0,0
0,0,0,0,0,0,0,0,0,0,0,0,0,0,0,0,0,0,0,0,0,0
0,0,0,0,0,0,0,0,0,0,0,0,0,0,0,0,0,0,0,0,0,0
0,0,0,0,0,0,0,0,0,0,0,0,0,0,0,0,0,0,0,0,0,0
0,0,0,0,0.0029,0,0,0,0,0,0,0,0,0,0,0,0,0,0,0,0,0
0,0,0,0,0.0726,7.00E-04,0.0096,0,4.00E-04,0,0.0468,0.0468,0.0012,0.0231,0.042,0.025,0,0,0.0048,8.00E-04,0,0
0,0,0,0.1096,0.2363,0.0424,0.0984,0.0127,0.0311,0,0.1572,0.1572,0.0564,0.1359,0.162,0.134,0,0.0272,0.0942,0.0562,0,0.0012
0.0036,0,0,0.3497,0.4245,0.1946,0.2916,0.1201,0.1423,0.0025,0.3012,0.3012,0.234,0.3049,0.333,0.325,0.0457,0.2595,0.2568,0.2241,0.005,0.0768
0.0711,0.036,0.036,0.568,0.5958,0.3917,0.4992,0.3137,0.3,0.0291,0.4404,0.4404,0.4584,0.4841,0.493,0.5129,0.1994,0.6706,0.4127,0.4402,0.0789,0.246
0.272,0.1836,0.1836,0.8099,0.7141,0.5575,0.672,0.5166,0.4532,0.0961,0.5448,0.5448,0.6516,0.6335,0.6031,0.6517,0.4369,1.1377,0.5889,0.6301,0.275,0.4572
0.5009,0.4164,0.4164,1.0364,0.7781,0.6834,0.7992,0.676,0.5283,0.1909,0.6036,0.6036,0.7968,0.7479,0.6819,0.7547,0.637,1.5628,0.7184,0.7693,0.4891,0.63
0.6871,0.624,0.624,1.2072,0.7808,0.7841,0.8748,0.7834,0.5707,0.307,0.6048,0.6048,0.8892,0.8027,0.7144,0.8138,0.7654,1.9726,0.8046,0.8542,0.6654,0.7476
0.8096,0.7764,0.7764,1.2984,0.7445,0.8342,0.8988,0.8378,0.5786,0.3922,0.5676,0.5676,0.9276,0.8079,0.6946,0.8202,0.8848,2.2508,0.835,0.8867,0.7893,0.8136
0.874,0.8724,0.8724,1.2983,0.6531,0.8365,0.8628,0.8388,0.5673,0.5097,0.5424,0.5424,0.9132,0.7367,0.6556,0.7832,0.9672,2.3711,0.7904,0.8648,0.8593,0.8256
0.9003,0.9156,0.9156,1.2188,0.5507,0.7792,0.7788,0.7913,0.5248,0.5969,0.4968,0.4968,0.8484,0.6218,0.5886,0.7041,0.9865,2.3245,0.7034,0.7955,0.8751,0.7908
0.8968,0.9072,0.9072,0.9957,0.4237,0.6604,0.63,0.6918,0.466,0.6525,0.408,0.408,0.7308,0.4706,0.4794,0.5762,0.9319,2.0787,0.5576,0.675,0.8409,0.7044
0.832,0.846,0.846,0.6956,0.2566,0.4893,0.4464,0.5376,0.4317,0.638,0.2928,0.2928,0.5616,0.2952,0.3353,0.3971,0.8182,1.6788,0.369,0.5047,0.7583,0.5688
0.7056,0.732,0.732,0.359,0.1159,0.3227,0.264,0.3495,0.3062,0.5331,0.1524,0.1524,0.3528,0.1612,0.17,0.2121,0.6498,1.2136,0.1908,0.3055,0.6242,0.3888
0.5229,0.564,0.564,0.0816,0.0249,0.1538,0.102,0.1524,0.2139,0.3832,0.0408,0.0408,0.15,0.0404,0.0469,0.0687,0.4278,0.6971,0.0546,0.1103,0.4414,0.1932
0.3016,0.3504,0.3504,0.0005,0,0.0433,0.0132,0.0291,0.0648,0.2384,0,0,0.0324,0,0,0.0045,0.1813,0.2349,0,0.0151,0.2284,0.0504
0.0853,0.1296,0.1296,0,0,5.00E-04,0,0,0.0031,0.1229,0,0,0,0,0,0,0.0385,0.0181,0,0,0.0575,0
0.0091,0.0156,0.0156,0,0,0,0,0,0,0.0435,0,0,0,0,0,0,0,0.0001,0,0,4.00E-04,0
0,0,0,0,0,0,0,0,0,0.0016,0,0,0,0,0,0,0,0,0,0,0,0
0,0,0,0,0,0,0,0,0,0,0,0,0,0,0,0,0,0,0,0,0,0
0,0,0,0,0,0,0,0,0,0,0,0,0,0,0,0,0,0,0,0,0,0
0,0,0,0,0,0,0,0,0,0,0,0,0,0,0,0,0,0,0,0,0,0
0,0,0,0,0,0,0,0,0,0,0,0,0,0,0,0,0,0,0,0,0,0
0,0,0,0,0,0,0,0,0,0,0,0,0,0,0,0,0,0,0,0,0,0
0,0,0,0,0.0031,0,0,0,0,0,0,0,0,0,0,0,0,0,0,0,0,0
0,0,0,0,0.0725,4.00E-04,0.0084,0,4.00E-04,0,0.0468,0.0468,0.0012,0.0186,0.0347,0.0161,0,0,0.0048,7.00E-04,0,0
0,0,0,0.1334,0.2161,0.037,0.0708,0.0118,0.0453,0,0.1596,0.1596,0.0612,0.1073,0.1406,0.109,0,0.0413,0.0924,0.0565,0,0
0.0034,0,0,0.4778,0.389,0.1621,0.102,0.1169,0.1857,0.0014,0.3108,0.3108,0.2316,0.2421,0.2921,0.259,0.0433,0.3254,0.2749,0.1958,0.005,0.0696
0.065,0.0384,0.0384,0.8547,0.525,0.3243,0.2088,0.3012,0.3896,0.0435,0.5088,0.5088,0.45,0.3819,0.4761,0.4094,0.1957,0.7817,0.4729,0.3722,0.0774,0.2184
0.2654,0.1812,0.1812,1.1699,0.6089,0.4743,0.4872,0.5002,0.5773,0.1636,0.7044,0.7044,0.6468,0.4986,0.6652,0.5559,0.4333,1.25,0.6439,0.5421,0.278,0.4164
0.4933,0.4044,0.4044,1.3964,0.6656,0.6098,0.7536,0.6676,0.7234,0.3996,0.8088,0.8088,0.7944,0.6011,0.7834,0.6638,0.6516,1.6488,0.7638,0.6759,0.4967,0.6144
0.6828,0.6156,0.6156,1.5197,0.6958,0.7184,0.8484,0.7752,0.783,0.6149,0.8592,0.8592,0.888,0.6328,0.8418,0.7212,0.8108,1.7995,0.8298,0.7617,0.6759,0.7356
0.8223,0.7872,0.7872,1.5469,0.7028,0.7569,0.8712,0.828,0.7787,0.7767,0.8472,0.8472,0.9276,0.6267,0.8378,0.7311,0.9075,1.8472,0.8389,0.8054,0.801,0.7932
0.9087,0.8964,0.8964,1.4657,0.6597,0.741,0.858,0.8025,0.6617,0.8947,0.7824,0.7824,0.918,0.6237,0.7839,0.7,0.953,1.8701,0.7957,0.7986,0.8711,0.7896
0.9509,0.9492,0.9492,1.3055,0.5737,0.6984,0.7908,0.7545,0.555,0.9453,0.6864,0.6864,0.852,0.5867,0.6875,0.6266,0.9427,1.8324,0.7077,0.7288,0.8868,0.744
0.9258,0.9396,0.9396,1.0421,0.4479,0.6024,0.6636,0.6604,0.5129,0.9362,0.5388,0.5388,0.7344,0.4868,0.5427,0.5186,0.884,1.6742,0.5757,0.614,0.8501,0.6636
0.8405,0.876,0.876,0.7042,0.2948,0.4562,0.4932,0.5252,0.4431,0.8571,0.3468,0.3468,0.5664,0.3343,0.3519,0.3571,0.7722,1.3825,0.4034,0.4566,0.7664,0.5448
0.7095,0.7656,0.7656,0.3513,0.1442,0.3058,0.2964,0.3443,0.3333,0.7604,0.168,0.168,0.3624,0.1695,0.1762,0.1886,0.6089,1.0312,0.2114,0.2776,0.6267,0.3792
0.5285,0.594,0.594,0.0791,0.0352,0.1536,0.108,0.1516,0.1671,0.5922,0.0444,0.0444,0.1572,0.0454,0.0489,0.0606,0.3992,0.608,0.0595,0.1112,0.4397,0.1812
0.3108,0.3684,0.3684,0.0005,0,0.0406,0.018,0.0295,0.06,0.3987,0,0,0.0444,0,0,0.0027,0.1753,0.1988,0,0.0124,0.2286,0.0408
0.0997,0.1296,0.1296,0,0,0,0,0,0.0019,0.2183,0,0,0,0,0,0,0.0409,1.22E-02,0,0,0.0618,0
0.011,0.0144,0.0144,0,0,0,0,0,0,0.074,0,0,0,0,0,0,0,0,0,0,0.0014,0
0,0,0,0,0,0,0,0,0,0.0066,0,0,0,0,0,0,0,0,0,0,0,0
0,0,0,0,0,0,0,0,0,0,0,0,0,0,0,0,0,0,0,0,0,0
0,0,0,0,0,0,0,0,0,0,0,0,0,0,0,0,0,0,0,0,0,0
0,0,0,0,0,0,0,0,0,0,0,0,0,0,0,0,0,0,0,0,0,0
0,0,0,0,0,0,0,0,0,0,0,0,0,0,0,0,0,0,0,0,0,0
0,0,0,0,0,0,0,0,0,0,0,0,0,0,0,0,0,0,0,0,0,0
0,0,0,0,0.0029,0,0,0,0,0,0,0,0,0,0,0,0,0,0,0,0,0
0,0,0,0,0.0709,0,0.0096,0,4.00E-04,0,0.0528,0.0528,0,0.0311,0.0423,0.0231,0,0,0.0054,0.001,0,0
0,0,0,0.1357,0.219,0.0364,0.1068,0.0127,0.0263,0,0.1896,0.1896,0.048,0.1553,0.1723,0.1331,0,0.024,0.0936,0.0601,0,0
0.0042,0,0,0.4801,0.3965,0.1366,0.2688,0.1164,0.0941,0.0015,0.3552,0.3552,0.1512,0.3626,0.3456,0.3098,0.0457,0.2293,0.2777,0.2155,0.0048,0.0612
0.0735,0.0384,0.0384,0.8712,0.5757,0.2706,0.438,0.2875,0.1933,0.0478,0.5364,0.5364,0.2508,0.5627,0.5296,0.4983,0.192,0.5989,0.4769,0.4167,0.0779,0.186
0.2577,0.1872,0.1872,1.2006,0.7001,0.4168,0.6468,0.4578,0.2257,0.1647,0.684,0.684,0.366,0.7181,0.6794,0.6544,0.4208,1.046,0.6448,0.5943,0.2835,0.33
0.4318,0.426,0.426,1.422,0.8044,0.5439,0.6984,0.5962,0.325,0.3606,0.7968,0.7968,0.5004,0.8266,0.7922,0.7681,0.6252,1.4435,0.7654,0.7304,0.5138,0.486
0.5732,0.6396,0.6396,1.5429,0.7895,0.6365,0.732,0.7028,0.3615,0.6143,0.8232,0.8232,0.6048,0.8788,0.8278,0.819,0.778,1.7065,0.829,0.815,0.7061,0.6168
0.646,0.8016,0.8016,1.5511,0.6777,0.7316,0.6996,0.7648,0.5175,0.7814,0.7848,0.7848,0.6864,0.8804,0.8022,0.8115,0.8763,1.9315,0.8398,0.8482,0.8441,0.7068
0.6742,0.9048,0.9048,1.4681,0.5911,0.7049,0.564,0.7847,0.6179,0.8794,0.708,0.708,0.6888,0.8284,0.729,0.7524,0.9241,1.8211,0.7898,0.8276,0.9196,0.7572
0.707,0.9492,0.9492,1.2699,0.5506,0.5361,0.354,0.7489,0.5778,0.8974,0.5844,0.5844,0.5484,0.7276,0.6079,0.649,0.9226,1.4946,0.7065,0.7599,0.9411,0.7488
0.7805,0.9396,0.9396,0.9592,0.4186,0.4257,0.2424,0.6565,0.5196,0.8241,0.4344,0.4344,0.4128,0.5768,0.4648,0.5148,0.872,1.2997,0.5747,0.6443,0.9064,0.672
0.7375,0.876,0.876,0.6614,0.276,0.2918,0.246,0.4988,0.3627,0.746,0.264,0.264,0.2148,0.3818,0.3008,0.3473,0.7685,1.1241,0.4039,0.4838,0.8162,0.5424
0.6481,0.756,0.756,0.318,0.1371,0.1717,0.1884,0.327,0.1765,0.6667,0.126,0.126,0.0828,0.1786,0.1489,0.189,0.6148,0.9086,0.2113,0.2916,0.6725,0.372
0.5103,0.5796,0.5796,0.0696,0.0344,0.0782,0.0984,0.1503,0.0856,0.4917,0.0276,0.0276,0.0324,0.0455,0.0382,0.0633,0.4075,0.5605,0.0607,0.1121,0.4764,0.1872
0.2956,0.3588,0.3588,0.0005,0,0.0177,0.0132,0.0291,0.0306,0.3728,0,0,0.006,0,0,0.0036,0.174,0.1921,0,0.0151,0.2433,0.0444
0.0901,0.132,0.132,0,0,0,0,0,1.00E-04,0.2002,0,0,0,0,0,0,0.0397,0.014,0,0,0.05,0
0.0078,0.0156,0.0156,0,0,0,0,0,0,0.0694,0,0,0,0,0,0,0,0,0,0,0.0014,0
0,0,0,0,0,0,0,0,0,0.0071,0,0,0,0,0,0,0,0,0,0,0,0
0,0,0,0,0,0,0,0,0,0,0,0,0,0,0,0,0,0,0,0,0,0
0,0,0,0,0,0,0,0,0,0,0,0,0,0,0,0,0,0,0,0,0,0
0,0,0,0,0,0,0,0,0,0,0,0,0,0,0,0,0,0,0,0,0,0
0,0,0,0,0,0,0,0,0,0,0,0,0,0,0,0,0,0,0,0,0,0
0,0,0,0,0,0,0,0,0,0,0,0,0,0,0,0,0,0,0,0,0,0
0,0,0,0,0.0032,0,0,0,0,0,0,0,0,0,0,0,0,0,0,0,0,0
0,0,0,0,0.0758,0,0.0108,0,1.00E-04,0,0.0312,0.0312,0,0.0323,0.0301,0.022,0,0,0.006,0.001,0,0
0,0,0,0.1286,0.2284,0.0294,0.0984,0.0121,0.0321,0,0.0864,0.0864,0.0264,0.1553,0.112,0.1206,0,0.0426,0.0948,0.0598,0,0.0012
0.0038,0,0,0.4801,0.4058,0.1238,0.2556,0.1112,0.1372,0.0018,0.1572,0.1572,0.1044,0.3566,0.2299,0.2733,0.0361,0.3144,0.2732,0.2042,0.006,0.0732
0.0698,0.0384,0.0384,0.8804,0.5402,0.2686,0.4392,0.2811,0.3004,0.0442,0.2112,0.2112,0.2124,0.5514,0.35,0.4472,0.2006,0.8256,0.4482,0.3893,0.0727,0.2628
0.2304,0.186,0.186,1.2189,0.5825,0.396,0.612,0.4569,0.455,0.1428,0.2712,0.2712,0.2592,0.7069,0.4732,0.5987,0.4573,1.3894,0.5949,0.5661,0.2924,0.4692
0.404,0.42,0.42,1.4593,0.6373,0.5195,0.7416,0.6032,0.5918,0.3012,0.438,0.438,0.354,0.8129,0.6325,0.7174,0.6781,1.8729,0.7077,0.7077,0.5219,0.6408
0.5579,0.63,0.63,1.5965,0.7028,0.6638,0.8028,0.7174,0.7267,0.4345,0.5724,0.5724,0.582,0.8625,0.6955,0.7722,0.8425,2.2101,0.773,0.7991,0.7085,0.7596
0.6818,0.7836,0.7836,1.6257,0.7311,0.766,0.7524,0.7903,0.78,0.574,0.624,0.624,0.7788,0.842,0.68,0.7718,0.948,2.4213,0.7813,0.8215,0.8382,0.8256
0.7921,0.882,0.882,1.552,0.703,0.7937,0.6636,0.7908,0.821,0.6875,0.4776,0.4776,0.8124,0.7867,0.5738,0.7214,0.9959,2.4774,0.756,0.7911,0.9102,0.8412
0.8431,0.9252,0.9252,1.3682,0.5905,0.752,0.5508,0.7459,0.7881,0.7513,0.306,0.306,0.7716,0.6889,0.4522,0.6303,0.9908,2.3549,0.6791,0.7066,0.926,0.8064
0.8392,0.9168,0.9168,1.0858,0.4432,0.6519,0.414,0.6504,0.6781,0.7486,0.1692,0.1692,0.6732,0.5491,0.3273,0.4907,0.9154,2.0574,0.5542,0.5852,0.8907,0.7224
0.7712,0.8544,0.8544,0.7266,0.2768,0.4957,0.2964,0.5024,0.5226,0.6639,0.144,0.144,0.5256,0.3523,0.2539,0.3176,0.7564,1.5677,0.3799,0.4266,0.8025,0.5868
0.6514,0.738,0.738,0.3509,0.1281,0.3374,0.192,0.3314,0.3365,0.5051,0.0888,0.0888,0.3444,0.1729,0.1375,0.1624,0.5507,1.0782,0.1968,0.2539,0.6602,0.4056
0.4923,0.5676,0.5676,0.0813,0.0275,0.1695,0.066,0.1512,0.1586,0.4165,0.0252,0.0252,0.1632,0.0453,0.0378,0.0527,0.3254,0.6007,0.0583,0.1045,0.4664,0.1968
0.2942,0.3528,0.3528,0.0005,0,0.0453,0.0096,0.0276,0.0457,0.2844,0,0,0.0432,0,0,0.0024,0.1677,0.2096,0,0.013,0.2394,0.048
0.0941,0.1284,0.1284,0,0,5.00E-04,0,0,6.00E-04,0.1476,0,0,0,0,0,0,0.0468,0.0156,0,0,0.0508,0
0.011,0.0156,0.0156,0,0,0,0,0,0,0.0584,0,0,0,0,0,0,0,0,0,0,0.0014,0
0,0,0,0,0,0,0,0,0,0.0049,0,0,0,0,0,0,0,0,0,0,0,0
0,0,0,0,0,0,0,0,0,0,0,0,0,0,0,0,0,0,0,0,0,0
0,0,0,0,0,0,0,0,0,0,0,0,0,0,0,0,0,0,0,0,0,0
0,0,0,0,0,0,0,0,0,0,0,0,0,0,0,0,0,0,0,0,0,0
0,0,0,0,0,0,0,0,0,0,0,0,0,0,0,0,0,0,0,0,0,0
0,0,0,0,0,0,0,0,0,0,0,0,0,0,0,0,0,0,0,0,0,0
0,0,0,0,0.001,0,0,0,0,0,0,0,0,0,0,0,0,0,0,0,0,0
0,0,0,0,0.0524,3.00E-04,0.012,0,5.00E-04,0,0.0432,0.0432,0,0.0323,0.0396,0.0254,0,0,0.003,0.0014,0,0
0,0,0,0.1357,0.1853,0.0413,0.1032,0.0141,0.0372,0,0.1764,0.1764,0.042,0.1529,0.1651,0.1328,0,0.042,0.0622,0.06,1.00E-04,0.0024
0.0063,0,0,0.4658,0.3713,0.1643,0.264,0.1149,0.1541,0.0011,0.372,0.372,0.1584,0.3497,0.3572,0.3148,0.0397,0.3171,0.1886,0.2002,0.0058,0.0732
0.0692,0.0372,0.0372,0.8376,0.5341,0.3555,0.4584,0.2925,0.3659,0.0471,0.5508,0.5508,0.3516,0.5423,0.5337,0.4948,0.1995,0.8839,0.3334,0.367,0.0702,0.2616
0.2765,0.1824,0.1824,1.1546,0.6894,0.5479,0.6348,0.4781,0.5565,0.1662,0.6888,0.6888,0.5556,0.6975,0.6735,0.6436,0.4478,1.5036,0.4664,0.5074,0.2905,0.4668
0.5087,0.414,0.414,1.4023,0.765,0.6936,0.75,0.6323,0.6867,0.3584,0.7968,0.7968,0.696,0.7996,0.7762,0.7378,0.6685,2.0249,0.5531,0.6117,0.5165,0.6384
0.7017,0.6156,0.6156,1.5706,0.8209,0.7595,0.7968,0.7409,0.7811,0.5287,0.8376,0.8376,0.6876,0.8444,0.81,0.7839,0.8305,2.3897,0.6082,0.6943,0.6984,0.756
0.8432,0.7692,0.7692,1.6093,0.7979,0.7584,0.7632,0.7938,0.8528,0.6122,0.8244,0.8244,0.5796,0.8363,0.7902,0.7735,0.9336,2.5941,0.6183,0.7706,0.8246,0.8196
0.9256,0.87,0.87,1.5396,0.7028,0.7542,0.5592,0.7881,0.868,0.6557,0.7476,0.7476,0.5664,0.7831,0.7116,0.7047,0.9803,2.6532,0.5959,0.7718,0.8934,0.8316
0.955,0.9144,0.9144,1.3625,0.5841,0.7269,0.3936,0.7379,0.7676,0.7146,0.6288,0.6288,0.5868,0.6856,0.5994,0.6154,0.9731,2.5527,0.5391,0.7112,0.9102,0.7944
0.931,0.9072,0.9072,1.0857,0.4399,0.6406,0.3384,0.6397,0.6352,0.6942,0.4728,0.4728,0.5244,0.5416,0.4566,0.4869,0.9132,2.3028,0.4463,0.6018,0.8772,0.7092
0.8478,0.8484,0.8484,0.734,0.274,0.4895,0.2664,0.5022,0.5384,0.6788,0.2976,0.2976,0.36,0.3567,0.2955,0.317,0.8002,1.9002,0.3204,0.4453,0.7944,0.576
0.7161,0.7332,0.7332,0.346,0.1174,0.3206,0.198,0.3299,0.3886,0.5847,0.138,0.138,0.2148,0.1741,0.1443,0.1627,0.6346,1.362,0.1818,0.2801,0.6553,0.3948
0.5319,0.5652,0.5652,0.0599,0.0185,0.165,0.1044,0.1524,0.2162,0.4967,0.03,0.03,0.1272,0.0455,0.0355,0.0519,0.4198,0.7505,0.0548,0.1142,0.4638,0.1932
0.308,0.3528,0.3528,0.0005,0,0.0417,0.0144,0.0312,0.0609,0.3544,0,0,0.0288,1.00E-04,0,0.0033,0.1801,0.2207,6.00E-04,0.0166,0.2369,0.0504
0.0886,0.126,0.126,0,0,9.00E-04,0,0,0.0043,0.1977,0,0,0,0,0,0,0.0421,0.02,0,0,0.0481,0
0.0113,0.0156,0.0156,0,0,0,0,0,0,0.0767,0,0,0,0,0,0,0,0.0002,0,0,0.0014,0
0,0,0,0,0,0,0,0,0,0.0071,0,0,0,0,0,0,0,0,0,0,0,0
0,0,0,0,0,0,0,0,0,0,0,0,0,0,0,0,0,0,0,0,0,0
0,0,0,0,0,0,0,0,0,0,0,0,0,0,0,0,0,0,0,0,0,0
0,0,0,0,0,0,0,0,0,0,0,0,0,0,0,0,0,0,0,0,0,0
0,0,0,0,0,0,0,0,0,0,0,0,0,0,0,0,0,0,0,0,0,0
0,0,0,0,0,0,0,0,0,0,0,0,0,0,0,0,0,0,0,0,0,0
0,0,0,0,7.00E-04,0,0,0,0,0,0,0,0,0,0,0,0,0,0,0,0,0
0,0,0,0,0.0473,4.00E-04,0.0012,0,7.00E-04,0,0.048,0.048,0.0012,0.0323,0.043,0.0264,0,0,0.0036,0.0011,0,0
0,0,0,0.0882,0.1398,0.0329,0.0276,0.0135,0.0461,0,0.1656,0.1656,0.0612,0.1535,0.1619,0.1321,0,0.0485,0.0671,0.0502,1.00E-04,0.0024
0.0063,0,0,0.3306,0.2517,0.1397,0.0816,0.1122,0.1839,0.0027,0.3096,0.3096,0.2364,0.3487,0.3222,0.2912,0.0421,0.3151,0.1771,0.1551,0.0059,0.0768
0.0667,0.0372,0.0372,0.6695,0.3627,0.3121,0.1572,0.2763,0.3956,0.0308,0.4416,0.4416,0.4392,0.5358,0.4704,0.4246,0.1983,0.8963,0.2923,0.279,0.0669,0.2544
0.2742,0.1824,0.1824,0.9988,0.4651,0.4586,0.228,0.4363,0.6015,0.1236,0.5496,0.5496,0.57,0.6889,0.5904,0.5337,0.4418,1.4969,0.3771,0.4237,0.2878,0.4608
0.5025,0.4128,0.4128,1.256,0.5026,0.5956,0.4116,0.5817,0.7561,0.2318,0.6336,0.6336,0.7008,0.7937,0.6814,0.615,0.6565,1.9981,0.4226,0.506,0.5129,0.6264
0.6919,0.6144,0.6144,1.3437,0.4711,0.6826,0.4224,0.6947,0.8447,0.3251,0.6456,0.6456,0.7944,0.8442,0.7129,0.6431,0.8149,2.3599,0.433,0.4547,0.6911,0.7404
0.8273,0.7668,0.7668,1.3567,0.4119,0.7273,0.528,0.7645,0.9104,0.3923,0.594,0.594,0.87,0.835,0.6871,0.6235,0.9157,2.5752,0.4323,0.3712,0.8139,0.8028
0.9075,0.87,0.87,1.3096,0.3362,0.7585,0.51,0.7813,0.8914,0.4974,0.582,0.582,0.906,0.7707,0.6632,0.5847,0.961,2.6234,0.4109,0.3518,0.8812,0.8064
0.9334,0.9144,0.9144,1.1352,0.2835,0.7588,0.5376,0.7363,0.8193,0.6606,0.5784,0.5784,0.846,0.6589,0.6247,0.5296,0.9536,2.5153,0.3706,0.4051,0.8968,0.7632
0.9081,0.9072,0.9072,0.8505,0.2256,0.7122,0.378,0.6452,0.6882,0.7444,0.4776,0.4776,0.732,0.5087,0.5074,0.4605,0.8958,2.2574,0.2899,0.4148,0.863,0.6744
0.8306,0.8472,0.8472,0.5574,0.1532,0.5733,0.2364,0.5035,0.5888,0.6968,0.3204,0.3204,0.5688,0.331,0.3467,0.3258,0.784,1.8697,0.1941,0.3019,0.7761,0.5364
0.6994,0.7332,0.7332,0.278,0.0826,0.382,0.1512,0.3348,0.4086,0.559,0.1608,0.1608,0.3708,0.1673,0.1756,0.1732,0.5908,1.3461,0.108,0.1981,0.6386,0.3696
0.5171,0.5652,0.5652,0.0555,0.0193,0.1819,0.1032,0.1557,0.1976,0.4492,0.042,0.042,0.1608,0.045,0.0481,0.0611,0.3433,0.7361,0.0357,0.0864,0.4511,0.1884
0.2991,0.3516,0.3516,0.0006,0,0.0482,0.0204,0.0331,0.0677,0.3228,0,0,0.0432,0,0,0.0034,0.1763,0.2371,0,0.0116,0.2324,0.0516
0.0861,0.1284,0.1284,0,0,9.00E-04,0,0,0.0034,0.1398,0,0,0,0,0,0,0.048,0.0206,0,0,0.0526,0
0.01,0.0156,0.0156,0,0,0,0,0,0,0.0461,0,0,0,0,0,0,0,0,0,0,0.0014,0
0,0,0,0,0,0,0,0,0,0.0033,0,0,0,0,0,0,0,0,0,0,0,0
0,0,0,0,0,0,0,0,0,0,0,0,0,0,0,0,0,0,0,0,0,0
0,0,0,0,0,0,0,0,0,0,0,0,0,0,0,0,0,0,0,0,0,0
0,0,0,0,0,0,0,0,0,0,0,0,0,0,0,0,0,0,0,0,0,0
0,0,0,0,0,0,0,0,0,0,0,0,0,0,0,0,0,0,0,0,0,0
0,0,0,0,0,0,0,0,0,0,0,0,0,0,0,0,0,0,0,0,0,0
0,0,0,0,0.001,0,0,0,0,0,0,0,0,0,0,0,0,0,0,0,0,0
0,0,0,0,0.036,0.0015,0.018,0,9.00E-04,0,0.0168,0.0168,0.0024,0.0163,0.0129,0.0086,0,0,0.0048,0.0011,0,0
0,0,0,0.1216,0.1039,0.0495,0.1068,0.0172,0.0529,0,0.0696,0.0696,0.0648,0.08,0.0573,0.0636,0,0.0551,0.0942,0.0609,1.00E-04,0.0024
0.0069,0,0,0.4422,0.2108,0.198,0.3108,0.1222,0.1817,0.0011,0.1284,0.1284,0.234,0.1548,0.1154,0.1756,0.0446,0.3411,0.2671,0.2273,0.0061,0.078
0.0697,0.0396,0.0396,0.8374,0.2644,0.4104,0.5208,0.3011,0.3897,0.0558,0.1608,0.1608,0.4428,0.244,0.1822,0.3093,0.198,0.9058,0.4532,0.4384,0.0732,0.258
0.2684,0.1812,0.1812,1.187,0.3402,0.606,0.6972,0.4776,0.5947,0.1869,0.2544,0.2544,0.6324,0.3339,0.2897,0.4448,0.4319,1.4965,0.6181,0.6193,0.2827,0.4524
0.4861,0.4044,0.4044,1.4384,0.4259,0.7555,0.8172,0.618,0.7474,0.3365,0.3588,0.3588,0.7692,0.3604,0.4147,0.5691,0.6279,2.0072,0.7348,0.7486,0.5004,0.6216
0.6653,0.606,0.606,1.5798,0.3683,0.8283,0.7332,0.7074,0.7747,0.4581,0.384,0.384,0.7848,0.3034,0.4813,0.6554,0.7896,2.354,0.787,0.8124,0.6741,0.732
0.7992,0.7572,0.7572,1.621,0.3735,0.862,0.7488,0.7452,0.7779,0.5413,0.3564,0.3564,0.7872,0.2914,0.5018,0.7007,0.8983,2.5102,0.8076,0.807,0.7964,0.7848
0.8806,0.858,0.858,1.5426,0.3647,0.8526,0.6468,0.7501,0.7274,0.6013,0.348,0.348,0.804,0.2754,0.505,0.6898,0.9423,2.4474,0.7922,0.7331,0.8585,0.7884
0.8992,0.9,0.9,1.359,0.3108,0.7625,0.462,0.7089,0.6797,0.684,0.3684,0.3684,0.804,0.2384,0.4944,0.6264,0.9324,2.1704,0.7216,0.6479,0.8739,0.7464
0.8548,0.8916,0.8916,1.0698,0.2592,0.639,0.3132,0.6307,0.6072,0.6706,0.3444,0.3444,0.7116,0.1818,0.4253,0.5237,0.8674,1.824,0.5831,0.5794,0.8412,0.6612
0.7644,0.8316,0.8316,0.6947,0.2085,0.5108,0.2532,0.5049,0.397,0.6321,0.2544,0.2544,0.5688,0.1183,0.3007,0.376,0.6416,1.5183,0.3984,0.4406,0.7672,0.534
0.6477,0.72,0.72,0.331,0.1201,0.3589,0.1944,0.3288,0.2152,0.5813,0.1392,0.1392,0.384,0.0581,0.1626,0.2117,0.3808,1.0205,0.2139,0.281,0.6333,0.372
0.4867,0.5544,0.5544,0.0715,0.0308,0.1728,0.1056,0.1412,0.1386,0.4418,0.0396,0.0396,0.1536,0.0157,0.049,0.0694,0.262,0.4858,0.0601,0.1178,0.4483,0.1908
0.2963,0.3432,0.3432,0.0005,0,0.0558,0.0192,0.0296,0.0379,0.2856,0,0,0.0492,1.00E-04,0,0.0053,0.1681,0.1669,6.00E-04,0.0198,0.2307,0.054
0.0908,0.1296,0.1296,0,0,9.00E-04,0,0,3.00E-04,0.1436,0,0,0,0,0,0,0.0491,0.0106,0,0,0.0533,0
0.0118,0.0252,0.0252,0,0,0,0,0,0,0.0355,0,0,0,0,0,0,0,0.0002,0,0,0.0017,0
0,0,0,0,0,0,0,0,0,0.0027,0,0,0,0,0,0,0,0,0,0,0,0
0,0,0,0,0,0,0,0,0,0,0,0,0,0,0,0,0,0,0,0,0,0
0,0,0,0,0,0,0,0,0,0,0,0,0,0,0,0,0,0,0,0,0,0
0,0,0,0,0,0,0,0,0,0,0,0,0,0,0,0,0,0,0,0,0,0
0,0,0,0,0,0,0,0,0,0,0,0,0,0,0,0,0,0,0,0,0,0
0,0,0,0,0,0,0,0,0,0,0,0,0,0,0,0,0,0,0,0,0,0
0,0,0,0,0.0031,0,0,0,0,0,0,0,0,0,0,0,0,0,0,0,0,0
0,0,0,0,0.0649,7.00E-04,0.0132,0,1.00E-04,0,0.0564,0.0564,0,0.0346,0.0475,0.0288,0,0,0.0066,0.0015,0,0
0,0,0,0.0599,0.1835,0.0333,0.1056,0.0154,0.021,0,0.204,0.204,0.018,0.1578,0.1841,0.1391,0,0.0379,0.0954,0.0659,0,0.0012
0.0064,0,0,0.1861,0.3677,0.125,0.2688,0.122,0.1073,0.0027,0.4212,0.4212,0.06,0.361,0.3891,0.3332,0.0505,0.29,0.2844,0.2319,0.0064,0.0768
0.069,0.0396,0.0396,0.2942,0.5855,0.2323,0.4212,0.2876,0.256,0.0376,0.6192,0.6192,0.1212,0.5554,0.5851,0.5313,0.1958,0.6532,0.4824,0.4346,0.0738,0.2352
0.2675,0.1812,0.1812,0.4194,0.7551,0.3688,0.6192,0.4438,0.4022,0.1275,0.774,0.774,0.2064,0.7108,0.7496,0.7048,0.4256,1.168,0.6504,0.609,0.2771,0.4284
0.4888,0.3948,0.3948,0.521,0.8567,0.5205,0.7356,0.5402,0.4875,0.2411,0.8736,0.8736,0.3696,0.8171,0.855,0.8204,0.6355,1.6943,0.7704,0.7381,0.4897,0.5832
0.673,0.5904,0.5904,0.5716,0.8971,0.5909,0.8184,0.5976,0.5139,0.3095,0.918,0.918,0.42,0.8695,0.9049,0.8805,0.7937,1.9057,0.8376,0.8131,0.6608,0.6888
0.8062,0.7344,0.7344,0.5852,0.8793,0.5693,0.9012,0.6327,0.4642,0.4319,0.9108,0.9108,0.2952,0.8645,0.9021,0.8835,0.879,2.0533,0.8526,0.8411,0.7789,0.7404
0.8834,0.8376,0.8376,0.5737,0.8264,0.5605,0.7104,0.6207,0.4616,0.5298,0.8532,0.8532,0.2784,0.8137,0.8501,0.8387,0.8984,2.1346,0.816,0.8054,0.8463,0.7428
0.9083,0.8808,0.8808,0.4847,0.7023,0.4983,0.4152,0.5637,0.4356,0.5668,0.7428,0.7428,0.2304,0.6824,0.7448,0.7413,0.8431,2.0841,0.7242,0.6891,0.8596,0.6924
0.8796,0.8748,0.8748,0.3719,0.5155,0.396,0.2904,0.4622,0.3741,0.5557,0.582,0.582,0.2124,0.5261,0.5902,0.5883,0.7398,1.8312,0.5601,0.4561,0.8257,0.6012
0.8032,0.8172,0.8172,0.2307,0.3129,0.3012,0.2184,0.3467,0.3136,0.5518,0.3828,0.3828,0.2412,0.3601,0.3912,0.405,0.6368,1.4696,0.3588,0.2628,0.7404,0.4752
0.6773,0.7092,0.7092,0.1179,0.1458,0.1955,0.1248,0.2312,0.2454,0.5157,0.1716,0.1716,0.216,0.1746,0.1843,0.2119,0.5149,1.0453,0.1839,0.1094,0.6101,0.3168
0.5035,0.5484,0.5484,0.0196,0.0367,0.1036,0.0576,0.108,0.1505,0.4255,0.048,0.048,0.132,0.0467,0.0518,0.0656,0.352,0.5889,0.0509,0.0329,0.4339,0.1656
0.2951,0.3408,0.3408,0.0001,0,0.0317,0.012,0.0237,0.0587,0.3108,0,0,0.036,0,0,0.0023,0.1765,0.2253,0,0.0025,0.2273,0.0468
0.0871,0.1284,0.1284,0,0,5.00E-04,0,0,0.0041,0.1945,0,0,0,0,0,0,0.0516,0.0235,0,0,0.0537,0
0.0113,0.0252,0.0252,0,0,0,0,0,0,0.0803,0,0,0,0,0,0,0,0,0,0,0.0017,0
0,0,0,0,0,0,0,0,0,0.0071,0,0,0,0,0,0,0,0,0,0,0,0
0,0,0,0,0,0,0,0,0,0,0,0,0,0,0,0,0,0,0,0,0,0
0,0,0,0,0,0,0,0,0,0,0,0,0,0,0,0,0,0,0,0,0,0
0,0,0,0,0,0,0,0,0,0,0,0,0,0,0,0,0,0,0,0,0,0
0,0,0,0,0,0,0,0,0,0,0,0,0,0,0,0,0,0,0,0,0,0
0,0,0,0,0,0,0,0,0,0,0,0,0,0,0,0,0,0,0,0,0,0
0,0,0,0,0.0053,0,0,0,0,0,0,0,0,0,0,0,0,0,0,0,0,0
0,0,0,0,0.0747,0.0011,0,0,0.0011,0,0.0612,0.0612,0.0024,0.031,0.0496,0.0269,0,0,0.0048,8.00E-04,0,0
0,0,0,0.0407,0.2526,0.0489,0.0216,0.0093,0.0507,0,0.2124,0.2124,0.0552,0.1574,0.1778,0.1114,0,0.0506,0.0814,0.0378,1.00E-04,0.0024
0.0067,0,0,0.1266,0.463,0.1507,0.0564,0.0953,0.1722,0.0027,0.4224,0.4224,0.126,0.3593,0.3528,0.2321,0.0482,0.3071,0.2321,0.1685,0.0066,0.078
0.0699,0.0408,0.0408,0.1955,0.6512,0.2715,0.0936,0.2893,0.3681,0.0359,0.6036,0.6036,0.204,0.5155,0.5123,0.363,0.1958,0.7481,0.3938,0.3375,0.0744,0.2628
0.2595,0.1776,0.1776,0.2527,0.7912,0.3502,0.144,0.5015,0.5553,0.1098,0.7296,0.7296,0.2664,0.5678,0.6276,0.4892,0.4212,1.2325,0.5333,0.4663,0.2735,0.4656
0.4781,0.3972,0.3972,0.3537,0.8836,0.4838,0.2532,0.6718,0.709,0.2569,0.7992,0.7992,0.342,0.6235,0.7027,0.5561,0.62,1.7035,0.599,0.5839,0.4817,0.6336
0.6599,0.594,0.594,0.4511,0.9125,0.5423,0.3552,0.7761,0.8012,0.383,0.8436,0.8436,0.4356,0.7153,0.7683,0.5966,0.7674,1.9511,0.5532,0.6519,0.6499,0.7512
0.792,0.7464,0.7464,0.5163,0.8806,0.4683,0.4008,0.8354,0.8331,0.4886,0.8016,0.8016,0.5136,0.6869,0.7369,0.6015,0.8426,1.9683,0.4899,0.7105,0.7633,0.816
0.8652,0.8496,0.8496,0.4784,0.7907,0.4799,0.4644,0.8386,0.838,0.5393,0.6708,0.6708,0.6072,0.5938,0.6603,0.5942,0.8367,2.1262,0.4083,0.7015,0.8006,0.8304
0.8912,0.8952,0.8952,0.4203,0.6584,0.5314,0.4752,0.7911,0.8312,0.5415,0.4764,0.4764,0.654,0.4673,0.4789,0.4874,0.7659,2.1746,0.3402,0.6752,0.8063,0.7944
0.8684,0.8904,0.8904,0.3205,0.4784,0.5705,0.3984,0.7017,0.7332,0.5482,0.312,0.312,0.5556,0.3466,0.325,0.3636,0.6614,2.0965,0.3272,0.6008,0.7647,0.708
0.7976,0.8328,0.8328,0.2054,0.283,0.4729,0.2856,0.5561,0.5613,0.509,0.2784,0.2784,0.4236,0.1833,0.2584,0.2625,0.5421,1.6424,0.2525,0.4355,0.7122,0.5712
0.6752,0.7212,0.7212,0.0939,0.12,0.3065,0.1572,0.3651,0.381,0.4405,0.1704,0.1704,0.2328,0.076,0.1163,0.1166,0.4622,1.114,0.1373,0.2637,0.5767,0.3936
0.5037,0.5568,0.5568,0.0178,0.0233,0.1714,0.054,0.1574,0.2034,0.3411,0.0396,0.0396,0.15,0.0128,0.0219,0.0367,0.3344,0.6451,0.0463,0.1174,0.3998,0.1944
0.2981,0.3444,0.3444,0.0008,0,0.0486,0.0108,0.0317,0.0673,0.2371,0,0,0.0432,0,0,0.0041,0.1766,0.2231,0,0.0187,0.2121,0.0516
0.09,0.1344,0.1344,0,0,9.00E-04,0,0,0.0039,0.1201,0,0,0,0,0,0,0.0528,0.0193,0,0,0.0664,0
0.0118,0.0264,0.0264,0,0,0,0,0,0,0.0395,0,0,0,0,0,0,0,0.0002,0,0,0.0017,0
0,0,0,0,0,0,0,0,0,5.00E-04,0,0,0,0,0,0,0,0,0,0,0,0
0,0,0,0,0,0,0,0,0,0,0,0,0,0,0,0,0,0,0,0,0,0
0,0,0,0,0,0,0,0,0,0,0,0,0,0,0,0,0,0,0,0,0,0
0,0,0,0,0,0,0,0,0,0,0,0,0,0,0,0,0,0,0,0,0,0
0,0,0,0,0,0,0,0,0,0,0,0,0,0,0,0,0,0,0,0,0,0
0,0,0,0,0,0,0,0,0,0,0,0,0,0,0,0,0,0,0,0,0,0
0,0,0,0,0.0011,0,0,0,0,0,0,0,0,0,0,0,0,0,0,0,0,0
0,0,0,0,0.0256,0.0015,0.018,0,0.0012,0,0.0204,0.0204,0.0024,0.0266,0.0318,0.0297,0,0,0.0072,0.0014,0,0
0,0,0,0.0623,0.0586,0.0538,0.1104,0.0157,0.0466,0,0.1392,0.1392,0.0648,0.1384,0.1592,0.1439,0,0.0525,0.096,0.0672,1.00E-04,0.0024
0.0055,0,0,0.2241,0.1253,0.2031,0.2964,0.108,0.1892,0.0032,0.3396,0.3396,0.2412,0.2698,0.3597,0.3465,0.0493,0.3222,0.2868,0.2256,0.0065,0.0768
0.0629,0.0432,0.0432,0.3972,0.1949,0.419,0.528,0.2886,0.4012,0.0637,0.5172,0.5172,0.462,0.414,0.5493,0.5521,0.1995,0.8825,0.497,0.4425,0.0887,0.258
0.227,0.1836,0.1836,0.6269,0.2353,0.617,0.708,0.4919,0.6014,0.1926,0.7176,0.7176,0.6552,0.5792,0.727,0.7184,0.4238,1.5091,0.6728,0.6414,0.2645,0.4548
0.4347,0.4008,0.4008,0.9079,0.3271,0.7675,0.822,0.6627,0.7587,0.3362,0.8424,0.8424,0.8004,0.6937,0.8488,0.8354,0.6158,2.0436,0.7935,0.7823,0.4693,0.6192
0.625,0.6,0.6,1.1188,0.41,0.859,0.8496,0.7755,0.852,0.4422,0.8892,0.8892,0.888,0.7255,0.8846,0.8741,0.7581,2.3991,0.8524,0.8577,0.6357,0.7344
0.7636,0.7476,0.7476,1.1145,0.3797,0.8864,0.8364,0.8151,0.9054,0.5494,0.8304,0.8304,0.924,0.7265,0.8198,0.8494,0.8337,2.5868,0.8645,0.8757,0.7496,0.798
0.8496,0.8388,0.8388,0.9401,0.3404,0.8711,0.8088,0.807,0.8878,0.664,0.666,0.666,0.912,0.75,0.734,0.8205,0.8256,2.6215,0.8279,0.8196,0.8199,0.8112
0.8838,0.8856,0.8856,0.7487,0.3052,0.793,0.7164,0.7595,0.8364,0.713,0.576,0.576,0.8412,0.6737,0.6592,0.7313,0.7137,2.5184,0.7445,0.7141,0.8513,0.7764
0.8594,0.8784,0.8784,0.5589,0.2421,0.6658,0.57,0.6767,0.7311,0.7304,0.5052,0.5052,0.7104,0.5174,0.5492,0.5785,0.4769,2.281,0.6106,0.5711,0.8093,0.6912
0.7786,0.8244,0.8244,0.377,0.1646,0.4958,0.4092,0.5302,0.5914,0.7525,0.3252,0.3252,0.5388,0.3554,0.3631,0.3884,0.3034,1.8861,0.4329,0.3883,0.6421,0.5556
0.6636,0.7116,0.7116,0.1888,0.091,0.3354,0.2532,0.3484,0.4126,0.6379,0.1608,0.1608,0.342,0.1715,0.1789,0.2109,0.3547,1.3626,0.2252,0.2502,0.3838,0.3828
0.4967,0.5508,0.5508,0.0411,0.0245,0.1713,0.1056,0.1567,0.2182,0.4832,0.0456,0.0456,0.162,0.0466,0.053,0.072,0.2647,0.7551,0.0631,0.1019,0.2653,0.192
0.2897,0.3444,0.3444,0.0007,0,0.0489,0.0144,0.0348,0.0705,0.3067,0,0,0.0468,1.00E-04,0,0.0047,0.1401,0.2447,6.00E-04,0.0166,0.1744,0.0576
0.0854,0.1344,0.1344,0,0,0.0014,0,0,0.0055,0.1558,0,0,0,0,0,0,0.0431,0.0258,0,0,0.0662,0
0.0109,0.0276,0.0276,0,0,0,0,0,0,0.0653,0,0,0,0,0,0,0,0.0001,0,0,0.0028,0
0,0,0,0,0,0,0,0,0,0.0076,0,0,0,0,0,0,0,0,0,0,0,0
0,0,0,0,0,0,0,0,0,0,0,0,0,0,0,0,0,0,0,0,0,0
0,0,0,0,0,0,0,0,0,0,0,0,0,0,0,0,0,0,0,0,0,0
0,0,0,0,0,0,0,0,0,0,0,0,0,0,0,0,0,0,0,0,0,0
0,0,0,0,0,0,0,0,0,0,0,0,0,0,0,0,0,0,0,0,0,0
0,0,0,0,0,0,0,0,0,0,0,0,0,0,0,0,0,0,0,0,0,0
0,0,0,0,0.0044,0,0,0,0,0,0,0,0,0,0,0,0,0,0,0,0,0
0,0,0,0,0.0762,0.0019,0.018,0,0.0012,0,0.0648,0.0648,0.0036,0.0358,0.0543,0.0319,0,0,0.0078,0.0021,0,0
0,0,0,0.1311,0.2275,0.0524,0.1104,0.017,0.0543,0,0.2112,0.2112,0.0684,0.1587,0.1924,0.1447,0,0.0563,0.0918,0.0655,1.00E-04,0.0024
0.0076,0,0,0.4826,0.4065,0.2025,0.2688,0.1204,0.1915,0.002,0.4104,0.4104,0.2436,0.3708,0.3928,0.3437,0.0481,0.3411,0.2976,0.2303,0.0078,0.0828
0.0726,0.0432,0.0432,0.8784,0.5559,0.4026,0.414,0.3046,0.381,0.0374,0.606,0.606,0.4632,0.575,0.5811,0.5347,0.1946,0.8479,0.5076,0.4404,0.0761,0.2376
0.2624,0.1836,0.1836,1.1866,0.6717,0.5873,0.5808,0.4899,0.5786,0.159,0.7632,0.7632,0.6528,0.7364,0.7299,0.6919,0.4153,1.3851,0.6792,0.6279,0.2772,0.4128
0.4732,0.402,0.402,1.4509,0.7325,0.7293,0.7392,0.6283,0.6801,0.3054,0.8364,0.8364,0.798,0.8444,0.8027,0.7938,0.6085,1.7907,0.7925,0.7648,0.4907,0.5292
0.6528,0.5976,0.5976,1.5906,0.7331,0.8193,0.834,0.7341,0.7062,0.4752,0.786,0.786,0.8868,0.8946,0.7775,0.84,0.755,2.0799,0.8488,0.8471,0.6638,0.636
0.7812,0.744,0.744,1.6224,0.6938,0.8445,0.8532,0.7914,0.7086,0.6039,0.6732,0.6732,0.8892,0.8901,0.7229,0.8441,0.8356,2.1751,0.8565,0.878,0.785,0.7032
0.8504,0.8412,0.8412,1.5463,0.6114,0.8222,0.8076,0.7882,0.7898,0.6908,0.5748,0.5748,0.9036,0.8347,0.6691,0.8083,0.8728,2.0727,0.8182,0.8549,0.8505,0.6864
0.8771,0.8856,0.8856,1.3721,0.4697,0.7569,0.7344,0.741,0.6907,0.6725,0.438,0.438,0.8484,0.6998,0.548,0.7179,0.8241,1.9194,0.7349,0.7591,0.8652,0.6432
0.8609,0.8784,0.8784,1.0948,0.2932,0.6322,0.624,0.6358,0.4731,0.6709,0.318,0.318,0.6276,0.5475,0.4058,0.5703,0.7575,1.6679,0.6012,0.6497,0.8319,0.5268
0.7883,0.8232,0.8232,0.7356,0.1702,0.455,0.4728,0.4815,0.3116,0.5829,0.2112,0.2112,0.3516,0.368,0.27,0.3898,0.6473,1.3616,0.4231,0.4847,0.7485,0.3576
0.667,0.72,0.72,0.354,0.0825,0.2677,0.2856,0.2995,0.2113,0.6599,0.1008,0.1008,0.1488,0.1824,0.1333,0.2,0.4905,1.0266,0.2197,0.2934,0.6145,0.1992
0.4964,0.5568,0.5568,0.0864,0.0204,0.1233,0.1188,0.1268,0.1462,0.5925,0.0216,0.0216,0.0516,0.0502,0.036,0.0673,0.3081,0.6169,0.0637,0.1186,0.4342,0.0888
0.2916,0.3516,0.3516,0.0007,0,0.0337,0.0252,0.0236,0.0594,0.3845,0,0,0.0132,1.00E-04,0,0.0033,0.1304,0.2185,6.00E-04,0.0209,0.2297,0.0204
0.0938,0.1368,0.1368,0,0,9.00E-04,0,0,0.0044,0.2122,0,0,0,0,0,0,0.0422,0.0237,0,0,0.0598,0
0.0133,0.0288,0.0288,0,0,0,0,0,0,0.0725,0,0,0,0,0,0,0,0.0002,0,0,0.0028,0
0,0,0,0,0,0,0,0,0,0.0065,0,0,0,0,0,0,0,0,0,0,0,0
0,0,0,0,0,0,0,0,0,0,0,0,0,0,0,0,0,0,0,0,0,0
0,0,0,0,0,0,0,0,0,0,0,0,0,0,0,0,0,0,0,0,0,0
0,0,0,0,0,0,0,0,0,0,0,0,0,0,0,0,0,0,0,0,0,0
0,0,0,0,0,0,0,0,0,0,0,0,0,0,0,0,0,0,0,0,0,0
0,0,0,0,0,0,0,0,0,0,0,0,0,0,0,0,0,0,0,0,0,0
0,0,0,0,0.0013,0,0,0,0,0,0,0,0,0,0,0,0,0,0,0,0,0
0,0,0,0,0.0502,0.0022,0.0204,0,0.0013,0,0.0588,0.0588,0.0036,0.0378,0.0467,0.0273,0,0,0.0018,0.0013,0,0
0,0,0,0.1405,0.1221,0.0566,0.108,0.0133,0.0509,0,0.1836,0.1836,0.0732,0.1596,0.1724,0.1387,0,0.0543,0.0373,0.0408,0,0
0.0079,0,0,0.4515,0.1879,0.1703,0.3108,0.1087,0.1517,0.0026,0.3072,0.3072,0.1584,0.359,0.3383,0.3432,0.0468,0.3238,0.1305,0.1386,0.0071,0.0684
0.0734,0.0444,0.0444,0.7781,0.2625,0.3469,0.5244,0.257,0.3125,0.0282,0.408,0.408,0.3108,0.541,0.489,0.543,0.191,0.8619,0.3352,0.2875,0.0725,0.2316
0.2603,0.1824,0.1824,0.9631,0.3113,0.4036,0.6984,0.3916,0.5249,0.0828,0.3456,0.3456,0.4236,0.711,0.4997,0.6758,0.4119,1.3998,0.4657,0.4728,0.2662,0.426
0.4748,0.3924,0.3924,1.045,0.3351,0.5378,0.81,0.4964,0.7043,0.1362,0.3936,0.3936,0.6612,0.8239,0.5628,0.7632,0.6111,1.8363,0.5146,0.5358,0.4757,0.6012
0.6539,0.5832,0.5832,1.2347,0.3244,0.7251,0.8352,0.5483,0.8123,0.1923,0.4884,0.4884,0.81,0.8755,0.6295,0.7998,0.7598,2.1084,0.5792,0.6092,0.6485,0.7092
0.7854,0.7368,0.7368,1.3519,0.3355,0.7991,0.8172,0.5814,0.8756,0.2628,0.5796,0.5796,0.9012,0.8809,0.6783,0.796,0.857,2.274,0.6664,0.6737,0.7704,0.7464
0.8683,0.822,0.822,1.2827,0.3307,0.8033,0.7956,0.6265,0.8775,0.3348,0.6144,0.6144,0.9144,0.8089,0.6799,0.7343,0.9037,2.3344,0.662,0.6868,0.835,0.7212
0.8921,0.8592,0.8592,1.0846,0.2944,0.7721,0.7176,0.6203,0.83,0.3592,0.5388,0.5388,0.8568,0.5791,0.5861,0.6549,0.8954,2.2556,0.584,0.5888,0.8503,0.6984
0.8691,0.8868,0.8868,0.7645,0.2289,0.69,0.6132,0.5699,0.7324,0.3737,0.4104,0.4104,0.7464,0.3389,0.4533,0.5276,0.8425,2.0632,0.5214,0.5029,0.8173,0.624
0.7993,0.8424,0.8424,0.4172,0.1381,0.5568,0.4896,0.4632,0.5791,0.3434,0.2736,0.2736,0.5832,0.2196,0.3065,0.3659,0.7381,1.7153,0.3855,0.3691,0.7383,0.5004
0.6734,0.7308,0.7308,0.1973,0.085,0.385,0.3,0.3154,0.4058,0.2787,0.1548,0.1548,0.3828,0.1389,0.1688,0.2055,0.5845,1.2614,0.2168,0.2273,0.6093,0.3384
0.4964,0.5664,0.5664,0.0366,0.0279,0.1886,0.1188,0.1521,0.2152,0.2182,0.0492,0.0492,0.1728,0.0425,0.0555,0.0751,0.3913,0.7135,0.0673,0.0987,0.434,0.1704
0.292,0.3552,0.3552,0.0006,0,0.0501,0.0276,0.0311,0.0688,0.1566,0,0,0.0468,1.00E-04,0,0.0063,0.1897,0.2254,6.00E-04,0.0147,0.2294,0.0408
0.0933,0.1356,0.1356,0,0,0.0014,0,0,0.0052,0.0745,0,0,0,0,0,0,0.0552,0.0253,0,0,0.0586,0
0.0134,0.0276,0.0276,0,0,0,0,0,0,0.0255,0,0,0,0,0,0,0,0.0002,0,0,0.0028,0
0,0,0,0,0,0,0,0,0,0.0017,0,0,0,0,0,0,0,0,0,0,0,0
0,0,0,0,0,0,0,0,0,0,0,0,0,0,0,0,0,0,0,0,0,0
0,0,0,0,0,0,0,0,0,0,0,0,0,0,0,0,0,0,0,0,0,0
0,0,0,0,0,0,0,0,0,0,0,0,0,0,0,0,0,0,0,0,0,0
0,0,0,0,0,0,0,0,0,0,0,0,0,0,0,0,0,0,0,0,0,0
0,0,0,0,0,0,0,0,0,0,0,0,0,0,0,0,0,0,0,0,0,0
0,0,0,0,0.0047,0,0,0,0,0,0,0,0,0,0,0,0,0,0,0,0,0
0,0,0,0,0.0778,0.0022,0.0156,0,0.0016,0,0.0648,0.0648,0.0036,0.0391,0.0515,0.0294,0,0,0.0054,0.0019,0,0
0,0,0,0.0646,0.2165,0.052,0.1128,0.0088,0.0511,0,0.2136,0.2136,0.0648,0.1633,0.1815,0.1375,0,0.0575,0.0972,0.051,0,0.0012
0.0085,0,0,0.2,0.3698,0.1991,0.2964,0.0759,0.1867,0.0019,0.408,0.408,0.2376,0.3511,0.3572,0.3123,0.0447,0.3212,0.1914,0.1748,0.0076,0.072
0.07,0.0408,0.0408,0.3795,0.4815,0.4121,0.5076,0.1888,0.3883,0.0368,0.5928,0.5928,0.4572,0.5134,0.5313,0.4881,0.1473,0.8767,0.3422,0.3899,0.0757,0.2016
0.2693,0.1872,0.1872,0.5996,0.5251,0.6082,0.6768,0.3113,0.5773,0.1207,0.744,0.744,0.6504,0.6301,0.699,0.6459,0.2789,1.4579,0.5657,0.5863,0.2694,0.3516
0.4919,0.4284,0.4284,0.7836,0.5543,0.7616,0.8052,0.4232,0.7294,0.2364,0.8424,0.8424,0.8004,0.7241,0.8122,0.7156,0.3986,1.9452,0.6959,0.7524,0.4779,0.492
0.6711,0.6408,0.6408,0.9119,0.5335,0.857,0.8808,0.524,0.8395,0.3552,0.8904,0.8904,0.8904,0.7603,0.8742,0.7515,0.5349,2.2913,0.6579,0.8471,0.6485,0.6156
0.7951,0.798,0.798,0.9273,0.5146,0.9026,0.8676,0.5956,0.8726,0.4334,0.8748,0.8748,0.942,0.7475,0.8564,0.746,0.6269,2.4924,0.5678,0.8741,0.7681,0.696
0.8726,0.8952,0.8952,0.8585,0.4893,0.8834,0.8388,0.6209,0.8361,0.5952,0.7656,0.7656,0.9324,0.7043,0.767,0.7242,0.6785,2.5453,0.4823,0.8561,0.839,0.726
0.9034,0.9372,0.9372,0.7791,0.4075,0.8077,0.7644,0.6099,0.7704,0.6653,0.6216,0.6216,0.8724,0.6403,0.6617,0.663,0.6566,2.4482,0.4199,0.7903,0.8566,0.7044
0.8853,0.9252,0.9252,0.6367,0.3213,0.6994,0.6108,0.5656,0.6903,0.6813,0.4176,0.4176,0.7572,0.5196,0.4881,0.5396,0.5836,2.1972,0.3595,0.6713,0.827,0.63
0.8149,0.8628,0.8628,0.4054,0.2287,0.547,0.4164,0.4578,0.5341,0.6418,0.2448,0.2448,0.5904,0.3612,0.2995,0.3585,0.5388,1.7951,0.3094,0.481,0.7476,0.5052
0.6857,0.7464,0.7464,0.195,0.131,0.3725,0.2508,0.3152,0.3845,0.5823,0.1368,0.1368,0.384,0.1896,0.154,0.1895,0.4829,1.2862,0.1873,0.3054,0.6171,0.3552
0.5098,0.576,0.576,0.0343,0.0335,0.1826,0.1212,0.152,0.2149,0.4897,0.0432,0.0432,0.168,0.0541,0.0478,0.0644,0.3426,0.7402,0.0538,0.1272,0.4382,0.1884
0.2995,0.3576,0.3576,0.0007,0,0.052,0.0264,0.034,0.0712,0.3687,0,0,0.0456,1.00E-04,0,0.004,0.1646,0.2549,0.0012,0.024,0.2309,0.054
0.1003,0.1344,0.1344,0,0,0.0018,0,0,0.0055,0.229,0,0,0,0,0,0,0.0493,0.0282,0,0,0.0582,0
0.014,0.0276,0.0276,0,0,0,0,0,1.00E-04,0.0868,0,0,0,0,0,0,0,0.0003,0,0,0.0028,0
0,0,0,0,0,0,0,0,0,0.0131,0,0,0,0,0,0,0,0,0,0,0,0
0,0,0,0,0,0,0,0,0,0,0,0,0,0,0,0,0,0,0,0,0,0
0,0,0,0,0,0,0,0,0,0,0,0,0,0,0,0,0,0,0,0,0,0
0,0,0,0,0,0,0,0,0,0,0,0,0,0,0,0,0,0,0,0,0,0
0,0,0,0,0,0,0,0,0,0,0,0,0,0,0,0,0,0,0,0,0,0
0,0,0,0,0,0,0,0,0,0,0,0,0,0,0,0,0,0,0,0,0,0
0,0,0,0,0.0065,0,0,0,0,0,0,0,0,0,0,0,0,0,0,0,0,0
0,0,0,0,0.0883,0.0022,0.0228,0,0.0016,0,0.0636,0.0636,0.0036,0.0369,0.0526,0.0307,0,0,0.0036,0.002,0,0
0,0,0,0.0505,0.2518,0.0514,0.1104,0.0179,0.0398,0,0.2148,0.2148,0.0636,0.1554,0.1909,0.1428,0,0.0618,0.064,0.0652,1.00E-04,0.0024
0.0102,0,0,0.1671,0.4458,0.2014,0.3072,0.1193,0.1565,0.0036,0.4212,0.4212,0.2388,0.3423,0.3874,0.3296,0.0457,0.3363,0.157,0.2299,0.0076,0.0768
0.0795,0.042,0.042,0.2952,0.614,0.4139,0.51,0.279,0.3225,0.06,0.5976,0.5976,0.4632,0.553,0.5713,0.5262,0.1935,0.8071,0.2464,0.4426,0.0689,0.204
0.2581,0.186,0.186,0.4278,0.7072,0.6032,0.6768,0.4261,0.4895,0.2025,0.7188,0.7188,0.6588,0.7182,0.6977,0.6717,0.425,1.2846,0.3378,0.6276,0.2757,0.3252
0.4341,0.4188,0.4188,0.5594,0.653,0.7501,0.7896,0.5314,0.6203,0.4062,0.81,0.81,0.8088,0.8285,0.766,0.7484,0.629,1.7361,0.4206,0.7634,0.4921,0.4908
0.5817,0.6192,0.6192,0.6994,0.6033,0.8414,0.8376,0.5882,0.7104,0.6102,0.8004,0.8004,0.9036,0.8787,0.7445,0.7755,0.7837,2.0747,0.4754,0.8392,0.6674,0.6372
0.6899,0.7764,0.7764,0.7337,0.535,0.8847,0.8316,0.6297,0.7549,0.7639,0.8124,0.8124,0.9468,0.8632,0.7212,0.7326,0.882,2.2761,0.4358,0.8496,0.7898,0.7248
0.7483,0.8736,0.8736,0.7218,0.4332,0.8702,0.7836,0.6044,0.7675,0.8554,0.7656,0.7656,0.936,0.8108,0.666,0.676,0.9251,2.2779,0.4882,0.8253,0.8555,0.7428
0.7519,0.9144,0.9144,0.6422,0.3855,0.7999,0.702,0.5489,0.7473,0.8469,0.6492,0.6492,0.8748,0.7271,0.5932,0.6241,0.9177,2.1187,0.453,0.764,0.8709,0.6864
0.7219,0.9024,0.9024,0.4761,0.3041,0.6538,0.588,0.4539,0.7007,0.7738,0.4716,0.4716,0.7596,0.5814,0.4629,0.53,0.86,1.7109,0.3717,0.6552,0.8352,0.5568
0.6649,0.8412,0.8412,0.2564,0.2043,0.5,0.432,0.352,0.5754,0.6462,0.2748,0.2748,0.594,0.3897,0.3025,0.3942,0.7507,1.3231,0.293,0.4906,0.7578,0.39
0.5901,0.7272,0.7272,0.1119,0.1073,0.3365,0.27,0.2237,0.4048,0.5627,0.1236,0.1236,0.3864,0.1881,0.1542,0.2254,0.58,0.9831,0.1895,0.2985,0.6247,0.2556
0.4785,0.5628,0.5628,0.0246,0.0269,0.1643,0.1188,0.1057,0.2165,0.5125,0.03,0.03,0.1668,0.0515,0.0444,0.0783,0.3596,0.5936,0.0708,0.1233,0.4449,0.1368
0.2908,0.3528,0.3528,0.0006,0,0.0509,0.0252,0.0252,0.0713,0.3921,0,0,0.0444,1.00E-04,0,0.006,0.174,0.2248,6.00E-04,0.0234,0.2326,0.0396
0.0985,0.132,0.132,0,0,0.0014,0,0,0.0059,0.2328,0,0,0,0,0,0,0.0505,0.0239,0,0,0.0536,0
0.0136,0.0276,0.0276,0,0,0,0,0,0,0.096,0,0,0,0,0,0,0,0.0001,0,0,0.0028,0
0,0,0,0,0,0,0,0,0,0.0158,0,0,0,0,0,0,0,0,0,0,0,0
0,0,0,0,0,0,0,0,0,0,0,0,0,0,0,0,0,0,0,0,0,0
0,0,0,0,0,0,0,0,0,0,0,0,0,0,0,0,0,0,0,0,0,0
0,0,0,0,0,0,0,0,0,0,0,0,0,0,0,0,0,0,0,0,0,0
0,0,0,0,0,0,0,0,0,0,0,0,0,0,0,0,0,0,0,0,0,0
0,0,0,0,0,0,0,0,0,0,0,0,0,0,0,0,0,0,0,0,0,0
0,0,0,0,0.006,0,0,0,0,0,0,0,0,0,0,0,0,0,0,0,0,0
0,0,0,0,0.0858,0.0022,0.0204,0,0.0016,0,0.0636,0.0636,0.0036,0.0368,0.053,0.0334,0,0,0.0066,0.0019,0,0
0,0,0,0.0529,0.2393,0.0489,0.1116,0.014,0.05,0,0.18,0.18,0.0612,0.1579,0.17,0.1435,0,0.0535,0.0892,0.0647,0,0.0012
0.0089,0,0,0.1791,0.4186,0.2006,0.2904,0.1082,0.1791,0.0029,0.2964,0.2964,0.24,0.3699,0.3319,0.3444,0.0501,0.3226,0.2461,0.2281,0.0072,0.06
0.0687,0.042,0.042,0.3374,0.5723,0.4098,0.504,0.2544,0.3663,0.0201,0.4356,0.4356,0.462,0.571,0.5051,0.5411,0.1924,0.8171,0.4247,0.4391,0.0704,0.1836
0.2783,0.1836,0.1836,0.4719,0.675,0.6013,0.66,0.4024,0.5397,0.0654,0.5952,0.5952,0.6528,0.7311,0.664,0.7008,0.4184,1.3801,0.5794,0.6229,0.2758,0.3192
0.5098,0.4116,0.4116,0.5598,0.7138,0.7538,0.7728,0.5244,0.6849,0.1332,0.678,0.678,0.7992,0.8401,0.7396,0.8069,0.6176,1.8713,0.6903,0.7612,0.4891,0.4476
0.6961,0.6096,0.6096,0.607,0.638,0.853,0.8412,0.6007,0.7987,0.2335,0.6324,0.6324,0.8928,0.894,0.7104,0.8479,0.7761,2.1709,0.7523,0.8443,0.6621,0.5412
0.8232,0.756,0.756,0.6318,0.5235,0.8997,0.8508,0.6341,0.8711,0.3032,0.534,0.534,0.9336,0.8942,0.6516,0.8287,0.8756,2.3485,0.7441,0.8774,0.7823,0.5952
0.9078,0.8532,0.8532,0.6085,0.4252,0.894,0.8028,0.6516,0.8642,0.3954,0.4524,0.4524,0.9228,0.8447,0.5867,0.7698,0.9204,2.3623,0.7059,0.861,0.8493,0.582
0.934,0.8952,0.8952,0.5249,0.3122,0.8368,0.7152,0.6289,0.7953,0.5273,0.4008,0.4008,0.8604,0.7413,0.5201,0.6727,0.9159,2.2691,0.624,0.7942,0.8648,0.5328
0.9072,0.888,0.888,0.395,0.2073,0.7283,0.6012,0.5578,0.6879,0.6011,0.288,0.288,0.7464,0.5788,0.4,0.5514,0.861,2.0304,0.5149,0.6695,0.8315,0.4632
0.8246,0.8304,0.8304,0.2777,0.1309,0.5747,0.462,0.4435,0.5391,0.6416,0.2292,0.2292,0.5832,0.3841,0.2927,0.3954,0.7579,1.6483,0.3725,0.4849,0.7483,0.3708
0.6906,0.7188,0.7188,0.1474,0.0688,0.3833,0.294,0.3119,0.3991,0.5981,0.1332,0.1332,0.378,0.1825,0.1605,0.2228,0.6043,1.2867,0.2097,0.286,0.6166,0.2904
0.508,0.5556,0.5556,0.0292,0.0207,0.1808,0.12,0.1546,0.2174,0.532,0.0456,0.0456,0.1644,0.0517,0.0533,0.0764,0.4041,0.7385,0.0673,0.1171,0.4376,0.1632
0.2931,0.3504,0.3504,0.0005,0,0.0527,0.0276,0.0345,0.0707,0.4061,0,0,0.0456,1.00E-04,0,0.0057,0.1801,0.2471,0.0012,0.0199,0.2297,0.048
0.0922,0.1332,0.1332,0,0,0.0018,0,0,0.0052,0.242,0,0,0,0,0,0,0.0457,0.0268,0,0,0.0569,0
0.0131,0.0288,0.0288,0,0,0,0,0,1.00E-04,0.0955,0,0,0,0,0,0,0,0.0003,0,0,0.0028,0
0,0,0,0,0,0,0,0,0,0.0131,0,0,0,0,0,0,0,0,0,0,0,0
0,0,0,0,0,0,0,0,0,0,0,0,0,0,0,0,0,0,0,0,0,0
0,0,0,0,0,0,0,0,0,0,0,0,0,0,0,0,0,0,0,0,0,0
0,0,0,0,0,0,0,0,0,0,0,0,0,0,0,0,0,0,0,0,0,0
0,0,0,0,0,0,0,0,0,0,0,0,0,0,0,0,0,0,0,0,0,0
0,0,0,0,0,0,0,0,0,0,0,0,0,0,0,0,0,0,0,0,0,0
0,0,0,0,0.008,0,0,0,0,0,0.0012,0.0012,0,0,0,0,0,0,0,0,0,0
0,0,0,0,0.0778,0.0022,0.0228,0,0.0016,0,0.06,0.06,0.0036,0.0381,0.0522,0.0321,0,0,0.0072,0.0021,0,0
0,0,0,0.0644,0.2581,0.0498,0.1044,0.0119,0.0508,0,0.2136,0.2136,0.0636,0.1574,0.1908,0.1398,0,0.055,0.0894,0.0616,0,0.0012
0.0086,0,0,0.2273,0.4682,0.1977,0.3096,0.0877,0.1814,0.0035,0.4188,0.4188,0.2352,0.3683,0.398,0.3496,0.0422,0.3186,0.2597,0.2292,0.0074,0.0612
0.0672,0.0432,0.0432,0.4146,0.6484,0.4067,0.522,0.2041,0.372,0.0589,0.6036,0.6036,0.4524,0.5691,0.5883,0.5527,0.1922,0.8376,0.4419,0.4407,0.0679,0.1656
0.2716,0.1824,0.1824,0.6016,0.7835,0.5958,0.696,0.3381,0.5566,0.1829,0.7476,0.7476,0.6384,0.7293,0.7403,0.7148,0.4238,1.4061,0.6135,0.6211,0.2737,0.276
0.4938,0.402,0.402,0.7573,0.8706,0.7454,0.8232,0.4597,0.7056,0.3245,0.8496,0.8496,0.7788,0.8356,0.8446,0.8286,0.6289,1.8972,0.7518,0.7574,0.4885,0.3828
0.6753,0.5976,0.5976,0.8596,0.904,0.8435,0.8976,0.5334,0.7723,0.452,0.8964,0.8964,0.8676,0.8903,0.8924,0.8889,0.7801,2.2503,0.8356,0.8407,0.6624,0.4704
0.8043,0.7464,0.7464,0.876,0.869,0.8891,0.9204,0.5681,0.7676,0.5136,0.864,0.864,0.9048,0.8922,0.8628,0.8865,0.8772,2.4473,0.8565,0.8729,0.7826,0.5208
0.8801,0.84,0.84,0.8207,0.7174,0.8841,0.888,0.5574,0.7631,0.555,0.714,0.714,0.8916,0.8415,0.759,0.84,0.9205,2.4831,0.8389,0.8558,0.8497,0.5124
0.9025,0.882,0.882,0.6018,0.4949,0.8294,0.8076,0.4717,0.7077,0.5916,0.5376,0.5376,0.8292,0.7404,0.6471,0.7605,0.9145,2.3708,0.7561,0.7892,0.8653,0.4584
0.879,0.8736,0.8736,0.3803,0.3721,0.7253,0.6756,0.3697,0.6133,0.5598,0.4788,0.4788,0.7164,0.5899,0.5474,0.6265,0.8593,2.1247,0.6187,0.6735,0.8325,0.3744
0.8011,0.8232,0.8232,0.2297,0.2479,0.5738,0.5016,0.2592,0.5245,0.4708,0.3336,0.3336,0.558,0.3961,0.372,0.4401,0.7549,1.7553,0.4352,0.5089,0.7495,0.2784
0.6805,0.714,0.714,0.1143,0.1089,0.3842,0.2184,0.1563,0.3942,0.3656,0.174,0.174,0.3636,0.1861,0.1879,0.2332,0.6001,1.262,0.2269,0.3091,0.6182,0.1776
0.5094,0.5532,0.5532,0.0251,0.0205,0.1827,0.0864,0.0717,0.2193,0.2904,0.0504,0.0504,0.162,0.051,0.0543,0.073,0.3949,0.7134,0.0636,0.1161,0.4398,0.0828
0.3053,0.348,0.348,0.0002,0,0.0517,0.0252,0.0175,0.0684,0.1805,0,0,0.0468,2.00E-04,0,0.0062,0.1742,0.2301,0.0018,0.0265,0.2309,0.0204
0.0925,0.1368,0.1368,0,0,0.0018,0,0,0.006,0.1293,0,0,0,0,0,0,0.0504,0.0277,0,0,0.0551,0
0.0134,0.03,0.03,0,0,0,0,0,0,0.0573,0,0,0,0,0,0,0,0.0002,0,0,0.0029,0
0,0,0,0,0,0,0,0,0,0.0076,0,0,0,0,0,0,0,0,0,0,0,0
0,0,0,0,0,0,0,0,0,0,0,0,0,0,0,0,0,0,0,0,0,0
0,0,0,0,0,0,0,0,0,0,0,0,0,0,0,0,0,0,0,0,0,0
0,0,0,0,0,0,0,0,0,0,0,0,0,0,0,0,0,0,0,0,0,0
0,0,0,0,0,0,0,0,0,0,0,0,0,0,0,0,0,0,0,0,0,0
0,0,0,0,0,0,0,0,0,0,0,0,0,0,0,0,0,0,0,0,0,0
0,0,0,0,0.0069,0,0,0,0,0,0,0,0,0,0,0,0,0,0,0,0,0
0,0,0,0,0.0759,0.0022,0.012,0,0.0015,0,0.0684,0.0684,0.0036,0.0382,0.0567,0.0329,0,0,0.0096,0.0023,0,0
0,0,0,0.0714,0.1846,0.0534,0.1044,0.0071,0.0524,0,0.2136,0.2136,0.066,0.1591,0.1909,0.1431,0,0.0588,0.1008,0.0574,0,0.0012
0.0081,0,0,0.2246,0.2917,0.1901,0.2808,0.0701,0.1805,0.0027,0.3984,0.3984,0.2316,0.3668,0.3845,0.333,0.0397,0.3112,0.2856,0.1795,0.0071,0.066
0.0639,0.042,0.042,0.3996,0.4147,0.3979,0.4716,0.167,0.3803,0.0526,0.5232,0.5232,0.4428,0.5645,0.5364,0.5163,0.1898,0.8534,0.4747,0.3323,0.072,0.18
0.2601,0.1848,0.1848,0.5819,0.5752,0.5896,0.642,0.2563,0.5642,0.1568,0.5352,0.5352,0.6264,0.7191,0.6032,0.6662,0.4237,1.4202,0.6282,0.476,0.2729,0.2916
0.4798,0.4212,0.4212,0.8073,0.7007,0.7364,0.7836,0.3337,0.7092,0.3014,0.4092,0.4092,0.7656,0.8221,0.5765,0.7642,0.6265,1.8837,0.7296,0.5972,0.4841,0.3804
0.662,0.6264,0.6264,0.9062,0.7583,0.8345,0.8676,0.3815,0.8283,0.4791,0.3072,0.3072,0.8568,0.8708,0.5642,0.8171,0.7765,2.2134,0.7763,0.7105,0.6568,0.4512
0.7936,0.7704,0.7704,0.8657,0.772,0.8804,0.894,0.4108,0.8813,0.6293,0.3564,0.3564,0.8952,0.8688,0.5871,0.8437,0.8713,2.3939,0.7595,0.7612,0.7761,0.4752
0.8731,0.8676,0.8676,0.8309,0.6725,0.8754,0.8664,0.4226,0.8852,0.7079,0.3252,0.3252,0.8844,0.8176,0.5546,0.818,0.9158,2.437,0.6906,0.7037,0.8428,0.4596
0.9108,0.9084,0.9084,0.7699,0.5566,0.8214,0.792,0.4143,0.8397,0.6075,0.4032,0.4032,0.8232,0.7065,0.5629,0.7334,0.9097,2.3533,0.5794,0.6009,0.8588,0.45
0.8924,0.8988,0.8988,0.6028,0.422,0.719,0.6696,0.365,0.7452,0.5725,0.4764,0.4764,0.714,0.5451,0.5301,0.5934,0.8554,2.1301,0.4344,0.5266,0.8273,0.4332
0.8236,0.8376,0.8376,0.4167,0.2757,0.5687,0.5016,0.3007,0.6043,0.5809,0.3696,0.3696,0.5568,0.3443,0.3797,0.4156,0.7546,1.7627,0.3127,0.4068,0.7478,0.3768
0.6993,0.726,0.726,0.2562,0.1438,0.3802,0.3048,0.2116,0.4222,0.5762,0.186,0.186,0.3636,0.1663,0.1914,0.2277,0.6008,1.2832,0.1791,0.2433,0.6185,0.3096
0.5274,0.5616,0.5616,0.065,0.0408,0.1816,0.1176,0.1086,0.2214,0.5043,0.0552,0.0552,0.1632,0.0493,0.058,0.0753,0.4028,0.7303,0.0563,0.1057,0.4408,0.1908
0.3115,0.3576,0.3576,0.0001,0,0.0553,0.0276,0.0272,0.0677,0.3645,0,0,0.048,1.00E-04,0,0.0079,0.1789,0.2556,6.00E-04,0.0187,0.2322,0.0552
0.0911,0.1356,0.1356,0,0,0.0018,0,0,0.0064,0.1975,0,0,0,0,0,0,0.0399,0.0275,0,0,0.0575,0
0.0122,0.03,0.03,0,0,0,0,0,0,0.0786,0,0,0,0,0,0,0,0.0002,0,0,0.0029,0
0,0,0,0,0,0,0,0,0,0.0093,0,0,0,0,0,0,0,0,0,0,0,0
0,0,0,0,0,0,0,0,0,0,0,0,0,0,0,0,0,0,0,0,0,0
0,0,0,0,0,0,0,0,0,0,0,0,0,0,0,0,0,0,0,0,0,0
0,0,0,0,0,0,0,0,0,0,0,0,0,0,0,0,0,0,0,0,0,0
0,0,0,0,0,0,0,0,0,0,0,0,0,0,0,0,0,0,0,0,0,0
0,0,0,0,0,0,0,0,0,0,0,0,0,0,0,0,0,0,0,0,0,0
0,0,0,0,0.0076,0,0,0,0,0,0,0,0,0,0,0,0,0,0,0,0,0
0,0,0,0,0.0747,0.0026,0.0228,0,0.0016,0,0.0468,0.0468,0.0036,0.0392,0.0454,0.0326,0,0,0.0066,0.0021,0,0
0,0,0,0.1425,0.2493,0.0567,0.1044,0.0082,0.0532,1.00E-04,0.1368,0.1368,0.0696,0.1585,0.1485,0.1388,0,0.0621,0.0835,0.0606,1.00E-04,0.0036
0.0089,0,0,0.4214,0.4379,0.1941,0.3,0.0737,0.1822,0.0038,0.1992,0.1992,0.2304,0.3516,0.2858,0.3299,0.0481,0.3371,0.1819,0.1582,0.0075,0.0792
0.0656,0.0432,0.0432,0.7031,0.6081,0.38,0.504,0.1922,0.3788,0.058,0.318,0.318,0.4332,0.5341,0.4535,0.5204,0.1947,0.8626,0.2585,0.2436,0.0738,0.2568
0.2818,0.1824,0.1824,0.9498,0.7396,0.5436,0.672,0.3117,0.5639,0.1601,0.522,0.522,0.612,0.6777,0.6394,0.6734,0.4287,1.421,0.3088,0.3151,0.2756,0.4452
0.5178,0.414,0.414,1.0774,0.8435,0.6662,0.7884,0.4099,0.7115,0.3234,0.7668,0.7668,0.7572,0.7734,0.7903,0.7761,0.6461,1.8707,0.3567,0.3791,0.4869,0.6024
0.7116,0.6252,0.6252,1.1261,0.8868,0.744,0.8628,0.4738,0.8108,0.5239,0.8508,0.8508,0.8484,0.8194,0.8498,0.8334,0.8056,2.1745,0.3621,0.4347,0.6597,0.7116
0.8481,0.7788,0.7788,1.0483,0.8461,0.7816,0.888,0.5127,0.8606,0.6775,0.8184,0.8184,0.8868,0.8139,0.8395,0.8416,0.9074,2.3315,0.3521,0.502,0.7801,0.7644
0.9297,0.8748,0.8748,0.9155,0.7804,0.7663,0.8628,0.5174,0.8632,0.7626,0.7452,0.7452,0.876,0.7525,0.7814,0.7976,0.9532,2.2966,0.3158,0.5412,0.8474,0.7752
0.9603,0.918,0.918,0.7395,0.6717,0.7066,0.7884,0.4924,0.8098,0.8033,0.606,0.606,0.8076,0.6409,0.664,0.706,0.9476,2.081,0.2818,0.5402,0.8638,0.7296
0.936,0.9084,0.9084,0.5509,0.5211,0.6182,0.6648,0.4456,0.7106,0.7779,0.432,0.432,0.6828,0.4822,0.5017,0.5643,0.8916,1.8013,0.246,0.4485,0.8299,0.6408
0.8573,0.846,0.846,0.3643,0.3369,0.4692,0.498,0.3452,0.5507,0.6654,0.2652,0.2652,0.4776,0.3147,0.3218,0.3814,0.7856,1.4059,0.183,0.3168,0.7477,0.5172
0.7263,0.732,0.732,0.1771,0.1508,0.2931,0.3012,0.234,0.3761,0.5246,0.1236,0.1236,0.264,0.1626,0.152,0.194,0.6304,0.9471,0.1133,0.186,0.6152,0.3528
0.5432,0.5664,0.5664,0.0374,0.0433,0.1322,0.1176,0.125,0.2004,0.3848,0.0396,0.0396,0.1308,0.0461,0.0486,0.064,0.4241,0.502,0.0398,0.0805,0.4364,0.1812
0.3195,0.3564,0.3564,0.0003,0,0.0358,0.0276,0.0299,0.0627,0.2507,0,0,0.042,1.00E-04,0,0.0045,0.1884,0.1675,6.00E-04,0.0135,0.2311,0.0468
0.0938,0.1368,0.1368,0,0,0,0,0,0.0026,0.1376,0,0,0,0,0,0,0.0421,0.0126,0,0,0.062,0
0.013,0.03,0.03,0,0,0,0,0,0,0.0569,0,0,0,0,0,0,0,0,0,0,0.0029,0
0,0,0,0,0,0,0,0,0,0.0082,0,0,0,0,0,0,0,0,0,0,0,0
0,0,0,0,0,0,0,0,0,0,0,0,0,0,0,0,0,0,0,0,0,0
0,0,0,0,0,0,0,0,0,0,0,0,0,0,0,0,0,0,0,0,0,0
0,0,0,0,0,0,0,0,0,0,0,0,0,0,0,0,0,0,0,0,0,0
0,0,0,0,0,0,0,0,0,0,0,0,0,0,0,0,0,0,0,0,0,0
0,0,0,0,0,0,0,0,0,0,0,0,0,0,0,0,0,0,0,0,0,0
0,0,0,0,0.0078,0,0,0,0,0,0.0012,0.0012,0,0,0,0,0,0,0,0,0,0
0,0,0,0,0.0824,0.002,0.0072,0,0.0018,0,0.0636,0.0636,0.0048,0.0357,0.0547,0.0318,0,0,0.0072,0.0015,0,0
0,0,0,0.1001,0.2437,0.0426,0.0756,0.0114,0.0518,0,0.1968,0.1968,0.0792,0.1527,0.1838,0.1299,0,0.0508,0.0953,0.0357,1.00E-04,0.0024
0.0088,0,0,0.3418,0.4201,0.1466,0.15,0.0893,0.1773,0.0058,0.372,0.372,0.2352,0.34,0.3693,0.2802,0.0527,0.3165,0.233,0.1127,0.0076,0.078
0.067,0.0444,0.0444,0.6621,0.5522,0.3055,0.1824,0.2108,0.3699,0.0725,0.552,0.552,0.432,0.5339,0.5505,0.4265,0.1935,0.8129,0.3659,0.2233,0.0793,0.2208
0.2759,0.1812,0.1812,0.9964,0.6242,0.4795,0.222,0.327,0.5469,0.2204,0.6792,0.6792,0.6096,0.6856,0.6898,0.5557,0.4194,1.3438,0.4423,0.3559,0.2697,0.372
0.5025,0.3912,0.3912,1.2522,0.6811,0.6131,0.2784,0.419,0.6329,0.4326,0.7248,0.7248,0.7308,0.7879,0.7612,0.6342,0.6495,1.7868,0.5106,0.5107,0.4774,0.5112
0.6891,0.5856,0.5856,1.3913,0.7038,0.6833,0.3564,0.4907,0.6784,0.6266,0.6744,0.6744,0.7452,0.8403,0.7566,0.6807,0.8066,2.1348,0.5773,0.6498,0.6447,0.6096
0.8226,0.7368,0.7368,1.415,0.6756,0.646,0.444,0.5252,0.7435,0.7698,0.6264,0.6264,0.6108,0.8351,0.7231,0.6714,0.905,2.2996,0.5656,0.6797,0.7582,0.6672
0.9011,0.8376,0.8376,1.3345,0.6279,0.5918,0.426,0.5319,0.8105,0.8158,0.6192,0.6192,0.5568,0.7822,0.688,0.6174,0.9529,2.2819,0.4953,0.6297,0.8065,0.6972
0.9261,0.8832,0.8832,1.1628,0.5656,0.5202,0.3588,0.493,0.7338,0.8102,0.606,0.606,0.426,0.6788,0.6246,0.5239,0.9444,2.1478,0.4089,0.5328,0.8285,0.6672
0.9041,0.8796,0.8796,0.9143,0.4636,0.4389,0.2844,0.4344,0.6401,0.7934,0.5064,0.5064,0.252,0.5189,0.505,0.4128,0.8867,1.9557,0.342,0.4182,0.778,0.594
0.8323,0.8268,0.8268,0.6181,0.3179,0.342,0.2172,0.3349,0.5446,0.7562,0.354,0.354,0.168,0.3258,0.3448,0.2874,0.7809,1.6248,0.2646,0.2926,0.7208,0.48
0.7086,0.7236,0.7236,0.3005,0.1605,0.27,0.1572,0.2193,0.4115,0.6546,0.1824,0.1824,0.138,0.1538,0.1743,0.1626,0.6136,1.2429,0.1602,0.1882,0.6046,0.3384
0.5326,0.5616,0.5616,0.0708,0.047,0.157,0.0852,0.1055,0.2322,0.4893,0.0564,0.0564,0.0936,0.0335,0.0491,0.0565,0.3704,0.7309,0.0552,0.0859,0.4385,0.1836
0.3145,0.3552,0.3552,0.0003,0,0.0455,0.0204,0.0226,0.0642,0.2859,0,0,0.0336,0,0,0.005,0.1693,0.2408,0,0.0138,0.2314,0.0564
0.0949,0.1356,0.1356,0,0,0.0018,0,0,0.0075,0.1148,0,0,0,0,0,0,0.0529,0.03,0,0,0.0556,0
0.0123,0.03,0.03,0,0,0,0,0,1.00E-04,0.0366,0,0,0,0,0,0,0,0.0003,0,0,0.0029,0
0,0,0,0,0,0,0,0,0,0.0027,0,0,0,0,0,0,0,0,0,0,0,0
0,0,0,0,0,0,0,0,0,0,0,0,0,0,0,0,0,0,0,0,0,0
0,0,0,0,0,0,0,0,0,0,0,0,0,0,0,0,0,0,0,0,0,0
0,0,0,0,0,0,0,0,0,0,0,0,0,0,0,0,0,0,0,0,0,0
0,0,0,0,0,0,0,0,0,0,0,0,0,0,0,0,0,0,0,0,0,0
0,0,0,0,0,0,0,0,0,0,0,0,0,0,0,0,0,0,0,0,0,0
0,0,0,0,0.0071,0,0,0,0,0,0,0,0,0,0,0,0,0,0,0,0,0
0,0,0,0,0.0841,0.0022,0.012,0,0.0015,0,0.0432,0.0432,0.0036,0.0242,0.0277,0.0154,0,0,0.006,0.0011,0,0
0,0,0,0.1403,0.2247,0.0521,0.1008,0.0092,0.0496,0,0.1188,0.1188,0.06,0.0947,0.0887,0.0789,0,0.0593,0.085,0.0464,1.00E-04,0.0024
0.0064,0,0,0.4599,0.3696,0.1931,0.2664,0.0826,0.1881,0.0046,0.1788,0.1788,0.2388,0.1488,0.157,0.1735,0.0459,0.3108,0.2353,0.162,0.0081,0.0828
0.0636,0.0432,0.0432,0.8568,0.473,0.4081,0.4824,0.1917,0.4124,0.0563,0.2256,0.2256,0.4644,0.1988,0.2275,0.2785,0.1983,0.8371,0.38,0.3312,0.0685,0.2244
0.2288,0.18,0.18,1.2036,0.4909,0.6064,0.6696,0.3015,0.6221,0.1443,0.3,0.3,0.6612,0.2523,0.3008,0.3551,0.4345,1.3977,0.5141,0.505,0.2698,0.3552
0.4446,0.402,0.402,1.4544,0.4756,0.7612,0.8052,0.404,0.7871,0.2262,0.3696,0.3696,0.8088,0.2542,0.3467,0.4122,0.6372,1.8839,0.6112,0.6559,0.4785,0.432
0.6205,0.6096,0.6096,1.6005,0.4886,0.8598,0.8892,0.5033,0.8954,0.3042,0.426,0.426,0.9012,0.2645,0.3738,0.4551,0.7907,2.2316,0.6393,0.7111,0.6499,0.5052
0.762,0.7608,0.7608,1.6415,0.51,0.9073,0.9216,0.5875,0.9483,0.3649,0.4116,0.4116,0.9408,0.3083,0.3591,0.4729,0.8889,2.3454,0.6226,0.7519,0.7697,0.5928
0.8538,0.8616,0.8616,1.5727,0.5212,0.9039,0.9,0.6171,0.9481,0.3552,0.3528,0.3528,0.9288,0.3526,0.3118,0.4497,0.9318,2.3894,0.56,0.7407,0.8356,0.6276
0.8898,0.9072,0.9072,1.3979,0.4685,0.8483,0.828,0.5901,0.899,0.3529,0.2892,0.2892,0.8652,0.3488,0.2618,0.4146,0.9241,2.2854,0.4719,0.6926,0.854,0.6192
0.8763,0.9,0.9,1.1228,0.336,0.7356,0.702,0.5209,0.7982,0.3583,0.2124,0.2124,0.75,0.2837,0.2167,0.3681,0.8647,1.9676,0.3425,0.5741,0.8249,0.5532
0.8095,0.8424,0.8424,0.7604,0.1935,0.5841,0.528,0.4029,0.6468,0.3042,0.1236,0.1236,0.5892,0.1799,0.1541,0.2873,0.6929,1.633,0.2341,0.4271,0.7448,0.438
0.6888,0.7296,0.7296,0.3604,0.0844,0.395,0.3216,0.2631,0.4518,0.2685,0.0516,0.0516,0.3864,0.0689,0.0845,0.1763,0.3967,1.1979,0.1277,0.2618,0.6155,0.3024
0.5107,0.5652,0.5652,0.0926,0.0189,0.1892,0.1188,0.1238,0.2337,0.2205,0.012,0.012,0.1704,0.0105,0.0259,0.0633,0.2105,0.6854,0.0412,0.1152,0.44,0.1548
0.2973,0.3564,0.3564,0.0004,0,0.0546,0.0288,0.027,0.0732,0.1896,0,0,0.0492,0,0,0.0077,0.1182,0.2519,0,0.0208,0.232,0.0408
0.0918,0.1368,0.1368,0,0,0.0018,0,0,0.0087,0.1164,0,0,0,0,0,0,0.0418,0.0303,0,0,0.0545,0
0.0154,0.03,0.03,0,0,0,0,0,1.00E-04,0.0667,0,0,0,0,0,0,0,0.0003,0,0,0.0029,0
0,0,0,0,0,0,0,0,0,0.0115,0,0,0,0,0,0,0,0,0,0,0,0
0,0,0,0,0,0,0,0,0,0,0,0,0,0,0,0,0,0,0,0,0,0
0,0,0,0,0,0,0,0,0,0,0,0,0,0,0,0,0,0,0,0,0,0
0,0,0,0,0,0,0,0,0,0,0,0,0,0,0,0,0,0,0,0,0,0
0,0,0,0,0,0,0,0,0,0,0,0,0,0,0,0,0,0,0,0,0,0
0,0,0,0,0,0,0,0,0,0,0,0,0,0,0,0,0,0,0,0,0,0
0,0,0,0,3.00E-04,0,0,0,0,0,0,0,0,0,0,0,0,0,0,0,0,0
0,0,0,0.0024,0.0186,0.003,0.0228,0,0.002,0,0.0336,0.0336,0.0048,0.0119,0.0399,0.0279,0,0,0.0055,0.0021,0,0
0,0,0,0.1501,0.0627,0.0482,0.0972,0.0211,0.0529,0,0.1404,0.1404,0.0612,0.0679,0.1554,0.1251,0,0.0525,0.0725,0.0617,1.00E-04,0.0036
0.0094,0,0,0.4564,0.1244,0.1926,0.324,0.1281,0.146,0.0036,0.2976,0.2976,0.216,0.1554,0.3208,0.3035,0.0458,0.3322,0.1924,0.223,0.0079,0.0828
0.0675,0.0444,0.0444,0.8048,0.1875,0.4087,0.5532,0.3071,0.2935,0.0531,0.4692,0.4692,0.4584,0.2559,0.4923,0.4883,0.1946,0.8247,0.3248,0.438,0.0705,0.24
0.2655,0.18,0.18,1.1105,0.2415,0.583,0.738,0.4858,0.4466,0.1591,0.6036,0.6036,0.6564,0.3591,0.6342,0.6412,0.4249,1.2917,0.4301,0.6227,0.2713,0.4128
0.486,0.3948,0.3948,1.3108,0.2868,0.7057,0.87,0.6308,0.6031,0.3592,0.6672,0.6672,0.7812,0.4697,0.7219,0.7559,0.6264,1.7108,0.4825,0.7547,0.4821,0.5592
0.6673,0.5892,0.5892,1.3748,0.3256,0.8137,0.9456,0.7257,0.7245,0.5568,0.648,0.648,0.8556,0.5535,0.7568,0.8317,0.7787,2.059,0.5172,0.8343,0.6521,0.6744
0.7974,0.7404,0.7404,1.357,0.3495,0.8624,0.9684,0.7722,0.8224,0.6473,0.6156,0.6156,0.8736,0.6119,0.7576,0.8563,0.8747,2.2916,0.513,0.8639,0.7713,0.7392
0.8787,0.8364,0.8364,1.2787,0.3409,0.8718,0.9276,0.7682,0.8652,0.7524,0.5328,0.5328,0.8856,0.6569,0.7073,0.8351,0.9202,2.3546,0.4924,0.8484,0.831,0.756
0.9044,0.8832,0.8832,1.1779,0.3134,0.825,0.8124,0.6944,0.8186,0.7323,0.4608,0.4608,0.8364,0.6428,0.6344,0.7655,0.9152,2.2079,0.4502,0.7844,0.8431,0.7068
0.8837,0.8892,0.8892,0.9479,0.2677,0.7141,0.7104,0.5831,0.7229,0.687,0.3684,0.3684,0.6996,0.5421,0.5141,0.6331,0.8322,1.9275,0.3942,0.6736,0.8166,0.624
0.8117,0.8376,0.8376,0.6195,0.1872,0.5433,0.54,0.4533,0.5484,0.6615,0.2496,0.2496,0.486,0.3767,0.3459,0.4443,0.6871,1.5627,0.2826,0.515,0.7461,0.504
0.6899,0.726,0.726,0.2997,0.0961,0.3395,0.3096,0.3079,0.3763,0.6058,0.1344,0.1344,0.258,0.1857,0.1787,0.2399,0.4895,1.1587,0.1626,0.3196,0.6173,0.3504
0.5174,0.5628,0.5628,0.0652,0.0256,0.159,0.1212,0.1468,0.2144,0.485,0.042,0.042,0.1044,0.0392,0.0552,0.0754,0.2933,0.7088,0.0573,0.1229,0.441,0.1812
0.3064,0.3564,0.3564,0.0008,0,0.0465,0.0264,0.0317,0.0773,0.3305,0,0,0.0264,1.00E-04,5.00E-04,0.0084,0.1466,0.2664,0.0012,0.0262,0.2322,0.0528
0.0953,0.1416,0.1416,0,0,0.0018,0,0,0.0083,0.1938,0,0,0,0,0,0,0.0456,0.0326,0,0,0.0546,0
0.0157,0.0312,0.0312,0,0,0,0,0,1.00E-04,0.0744,0,0,0,0,0,0,0,0.0003,0,0,0.0029,0
0,0,0,0,0,0,0,0,0,0.0105,0,0,0,0,0,0,0,0,0,0,0,0
0,0,0,0,0,0,0,0,0,0,0,0,0,0,0,0,0,0,0,0,0,0
0,0,0,0,0,0,0,0,0,0,0,0,0,0,0,0,0,0,0,0,0,0
0,0,0,0,0,0,0,0,0,0,0,0,0,0,0,0,0,0,0,0,0,0
0,0,0,0,0,0,0,0,0,0,0,0,0,0,0,0,0,0,0,0,0,0
0,0,0,0,0,0,0,0,0,0,0,0,0,0,0,0,0,0,0,0,0,0
0,0,0,0,0.0061,0,0,0,0,0,0.0012,0.0012,0,0,6.00E-04,0,0,0,0,0,0,0
0,0,0,0,0.0758,0.003,0.0216,0,0.002,0,0.0672,0.0672,0.0048,0.0359,0.0576,0.0343,0,0,0.0084,0.0026,0,0
0,0,0,0.124,0.2307,0.055,0.1092,0.0116,0.0539,1.00E-04,0.2052,0.2052,0.072,0.1507,0.1907,0.1435,0,0.0667,0.096,0.0649,0,0.0012
0.0095,0,0,0.3709,0.4204,0.199,0.306,0.0813,0.1854,0.0027,0.3852,0.3852,0.2328,0.303,0.3733,0.3206,0.0481,0.3346,0.2756,0.2275,0.0071,0.0504
0.0712,0.048,0.048,0.6494,0.6141,0.4056,0.5244,0.1957,0.3488,0.0532,0.5436,0.5436,0.4476,0.4544,0.5168,0.4825,0.1934,0.8278,0.4642,0.4356,0.0681,0.18
0.2626,0.1776,0.1776,0.9115,0.7646,0.5948,0.708,0.3264,0.5557,0.1623,0.6732,0.6732,0.6372,0.6112,0.6554,0.649,0.4215,1.3417,0.6281,0.6147,0.2714,0.3312
0.4763,0.384,0.384,1.1131,0.8574,0.7413,0.8388,0.4187,0.6882,0.32,0.7344,0.7344,0.7824,0.7457,0.7383,0.7724,0.6254,1.7328,0.7409,0.7501,0.4837,0.444
0.6594,0.5868,0.5868,1.253,0.8827,0.8363,0.9156,0.497,0.7671,0.4504,0.768,0.768,0.8736,0.8295,0.7473,0.8082,0.7802,1.978,0.8021,0.8346,0.6554,0.5244
0.7971,0.7332,0.7332,1.3115,0.8789,0.8771,0.9396,0.5523,0.8098,0.4527,0.7044,0.7044,0.9132,0.864,0.6679,0.7541,0.8785,2.0661,0.8169,0.8691,0.7747,0.5868
0.8787,0.834,0.834,1.2775,0.8035,0.8615,0.9132,0.584,0.8006,0.491,0.6744,0.6744,0.8964,0.8304,0.614,0.6896,0.9229,2.0316,0.7839,0.8512,0.8431,0.6408
0.9062,0.882,0.882,1.1622,0.7013,0.7902,0.8352,0.538,0.7334,0.5262,0.5856,0.5856,0.8328,0.7314,0.5492,0.6286,0.9156,1.8802,0.704,0.7845,0.8589,0.5904
0.8843,0.8796,0.8796,0.9678,0.5505,0.6659,0.7068,0.4709,0.647,0.5441,0.4944,0.4944,0.7152,0.5843,0.4517,0.5165,0.8565,1.628,0.5725,0.668,0.8253,0.4932
0.811,0.8256,0.8256,0.6708,0.3599,0.5078,0.5208,0.3651,0.4696,0.5744,0.3384,0.3384,0.5532,0.3983,0.3172,0.3836,0.7411,1.3012,0.404,0.5073,0.7441,0.438
0.6873,0.72,0.72,0.3499,0.1627,0.3273,0.3144,0.2322,0.312,0.6237,0.1704,0.1704,0.3576,0.1948,0.166,0.2197,0.5272,0.898,0.2108,0.3127,0.6143,0.3324
0.5143,0.558,0.558,0.0882,0.0468,0.1578,0.12,0.112,0.166,0.5549,0.054,0.054,0.1668,0.055,0.0542,0.0733,0.3173,0.4937,0.0632,0.1215,0.4372,0.1776
0.306,0.3552,0.3552,0.0005,0,0.0509,0.03,0.0285,0.0643,0.4004,0,0,0.0492,1.00E-04,0,0.0079,0.1617,0.1858,0.0012,0.0265,0.2313,0.054
0.099,0.1452,0.1452,0,0,0.0014,0,0,0.0038,0.2247,0,0,0,0,0,0,0.0467,0.017,0,0,0.0581,0
0.0176,0.0324,0.0324,0,0,0,0,0,1.00E-04,0.0796,0,0,0,0,0,0,0,0.0004,0,0,0.0029,0
0,0,0,0,0,0,0,0,0,0.0126,0,0,0,0,0,0,0,0,0,0,0,0
0,0,0,0,0,0,0,0,0,0,0,0,0,0,0,0,0,0,0,0,0,0
0,0,0,0,0,0,0,0,0,0,0,0,0,0,0,0,0,0,0,0,0,0
0,0,0,0,0,0,0,0,0,0,0,0,0,0,0,0,0,0,0,0,0,0
0,0,0,0,0,0,0,0,0,0,0,0,0,0,0,0,0,0,0,0,0,0
0,0,0,0,0,0,0,0,0,0,0,0,0,0,0,0,0,0,0,0,0,0
0,0,0,0,0.008,0,0,0,0,0,0.0012,0.0012,0,0,6.00E-04,0,0,0,0,0,0,0
0,0,0,0,0.0658,0.003,0.024,0,0.002,0,0.0588,0.0588,0.0048,0.0393,0.0522,0.0335,0,0,0.009,0.0026,0,0
0,0,0,0.0837,0.2569,0.0499,0.1104,0.0199,0.0309,1.00E-04,0.2088,0.2088,0.0684,0.1553,0.1877,0.1391,0,0.0312,0.0954,0.066,1.00E-04,0.0036
0.0094,0,0,0.2715,0.479,0.1914,0.2676,0.1228,0.0955,0.0046,0.4236,0.4236,0.2304,0.3691,0.4023,0.3483,0.0589,0.2221,0.288,0.2236,0.0089,0.0852
0.0726,0.0456,0.0456,0.4824,0.6704,0.3593,0.4896,0.2845,0.1868,0.0699,0.6168,0.6168,0.4392,0.5709,0.598,0.5527,0.1921,0.5406,0.4968,0.4214,0.0732,0.228
0.2502,0.1692,0.1692,0.6528,0.8128,0.5116,0.6768,0.461,0.2938,0.2,0.7488,0.7488,0.6252,0.7292,0.7348,0.7138,0.3535,0.9696,0.6738,0.6,0.2708,0.378
0.4525,0.3312,0.3312,0.8009,0.9025,0.6601,0.7956,0.5894,0.4289,0.3908,0.8304,0.8304,0.768,0.8219,0.818,0.8166,0.4818,1.4706,0.7927,0.7283,0.4804,0.516
0.6389,0.5124,0.5124,0.9168,0.9392,0.7868,0.8496,0.668,0.5166,0.5783,0.882,0.882,0.8568,0.871,0.87,0.8741,0.6109,1.7759,0.8617,0.8082,0.6525,0.6012
0.7759,0.6744,0.6744,0.9961,0.9261,0.8458,0.8736,0.7027,0.5237,0.7425,0.9,0.9,0.894,0.8877,0.8924,0.8831,0.7281,1.9353,0.8767,0.8366,0.7726,0.6384
0.8584,0.8268,0.8268,0.8865,0.8607,0.8327,0.8604,0.6866,0.5468,0.8561,0.8472,0.8472,0.8796,0.8529,0.8425,0.8438,0.8291,1.9193,0.8419,0.8206,0.8398,0.6072
0.8912,0.888,0.888,0.7689,0.7448,0.7596,0.7932,0.6376,0.5361,0.8853,0.7332,0.7332,0.8184,0.7565,0.7324,0.7546,0.8939,1.7934,0.7573,0.7572,0.8548,0.5616
0.8739,0.876,0.876,0.5575,0.5787,0.6297,0.6696,0.5487,0.4572,0.8443,0.5724,0.5724,0.7104,0.6072,0.577,0.6145,0.812,1.531,0.62,0.6461,0.8227,0.4932
0.8067,0.8184,0.8184,0.3742,0.3735,0.4884,0.5004,0.4309,0.3593,0.7892,0.3804,0.3804,0.5556,0.4101,0.3861,0.4295,0.6401,1.3352,0.437,0.4926,0.7425,0.3996
0.6852,0.7032,0.7032,0.1733,0.1588,0.343,0.3048,0.2726,0.2458,0.7058,0.1788,0.1788,0.3648,0.1933,0.1875,0.2287,0.3801,1.013,0.2294,0.3055,0.615,0.2844
0.5112,0.5448,0.5448,0.0318,0.0443,0.1719,0.1212,0.1415,0.1423,0.5614,0.054,0.054,0.1656,0.05,0.0583,0.0775,0.1853,0.629,0.0642,0.1231,0.4396,0.156
0.3005,0.3456,0.3456,0.0007,0,0.0577,0.0312,0.0329,0.0572,0.3354,0,0,0.0528,1.00E-04,0,0.0083,0.116,0.2485,0.0012,0.0266,0.2331,0.0468
0.1044,0.144,0.144,0,0,0.0018,0,0,0.0032,0.147,0,0,0,0,0,0,0.0364,0.0277,0,0,0.0587,0
0.0207,0.0324,0.0324,0,0,0,0,0,1.00E-04,0.0605,0,0,0,0,0,0,0,0.0003,0,0,0.0029,0
0,0,0,0,0,0,0,0,0,0.0077,0,0,0,0,0,0,0,0,0,0,0,0
0,0,0,0,0,0,0,0,0,0,0,0,0,0,0,0,0,0,0,0,0,0
0,0,0,0,0,0,0,0,0,0,0,0,0,0,0,0,0,0,0,0,0,0
0,0,0,0,0,0,0,0,0,0,0,0,0,0,0,0,0,0,0,0,0,0
0,0,0,0,0,0,0,0,0,0,0,0,0,0,0,0,0,0,0,0,0,0
0,0,0,0,0,0,0,0,0,0,0,0,0,0,0,0,0,0,0,0,0,0
0,0,0,0,0.0083,0,0,0,0,0,0.0012,0.0012,0,0,6.00E-04,0,0,0,0,0,0,0
0,0,0,0,0.0705,0.003,0.0192,0,9.00E-04,0,0.0576,0.0576,0.0048,0.0382,0.0521,0.0335,0,0,0.009,0.0026,0,0
0,0,0,0.0933,0.2562,0.0568,0.1104,0.02,0.0461,1.00E-04,0.2088,0.2088,0.0732,0.155,0.1877,0.142,0,0.0653,0.0876,0.0692,0,0.0012
0.0106,0,0,0.3331,0.4737,0.1909,0.2532,0.1177,0.1679,0.0041,0.4272,0.4272,0.2184,0.3775,0.3965,0.3273,0.0576,0.3467,0.2946,0.2044,0.0087,0.0564
0.0731,0.048,0.048,0.6152,0.6617,0.3723,0.3948,0.2727,0.3345,0.0509,0.6228,0.6228,0.42,0.5844,0.5989,0.5238,0.1753,0.8237,0.51,0.3678,0.0754,0.1608
0.2654,0.1788,0.1788,0.9066,0.8004,0.538,0.492,0.4221,0.4938,0.1321,0.7716,0.7716,0.6036,0.7436,0.7526,0.6851,0.3346,1.2909,0.6864,0.5496,0.265,0.2844
0.4806,0.3816,0.3816,1.1757,0.8844,0.6742,0.5352,0.5517,0.5935,0.1883,0.8688,0.8688,0.7284,0.8455,0.8521,0.8003,0.5488,1.6318,0.8094,0.6826,0.4694,0.4188
0.6599,0.5712,0.5712,1.2892,0.9169,0.7519,0.5904,0.6385,0.6571,0.284,0.912,0.912,0.7908,0.8818,0.8988,0.847,0.7446,1.7339,0.8754,0.7416,0.638,0.5148
0.7877,0.714,0.714,1.3186,0.8956,0.7603,0.6192,0.6943,0.6852,0.4324,0.906,0.906,0.7716,0.8835,0.8997,0.8464,0.8597,1.6876,0.8856,0.7373,0.7566,0.5844
0.8612,0.8028,0.8028,1.1479,0.8252,0.6964,0.5772,0.7101,0.6087,0.6508,0.8316,0.8316,0.6648,0.8301,0.8329,0.7931,0.9116,1.675,0.8466,0.6871,0.8234,0.6156
0.8903,0.852,0.852,0.9262,0.6877,0.5547,0.4992,0.6867,0.5562,0.7832,0.7404,0.7404,0.4752,0.7195,0.7436,0.6966,0.9047,1.6455,0.7548,0.586,0.8411,0.5928
0.8665,0.8532,0.8532,0.7391,0.5099,0.3868,0.4068,0.6152,0.4403,0.8072,0.5616,0.5616,0.3816,0.5813,0.5831,0.5653,0.8508,1.3435,0.6138,0.4897,0.8111,0.5364
0.7826,0.8052,0.8052,0.584,0.3462,0.2755,0.3132,0.4908,0.2923,0.7615,0.3576,0.3576,0.3096,0.397,0.3815,0.3976,0.7167,1.0913,0.4327,0.3815,0.7307,0.4248
0.6575,0.696,0.696,0.3402,0.161,0.1987,0.2004,0.3253,0.2334,0.6659,0.1812,0.1812,0.2304,0.1909,0.1939,0.2176,0.5491,0.8537,0.227,0.2532,0.6027,0.288
0.4933,0.54,0.54,0.0961,0.0468,0.1,0.0876,0.1589,0.1679,0.4868,0.054,0.054,0.1212,0.0524,0.0562,0.0748,0.3724,0.54,0.0636,0.1165,0.4308,0.1608
0.2958,0.3432,0.3432,0.0008,0,0.0251,0.0144,0.0386,0.0698,0.302,0,0,0.0348,1.00E-04,5.00E-04,0.0072,0.1837,0.2076,0.0012,0.0184,0.231,0.0492
0.0958,0.1392,0.1392,0,0,0,0,0,0.0082,0.1797,0,0,0,0,0,0,0.0493,2.62E-02,0,0,0.0613,0
0.0205,0.0312,0.0312,0,0,0,0,0,1.00E-04,0.0773,0,0,0,0,0,0,0,0.0003,0,0,0.0039,0
0,0,0,0,0,0,0,0,0,0.0131,0,0,0,0,0,0,0,0,0,0,0,0
0,0,0,0,0,0,0,0,0,0,0,0,0,0,0,0,0,0,0,0,0,0
0,0,0,0,0,0,0,0,0,0,0,0,0,0,0,0,0,0,0,0,0,0
0,0,0,0,0,0,0,0,0,0,0,0,0,0,0,0,0,0,0,0,0,0
0,0,0,0,0,0,0,0,0,0,0,0,0,0,0,0,0,0,0,0,0,0
0,0,0,0,0,0,0,0,0,0,0,0,0,0,0,0,0,0,0,0,0,0
0,0,0,0,0.0082,0,0,0,0,0,0.0012,0.0012,0,0,0,0,0,0,0,0,0,0
0,0,0,0.0024,0.0805,8.00E-04,0.006,0,8.00E-04,0,0.0636,0.0636,0.0024,0.0382,0.0535,0.0326,0,0,0.0096,0.0023,0,0
0,0,0,0.1265,0.2501,0.0465,0.048,0.0212,0.0541,1.00E-04,0.1932,0.1932,0.0708,0.1564,0.1763,0.1277,0,0.0686,0.0906,0.0718,1.00E-04,0.0036
0.0098,0,0,0.473,0.4734,0.1608,0.1116,0.1251,0.1838,0.0048,0.3708,0.3708,0.2172,0.3693,0.3654,0.2884,0.0433,0.3529,0.2898,0.2157,0.009,0.0792
0.0677,0.0432,0.0432,0.8812,0.6635,0.3363,0.2088,0.3054,0.3874,0.0604,0.534,0.534,0.4176,0.57,0.5434,0.4564,0.1874,0.8306,0.4968,0.3895,0.0798,0.2544
0.2615,0.1764,0.1764,1.2249,0.8059,0.4948,0.2928,0.4812,0.5593,0.1614,0.6564,0.6564,0.6096,0.73,0.6799,0.5996,0.4153,1.281,0.6654,0.5385,0.2626,0.4488
0.472,0.3984,0.3984,1.468,0.9001,0.5795,0.2856,0.6323,0.6634,0.2807,0.7656,0.7656,0.7584,0.8294,0.7767,0.6796,0.6132,1.5756,0.783,0.6266,0.4633,0.6132
0.6513,0.594,0.594,1.6031,0.938,0.5892,0.2628,0.7278,0.7045,0.3919,0.8196,0.8196,0.8556,0.8634,0.8211,0.6788,0.7619,1.7304,0.8496,0.6466,0.6299,0.7284
0.7803,0.7416,0.7416,1.6421,0.9233,0.5699,0.258,0.7745,0.7492,0.5026,0.8256,0.8256,0.8952,0.8663,0.8205,0.6431,0.8555,1.7309,0.864,0.6263,0.745,0.7932
0.8594,0.84,0.84,1.5661,0.8577,0.5715,0.4104,0.7653,0.734,0.5262,0.7728,0.7728,0.852,0.8428,0.7676,0.5867,0.8986,1.6357,0.8203,0.5817,0.8094,0.8088
0.8801,0.8856,0.8856,1.3869,0.7415,0.6006,0.4992,0.7168,0.6912,0.5659,0.6792,0.6792,0.78,0.7485,0.6889,0.5382,0.8949,1.5737,0.7333,0.5321,0.8275,0.7752
0.8548,0.8808,0.8808,1.1139,0.5757,0.5782,0.4944,0.6177,0.589,0.5536,0.5388,0.5388,0.6984,0.5947,0.5511,0.4357,0.843,1.4631,0.6084,0.4529,0.7983,0.6936
0.7926,0.8244,0.8244,0.7593,0.3701,0.4386,0.3564,0.4796,0.4329,0.4929,0.3636,0.3636,0.5208,0.3989,0.3743,0.3107,0.7447,1.2345,0.4291,0.3352,0.72,0.5628
0.6713,0.7164,0.7164,0.3637,0.1626,0.2771,0.2388,0.3107,0.3004,0.4033,0.186,0.186,0.3192,0.1941,0.1932,0.1667,0.596,0.9861,0.2263,0.2111,0.596,0.3864
0.5026,0.5556,0.5556,0.0912,0.0457,0.1459,0.1128,0.1507,0.1573,0.3299,0.0576,0.0576,0.1584,0.0525,0.0608,0.0556,0.4017,0.637,0.0649,0.0923,0.4269,0.198
0.2992,0.3528,0.3528,0.0008,0,0.0459,0.0228,0.0378,0.0441,0.2416,0,0,0.0516,2.00E-04,5.00E-04,0.0029,0.1825,0.2322,0.0018,0.0155,0.2284,0.0648
0.0991,0.1368,0.1368,0,0,9.00E-04,0,0,0.0016,0.1407,0,0,0,0,0,0,0.0433,0.0287,0,0,0.0588,0
0.0208,0.03,0.03,0,0,0,0,0,0,0.0664,0,0,0,0,0,0,0,0.0002,0,0,0.0039,0
0,0,0,0,0,0,0,0,0,0.012,0,0,0,0,0,0,0,0,0,0,0,0
0,0,0,0,0,0,0,0,0,0,0,0,0,0,0,0,0,0,0,0,0,0
0,0,0,0,0,0,0,0,0,0,0,0,0,0,0,0,0,0,0,0,0,0
0,0,0,0,0,0,0,0,0,0,0,0,0,0,0,0,0,0,0,0,0,0
0,0,0,0,0,0,0,0,0,0,0,0,0,0,0,0,0,0,0,0,0,0
0,0,0,0,0,0,0,0,0,0,0,0,0,0,0,0,0,0,0,0,0,0
0,0,0,0,0.0083,0,0,0,0,0,0.0012,0.0012,0,0,6.00E-04,0,0,0,0,0,0,0
0,0,0,0.0024,0.0735,0.0022,0.0252,0,0.0017,0,0.0648,0.0648,0.0036,0.045,0.0502,0.0291,0,0,0.009,0.0023,0,0
0,0,0,0.1264,0.2502,0.0516,0.1116,0.0176,0.0566,0,0.1848,0.1848,0.0696,0.1673,0.1521,0.1158,0,0.0662,0.0875,0.0654,1.00E-04,0.0036
0.0098,0,0,0.4706,0.4664,0.1638,0.3036,0.112,0.167,0.0038,0.3804,0.3804,0.2088,0.3694,0.3084,0.2553,0.0445,0.324,0.2365,0.194,0.0087,0.0816
0.065,0.0432,0.0432,0.8753,0.6556,0.3231,0.5004,0.2651,0.3604,0.0549,0.582,0.582,0.3384,0.5271,0.4601,0.388,0.1838,0.8546,0.4169,0.3572,0.073,0.1944
0.2626,0.1776,0.1776,1.2162,0.8018,0.4469,0.6624,0.428,0.5397,0.1601,0.7344,0.7344,0.3204,0.5979,0.5754,0.4896,0.4045,1.4164,0.5837,0.5132,0.2597,0.3012
0.4827,0.4008,0.4008,1.464,0.8954,0.5716,0.774,0.5621,0.685,0.3277,0.8364,0.8364,0.3804,0.6434,0.6584,0.5595,0.6012,1.8757,0.7152,0.6607,0.4596,0.3612
0.6645,0.6,0.6,1.6018,0.9329,0.706,0.8388,0.6597,0.7836,0.4374,0.894,0.894,0.6024,0.6514,0.7085,0.6111,0.7499,2.2011,0.7993,0.7702,0.6242,0.408
0.795,0.75,0.75,1.6364,0.9173,0.7968,0.846,0.7132,0.8255,0.512,0.8844,0.8844,0.7848,0.6157,0.7083,0.6234,0.8459,2.3812,0.8167,0.8242,0.7405,0.4296
0.8711,0.846,0.846,1.5701,0.8547,0.8084,0.7944,0.7258,0.8287,0.641,0.7992,0.7992,0.8112,0.5319,0.6518,0.5854,0.8939,2.4338,0.7825,0.8083,0.8091,0.4548
0.8969,0.894,0.894,1.4005,0.7368,0.7486,0.6624,0.689,0.7863,0.7203,0.672,0.672,0.7344,0.4058,0.5669,0.5124,0.8903,2.3445,0.7004,0.7368,0.829,0.4488
0.8729,0.8916,0.8916,1.1276,0.5726,0.6689,0.4824,0.6067,0.6852,0.803,0.516,0.516,0.6564,0.2904,0.4517,0.3975,0.8374,2.1208,0.5751,0.6268,0.8011,0.4224
0.797,0.8364,0.8364,0.7658,0.3681,0.5352,0.1608,0.474,0.5538,0.8216,0.3336,0.3336,0.5124,0.2101,0.3172,0.2965,0.7375,1.7504,0.4115,0.4783,0.7248,0.342
0.6714,0.7272,0.7272,0.3632,0.1621,0.3631,0.0996,0.3113,0.3965,0.7245,0.1788,0.1788,0.3324,0.1445,0.1779,0.1831,0.5886,1.2681,0.2215,0.2975,0.6003,0.2328
0.503,0.5652,0.5652,0.0912,0.0461,0.1849,0.0684,0.1496,0.2197,0.5696,0.0564,0.0564,0.1632,0.0528,0.0592,0.0768,0.3956,0.7297,0.0685,0.1284,0.4302,0.1344
0.3016,0.3588,0.3588,0.0008,1.00E-04,0.0538,0.0168,0.0371,0.0715,0.3925,0,0,0.048,1.00E-04,0,0.0068,0.1801,0.2515,0.0012,0.0262,0.2281,0.042
0.1013,0.138,0.138,0,0,0.0018,0,0,0.0079,0.1875,0,0,0,0,0,0,0.0458,0.0321,0,0,0.0567,0
0.0209,0.03,0.03,0,0,0,0,0,1.00E-04,0.0749,0,0,0,0,0,0,0,0.0004,0,0,0.0029,0
0,0,0,0,0,0,0,0,0,0.0093,0,0,0,0,0,0,0,0,0,0,0,0
0,0,0,0,0,0,0,0,0,0,0,0,0,0,0,0,0,0,0,0,0,0
0,0,0,0,0,0,0,0,0,0,0,0,0,0,0,0,0,0,0,0,0,0
0,0,0,0,0,0,0,0,0,0,0,0,0,0,0,0,0,0,0,0,0,0
0,0,0,0,0,0,0,0,0,0,0,0,0,0,0,0,0,0,0,0,0,0
0,0,0,0,0,0,0,0,0,0,0,0,0,0,0,0,0,0,0,0,0,0
0,0,0,0,0.0095,0,0,0,0,0,0.0012,0.0012,0,0,6.00E-04,0,0,0,0,0,0,0
0,0,0,0,0.0808,0.003,0.0192,0,0.002,0,0.0684,0.0684,0.0048,0.0291,0.0456,0.0194,0,0,0.0096,0.0025,0,0
0,0,0,0.1312,0.254,0.055,0.1092,0.0203,0.0521,0,0.21,0.21,0.0708,0.1338,0.1711,0.1195,0,0.0644,0.0937,0.068,0,0
0.0105,0,0,0.3402,0.4597,0.1885,0.282,0.1127,0.1777,0.0042,0.4104,0.4104,0.2232,0.3061,0.3601,0.2951,0.0423,0.3115,0.2832,0.2188,0.0069,0.0408
0.0693,0.0444,0.0444,0.5584,0.6391,0.386,0.4728,0.27,0.3682,0.0535,0.588,0.588,0.4212,0.5061,0.5337,0.4801,0.1839,0.8323,0.4794,0.4132,0.0623,0.12
0.2692,0.1788,0.1788,0.691,0.7696,0.57,0.6372,0.4355,0.5307,0.1534,0.6828,0.6828,0.6012,0.6632,0.6504,0.6356,0.4116,1.3938,0.6401,0.5904,0.2671,0.2172
0.4926,0.3924,0.3924,0.7727,0.8383,0.7132,0.7548,0.5844,0.6588,0.3093,0.7224,0.7224,0.738,0.7737,0.7043,0.7238,0.6109,1.8611,0.7499,0.7249,0.479,0.3084
0.6778,0.5988,0.5988,0.7656,0.8444,0.8063,0.828,0.682,0.7707,0.4361,0.714,0.714,0.8256,0.8328,0.6978,0.774,0.7595,2.197,0.8147,0.7986,0.6511,0.3936
0.8105,0.75,0.75,0.6978,0.7355,0.8529,0.852,0.7301,0.8422,0.4848,0.51,0.51,0.8652,0.833,0.6145,0.7999,0.8541,2.392,0.8237,0.8261,0.7711,0.4368
0.8886,0.8556,0.8556,0.6218,0.6597,0.8502,0.8244,0.7311,0.8491,0.6113,0.4716,0.4716,0.8568,0.784,0.5942,0.745,0.9021,2.4403,0.7671,0.8011,0.8366,0.4524
0.916,0.8976,0.8976,0.5376,0.6204,0.7981,0.756,0.6854,0.8071,0.7199,0.5928,0.5928,0.7968,0.6739,0.6264,0.6776,0.8978,2.3447,0.6502,0.7326,0.8539,0.4428
0.8927,0.8964,0.8964,0.4214,0.4539,0.6993,0.6408,0.5926,0.7182,0.7821,0.4068,0.4068,0.6936,0.5224,0.4818,0.576,0.8443,2.1058,0.5176,0.6207,0.8231,0.3804
0.8173,0.84,0.84,0.2898,0.2463,0.5543,0.4824,0.4531,0.5816,0.7889,0.228,0.228,0.5424,0.3481,0.3106,0.4086,0.7449,1.7264,0.3649,0.4662,0.7438,0.3036
0.6931,0.7308,0.7308,0.1337,0.0991,0.37,0.2976,0.2915,0.4054,0.6904,0.15,0.15,0.348,0.1796,0.1775,0.2287,0.5917,1.2452,0.2027,0.2978,0.6139,0.1884
0.519,0.5676,0.5676,0.0225,0.0244,0.1837,0.1212,0.1361,0.216,0.5325,0.0516,0.0516,0.1656,0.0546,0.059,0.0802,0.3866,0.7148,0.0648,0.1248,0.4383,0.096
0.3097,0.3612,0.3612,0.0008,0,0.056,0.0288,0.0318,0.0741,0.3864,0,0,0.0492,1.00E-04,0,0.0078,0.181,0.2621,0.0012,0.0263,0.2339,0.0216
0.1004,0.138,0.138,0,0,0.0023,0,0,0.0065,0.2291,0,0,0,0,0,0,0.054,0.0341,0,0,0.0538,0
0.0207,0.03,0.03,0,0,0,0,0,1.00E-04,0.0905,0,0,0,0,0,0,0,0.0003,0,0,0.0029,0
0,0,0,0,0,0,0,0,0,0.0164,0,0,0,0,0,0,0,0,0,0,0,0
0,0,0,0,0,0,0,0,0,0,0,0,0,0,0,0,0,0,0,0,0,0
0,0,0,0,0,0,0,0,0,0,0,0,0,0,0,0,0,0,0,0,0,0
0,0,0,0,0,0,0,0,0,0,0,0,0,0,0,0,0,0,0,0,0,0
0,0,0,0,0,0,0,0,0,0,0,0,0,0,0,0,0,0,0,0,0,0
0,0,0,0,0,0,0,0,0,0,0,0,0,0,0,0,0,0,0,0,0,0
0,0,0,0,0.0051,0,0,0,0,0,0,0,0,0,0,0,0,0,0,0,0,0
0,0,0,0,0.0673,0.003,0.024,0,0.002,0,0.054,0.054,0.0048,0.0394,0.0475,0.031,0,0,0.0096,0.0027,0,0
0,0,0,0.1218,0.2014,0.0547,0.1044,0.0203,0.0567,1.00E-04,0.1812,0.1812,0.0684,0.1543,0.1672,0.1303,0,0.0675,0.0936,0.0677,1.00E-04,0.0024
0.01,0,0,0.364,0.3845,0.1899,0.2868,0.1189,0.1807,0.0066,0.3684,0.3684,0.2196,0.3376,0.3484,0.3029,0.0565,0.3382,0.276,0.2196,0.0087,0.0816
0.0649,0.0456,0.0456,0.5416,0.5428,0.3744,0.48,0.2945,0.3653,0.0723,0.5532,0.5532,0.3864,0.518,0.5302,0.489,0.1814,0.8412,0.4697,0.4162,0.0707,0.234
0.2727,0.1788,0.1788,0.591,0.6422,0.5452,0.6456,0.4625,0.5335,0.2173,0.6828,0.6828,0.5388,0.665,0.6714,0.6449,0.3745,1.3563,0.6317,0.5898,0.2679,0.3708
0.5035,0.3972,0.3972,0.4996,0.7593,0.6881,0.7668,0.5949,0.6392,0.4248,0.7824,0.7824,0.7068,0.7666,0.7729,0.7603,0.5782,1.7676,0.7499,0.7197,0.479,0.4716
0.6927,0.5916,0.5916,0.4899,0.8226,0.7783,0.8412,0.6797,0.7197,0.5811,0.8328,0.8328,0.8196,0.8233,0.8225,0.8187,0.7151,2.0264,0.814,0.8023,0.6474,0.5112
0.8256,0.738,0.738,0.5099,0.8039,0.8121,0.8664,0.7156,0.7386,0.6881,0.8292,0.8292,0.8628,0.8298,0.8237,0.8308,0.8255,2.142,0.8267,0.8351,0.7647,0.4956
0.9006,0.8328,0.8328,0.5168,0.7383,0.7952,0.8412,0.7044,0.7133,0.712,0.7536,0.7536,0.852,0.7789,0.7579,0.7843,0.9011,2.0598,0.783,0.8196,0.8274,0.4416
0.9252,0.8832,0.8832,0.4376,0.6321,0.7346,0.7692,0.6551,0.6527,0.7482,0.6504,0.6504,0.7968,0.6843,0.6633,0.7016,0.9115,1.8358,0.6948,0.7554,0.8441,0.3876
0.9004,0.8808,0.8808,0.3163,0.4691,0.6259,0.6504,0.5712,0.5357,0.7661,0.51,0.51,0.6936,0.5415,0.5263,0.5726,0.8621,1.5481,0.5457,0.6347,0.8147,0.3384
0.8267,0.8232,0.8232,0.209,0.2916,0.4871,0.4884,0.4501,0.424,0.693,0.3408,0.3408,0.5448,0.3663,0.3576,0.4058,0.763,1.1357,0.3874,0.4842,0.7354,0.2676
0.7024,0.7152,0.7152,0.1214,0.1402,0.33,0.3,0.2991,0.2953,0.5795,0.1704,0.1704,0.36,0.184,0.1826,0.2242,0.6081,0.7857,0.2142,0.3014,0.6094,0.1908
0.5275,0.5568,0.5568,0.0318,0.0378,0.1706,0.12,0.142,0.1602,0.4787,0.0516,0.0516,0.168,0.0538,0.0571,0.0785,0.4102,0.46,0.0679,0.1249,0.4363,0.1068
0.3144,0.354,0.354,0.0007,0,0.0561,0.03,0.0348,0.0616,0.3855,0,0,0.0528,1.00E-04,5.00E-04,0.0082,0.1897,0.1795,0.0012,0.0262,0.2319,0.0312
0.0974,0.1404,0.1404,0,0,0.0014,0,0,0.0032,0.2212,0,0,0,0,0,0,0.0505,0.017,0,0,0.0547,0
0.0204,0.0312,0.0312,0,0,0,0,0,1.00E-04,0.0827,0,0,0,0,0,0,0,0.0004,0,0,0.0029,0
0,0,0,0,0,0,0,0,0,0.0104,0,0,0,0,0,0,0,0,0,0,0,0
0,0,0,0,0,0,0,0,0,0,0,0,0,0,0,0,0,0,0,0,0,0
0,0,0,0,0,0,0,0,0,0,0,0,0,0,0,0,0,0,0,0,0,0
0,0,0,0,0,0,0,0,0,0,0,0,0,0,0,0,0,0,0,0,0,0
0,0,0,0,0,0,0,0,0,0,0,0,0,0,0,0,0,0,0,0,0,0
0,0,0,0,0,0,0,0,0,0,0,0,0,0,0,0,0,0,0,0,0,0
0,0,0,0,0.0081,0,0,0,0,0,0.0012,0.0012,0,0,6.00E-04,0,0,0,0,0,0,0
0,0,0,0,0.0765,0.0022,0.024,0,0.002,0,0.0624,0.0624,0.0024,0.0394,0.0509,0.0308,0,0,0.0096,0.0027,0,0
0,0,0,0.0672,0.2386,0.0558,0.1116,0.0221,0.0542,1.00E-04,0.1968,0.1968,0.0768,0.1531,0.1718,0.1281,0,0.0628,0.0936,0.0693,1.00E-04,0.0024
0.0096,0,0,0.1932,0.4347,0.1906,0.282,0.1237,0.1575,0.0049,0.3876,0.3876,0.2208,0.3377,0.3447,0.2952,0.0481,0.3283,0.2766,0.2181,0.0089,0.0744
0.066,0.0444,0.0444,0.3448,0.6079,0.3706,0.4716,0.3,0.3542,0.0669,0.5664,0.5664,0.3636,0.5205,0.5204,0.477,0.1887,0.872,0.4715,0.4087,0.0714,0.1992
0.267,0.1776,0.1776,0.5009,0.7395,0.5262,0.6456,0.4708,0.5611,0.2021,0.708,0.708,0.45,0.6686,0.6764,0.6449,0.4191,1.4193,0.6347,0.5827,0.2645,0.3168
0.4884,0.3996,0.3996,0.6252,0.8254,0.6382,0.7644,0.5856,0.7196,0.388,0.8016,0.8016,0.4872,0.7675,0.7789,0.759,0.6255,1.8732,0.7504,0.7006,0.471,0.4056
0.6679,0.6,0.6,0.7099,0.8601,0.687,0.8304,0.6171,0.8356,0.5346,0.8448,0.8448,0.4392,0.8194,0.8261,0.8177,0.7767,2.1818,0.8121,0.769,0.6413,0.4716
0.7962,0.7464,0.7464,0.7747,0.8442,0.7065,0.852,0.6096,0.8996,0.6255,0.8388,0.8388,0.4068,0.8232,0.8246,0.8274,0.8738,2.3537,0.8253,0.7987,0.7601,0.5196
0.8695,0.8472,0.8472,0.8316,0.7747,0.7329,0.726,0.5918,0.9064,0.6953,0.7848,0.7848,0.498,0.773,0.7696,0.7792,0.917,2.4062,0.7856,0.7705,0.8275,0.5268
0.8921,0.8952,0.8952,0.8233,0.666,0.7519,0.5976,0.5627,0.8607,0.7446,0.6828,0.6828,0.6852,0.6784,0.6726,0.6932,0.9085,2.3423,0.6979,0.7377,0.8433,0.4836
0.856,0.8904,0.8904,0.6834,0.5133,0.6858,0.4224,0.5302,0.765,0.745,0.5364,0.5364,0.6936,0.538,0.5329,0.5616,0.8532,2.1281,0.5557,0.6217,0.8109,0.4068
0.7801,0.834,0.834,0.4879,0.331,0.5392,0.3012,0.4504,0.619,0.7113,0.3552,0.3552,0.5604,0.3586,0.3621,0.3988,0.751,1.773,0.3863,0.4387,0.7288,0.2964
0.672,0.7248,0.7248,0.233,0.155,0.3696,0.1836,0.3068,0.4311,0.6361,0.174,0.174,0.372,0.1801,0.1838,0.2214,0.5997,1.2859,0.2022,0.2577,0.6005,0.2052
0.5088,0.5628,0.5628,0.0439,0.0447,0.191,0.0792,0.1457,0.2298,0.5184,0.0528,0.0528,0.1776,0.0513,0.0572,0.0774,0.4042,0.7391,0.0655,0.1118,0.4275,0.1128
0.304,0.3564,0.3564,0.0008,0,0.0505,0.018,0.0358,0.0699,0.3792,0,0,0.0492,1.00E-04,0,0.0074,0.186,0.2383,0.0012,0.0198,0.2302,0.0348
0.1009,0.1404,0.1404,0,0,0.0018,0,0,0.008,0.2172,0,0,0,0,0,0,0.0446,0.0342,0,0,0.0606,0
0.0208,0.0312,0.0312,0,0,0,0,0,1.00E-04,0.0904,0,0,0,0,0,0,0,0.0004,0,0,0.0039,0
0,0,0,0,0,0,0,0,0,0.0142,0,0,0,0,0,0,0,0,0,0,0,0
0,0,0,0,0,0,0,0,0,0,0,0,0,0,0,0,0,0,0,0,0,0
0,0,0,0,0,0,0,0,0,0,0,0,0,0,0,0,0,0,0,0,0,0
0,0,0,0,0,0,0,0,0,0,0,0,0,0,0,0,0,0,0,0,0,0
0,0,0,0,0,0,0,0,0,0,0,0,0,0,0,0,0,0,0,0,0,0
0,0,0,0,0,0,0,0,0,0,0,0,0,0,0,0,0,0,0,0,0,0
0,0,0,0,0.0082,0,0,0,0,0,0.0012,0.0012,0,0,6.00E-04,0,0,0,0,0,0,0
0,0,0,0,0.0808,0.003,0.0252,0,0.002,0,0.0672,0.0672,0.0048,0.0394,0.0499,0.0268,0,0,0.0102,0.0023,0,0
0,0,0,0.1123,0.2312,0.0516,0.108,0.0167,0.0524,1.00E-04,0.1992,0.1992,0.0648,0.1545,0.1668,0.1224,0,0.0648,0.0984,0.0678,1.00E-04,0.0036
0.0098,0,0,0.3568,0.416,0.1912,0.3,0.1075,0.1822,0.0048,0.372,0.372,0.2316,0.3397,0.3362,0.2922,0.0434,0.3171,0.27,0.2002,0.0092,0.0804
0.069,0.0444,0.0444,0.6936,0.5913,0.4031,0.504,0.2617,0.3944,0.046,0.5052,0.5052,0.4464,0.5198,0.4965,0.4821,0.1839,0.8625,0.4506,0.3727,0.0767,0.2568
0.2616,0.1776,0.1776,0.9399,0.7202,0.5943,0.6708,0.4359,0.5873,0.1096,0.6168,0.6168,0.6348,0.6682,0.6282,0.6339,0.4095,1.449,0.6091,0.5392,0.2639,0.45
0.4845,0.402,0.402,1.0975,0.8065,0.743,0.786,0.5989,0.7406,0.2132,0.7128,0.7128,0.7776,0.772,0.7166,0.7357,0.6038,1.9796,0.735,0.6886,0.4676,0.6132
0.6682,0.6024,0.6024,1.1188,0.838,0.84,0.8592,0.7125,0.8412,0.2447,0.7716,0.7716,0.8688,0.8253,0.7623,0.7951,0.7429,2.331,0.811,0.7973,0.6356,0.7284
0.7999,0.7536,0.7536,1.0487,0.8271,0.8853,0.8664,0.7672,0.8811,0.3227,0.6912,0.6912,0.9084,0.8258,0.7112,0.8043,0.828,2.5306,0.8057,0.8183,0.7537,0.7944
0.8782,0.8616,0.8616,0.8468,0.7348,0.8814,0.8112,0.7693,0.869,0.5836,0.5376,0.5376,0.8964,0.7683,0.5921,0.736,0.8652,2.5816,0.7496,0.8004,0.8102,0.8016
0.9006,0.9048,0.9048,0.6006,0.6134,0.8209,0.732,0.7113,0.8016,0.5766,0.4272,0.4272,0.8124,0.6567,0.4835,0.6295,0.8519,2.4779,0.6395,0.7384,0.8247,0.7476
0.8763,0.8964,0.8964,0.3587,0.4694,0.7237,0.5472,0.6263,0.698,0.5004,0.3108,0.3108,0.714,0.4955,0.3625,0.5015,0.8154,2.2402,0.4869,0.6286,0.7935,0.6768
0.8034,0.8376,0.8376,0.2096,0.2905,0.562,0.378,0.4922,0.5764,0.5645,0.2196,0.2196,0.5172,0.3078,0.2568,0.3492,0.7323,1.8551,0.3452,0.4784,0.7256,0.5196
0.6773,0.7284,0.7284,0.095,0.1426,0.3768,0.2688,0.3186,0.3926,0.3735,0.12,0.12,0.33,0.149,0.1346,0.1938,0.5861,1.3398,0.1971,0.2992,0.5969,0.3468
0.5082,0.5652,0.5652,0.0177,0.0397,0.1823,0.1248,0.1596,0.2212,0.2667,0.0348,0.0348,0.1488,0.0399,0.0379,0.0651,0.3956,0.7653,0.0643,0.127,0.4246,0.1764
0.3045,0.36,0.36,0.0008,1.00E-04,0.0529,0.0288,0.0392,0.0815,0.1588,0,0,0.0432,1.00E-04,0,0.0073,0.1812,0.2688,0.0012,0.0256,0.2295,0.0516
0.0985,0.1404,0.1404,0,0,0.0023,0,0,0.0096,0.0742,0,0,0,0,0,0,0.0446,0.0356,0,0,0.0637,0
0.0206,0.03,0.03,0,0,0,0,0,1.00E-04,0.0259,0,0,0,0,0,0,0,0.0003,0,0,0.0039,0
0,0,0,0,0,0,0,0,0,0.0033,0,0,0,0,0,0,0,0,0,0,0,0
0,0,0,0,0,0,0,0,0,0,0,0,0,0,0,0,0,0,0,0,0,0
0,0,0,0,0,0,0,0,0,0,0,0,0,0,0,0,0,0,0,0,0,0
0,0,0,0,0,0,0,0,0,0,0,0,0,0,0,0,0,0,0,0,0,0
0,0,0,0,0,0,0,0,0,0,0,0,0,0,0,0,0,0,0,0,0,0
0,0,0,0,0,0,0,0,0,0,0,0,0,0,0,0,0,0,0,0,0,0
0,0,0,0,5.00E-04,0,0,0,0,0,0,0,0,0,0,0,0,0,0,0,0,0
0,0,0,0,0.0258,0.003,0.0252,0,0.0024,0,0.0204,0.0204,0.0048,0.0165,0.0305,0.0267,0,0,0.009,0.0022,0,0
0,0,0,0.1336,0.0791,0.0554,0.1032,0.02,0.0429,1.00E-04,0.096,0.096,0.0708,0.1075,0.1291,0.1221,0,0.0429,0.0937,0.0623,1.00E-04,0.0036
0.0094,0,0,0.3781,0.1519,0.1971,0.3024,0.1215,0.1344,0.0036,0.2508,0.2508,0.234,0.2751,0.3184,0.3141,0.0421,0.2473,0.2651,0.2211,0.009,0.0804
0.0647,0.0444,0.0444,0.5819,0.2457,0.3779,0.51,0.2952,0.2322,0.0483,0.4596,0.4596,0.4332,0.4896,0.5282,0.5275,0.1814,0.6409,0.4442,0.4272,0.0804,0.252
0.2668,0.1788,0.1788,0.6906,0.354,0.5339,0.684,0.4602,0.3208,0.1369,0.6684,0.6684,0.6012,0.6609,0.7051,0.6926,0.4093,1.0652,0.5983,0.6043,0.2627,0.4404
0.4924,0.402,0.402,0.7414,0.4818,0.6467,0.8088,0.5867,0.387,0.2134,0.8028,0.8028,0.738,0.7574,0.8188,0.8052,0.6096,1.455,0.7232,0.739,0.4623,0.6024
0.6766,0.6012,0.6012,0.6795,0.5815,0.7713,0.8844,0.6467,0.5169,0.319,0.8844,0.8844,0.7812,0.8072,0.8777,0.8645,0.7595,2.0354,0.8122,0.8231,0.628,0.7164
0.8082,0.7512,0.7512,0.5881,0.5964,0.809,0.9024,0.6643,0.5766,0.4643,0.8808,0.8808,0.7656,0.8082,0.8768,0.8736,0.8529,2.3686,0.8314,0.854,0.746,0.78
0.8831,0.8496,0.8496,0.5048,0.5609,0.7762,0.876,0.66,0.6527,0.6426,0.8268,0.8268,0.6732,0.7635,0.8256,0.8337,0.8963,2.4609,0.7783,0.829,0.8172,0.7896
0.9075,0.8916,0.8916,0.4537,0.4875,0.6969,0.7896,0.6212,0.565,0.688,0.7248,0.7248,0.6084,0.6653,0.7269,0.7413,0.8878,2.3147,0.7022,0.7561,0.83,0.7524
0.8827,0.8832,0.8832,0.3677,0.369,0.5859,0.6288,0.5548,0.5128,0.6914,0.5748,0.5748,0.6228,0.519,0.5809,0.5979,0.8311,1.9958,0.563,0.6406,0.7956,0.6696
0.8081,0.8304,0.8304,0.2458,0.2468,0.4545,0.3888,0.4722,0.383,0.5871,0.3888,0.3888,0.5112,0.3462,0.3954,0.4126,0.734,1.6152,0.3872,0.4957,0.7089,0.5256
0.6846,0.7188,0.7188,0.1187,0.1373,0.3091,0.1836,0.3321,0.2661,0.5505,0.1884,0.1884,0.306,0.1833,0.1946,0.212,0.5827,1.1951,0.2081,0.3083,0.5803,0.36
0.5139,0.558,0.558,0.0224,0.0456,0.1674,0.054,0.1645,0.1478,0.516,0.0552,0.0552,0.1404,0.0547,0.058,0.0665,0.3896,0.7141,0.0637,0.1232,0.4123,0.1848
0.3078,0.354,0.354,0.0008,0,0.051,0.0204,0.0394,0.0515,0.3864,0,0,0.0396,1.00E-04,5.00E-04,0.0054,0.1824,0.261,6.00E-04,0.0271,0.2323,0.054
0.1017,0.1416,0.1416,0,0,0.0018,0,0,0.0056,0.232,0,0,0,0,0,0,0.0529,0.0314,0,0,0.0725,0
0.0209,0.0312,0.0312,0,0,0,0,0,1.00E-04,0.0974,0,0,0,0,0,0,0,0.0003,0,0,0.0039,0
0,0,0,0,0,0,0,0,0,0.0175,0,0,0,0,0,0,0,0,0,0,0,0
0,0,0,0,0,0,0,0,0,0,0,0,0,0,0,0,0,0,0,0,0,0
0,0,0,0,0,0,0,0,0,0,0,0,0,0,0,0,0,0,0,0,0,0
0,0,0,0,0,0,0,0,0,0,0,0,0,0,0,0,0,0,0,0,0,0
0,0,0,0,0,0,0,0,0,0,0,0,0,0,0,0,0,0,0,0,0,0
0,0,0,0,0,0,0,0,0,0,0,0,0,0,0,0,0,0,0,0,0,0
0,0,0,0,0.0076,0,0,0,0,0,0.0012,0.0012,0,0,6.00E-04,0,0,0,0,0,0,0
0,0,0,0,0.0721,0.0026,0.0192,0,0.002,0,0.0648,0.0648,0.0048,0.0256,0.057,0.0351,0,0,0.009,0.0024,0,0
0,0,0,0.0482,0.2485,0.0574,0.1008,0.0221,0.058,1.00E-04,0.2124,0.2124,0.0756,0.1396,0.1908,0.14,0,0.0668,0.0949,0.0651,1.00E-04,0.0036
0.0105,0,0,0.1599,0.4614,0.1854,0.2148,0.1197,0.1789,0.005,0.4212,0.4212,0.2136,0.3338,0.3952,0.3333,0.054,0.3223,0.2421,0.1948,0.0068,0.078
0.0722,0.042,0.042,0.2924,0.6472,0.3622,0.3624,0.3109,0.3519,0.0612,0.6096,0.6096,0.3588,0.5453,0.5817,0.5257,0.1802,0.8648,0.4099,0.3709,0.0751,0.2496
0.2572,0.1764,0.1764,0.42,0.7861,0.5211,0.564,0.499,0.5369,0.1678,0.7512,0.7512,0.474,0.6997,0.7257,0.6809,0.3796,1.4431,0.5602,0.5556,0.1978,0.4392
0.4716,0.408,0.408,0.5016,0.873,0.6714,0.6984,0.6518,0.6811,0.2898,0.816,0.816,0.6408,0.8003,0.8016,0.7858,0.569,1.927,0.6621,0.7131,0.3206,0.5988
0.6506,0.612,0.612,0.5346,0.9059,0.782,0.6108,0.7552,0.7738,0.4596,0.8016,0.8016,0.7884,0.8477,0.8176,0.8404,0.7093,2.2644,0.7218,0.7794,0.4446,0.7128
0.7787,0.7644,0.7644,0.5333,0.8851,0.8222,0.4344,0.8078,0.8088,0.6087,0.7452,0.7452,0.8244,0.8442,0.7683,0.8253,0.7888,2.4433,0.7218,0.7714,0.5565,0.7764
0.8547,0.864,0.864,0.5022,0.8107,0.8166,0.546,0.809,0.8054,0.7324,0.642,0.642,0.8016,0.7959,0.6643,0.7528,0.8333,2.4861,0.6734,0.7494,0.6678,0.7908
0.8759,0.9096,0.9096,0.4418,0.6763,0.7492,0.3852,0.7616,0.754,0.7352,0.4416,0.4416,0.6936,0.7038,0.4821,0.6262,0.8249,2.3713,0.5769,0.7119,0.745,0.756
0.8465,0.9036,0.9036,0.3519,0.4814,0.6474,0.4356,0.6657,0.6641,0.6874,0.2496,0.2496,0.5748,0.5551,0.2974,0.4744,0.7743,2.1203,0.4616,0.6225,0.7455,0.672
0.7654,0.846,0.846,0.2419,0.2899,0.5167,0.4428,0.5263,0.5362,0.6338,0.1212,0.1212,0.462,0.3718,0.1588,0.3083,0.6813,1.7466,0.3234,0.4781,0.6837,0.5448
0.6397,0.7368,0.7368,0.124,0.1415,0.3464,0.2784,0.325,0.379,0.5819,0.0708,0.0708,0.2952,0.185,0.0942,0.1804,0.5242,1.2647,0.1713,0.3055,0.5775,0.3744
0.4777,0.5736,0.5736,0.0272,0.0404,0.1762,0.1308,0.157,0.2024,0.4951,0.0168,0.0168,0.1476,0.0534,0.0317,0.0673,0.3384,0.7237,0.0547,0.1257,0.425,0.1944
0.2901,0.3648,0.3648,0.0008,0,0.0523,0.0276,0.0397,0.0697,0.3623,0,0,0.0408,1.00E-04,0,0.0078,0.1669,0.26,6.00E-04,0.0262,0.2297,0.0552
0.107,0.138,0.138,0,0,0.0018,0,0,0.0064,0.1977,0,0,0,0,0,0,0.0446,0.0298,0,0,0.0639,0
0.0208,0.0276,0.0276,0,0,0,0,0,1.00E-04,0.0714,0,0,0,0,0,0,0,0.0004,0,0,0.0038,0
0,0,0,0,0,0,0,0,0,0.0115,0,0,0,0,0,0,0,0,0,0,0,0
0,0,0,0,0,0,0,0,0,0,0,0,0,0,0,0,0,0,0,0,0,0
0,0,0,0,0,0,0,0,0,0,0,0,0,0,0,0,0,0,0,0,0,0
0,0,0,0,0,0,0,0,0,0,0,0,0,0,0,0,0,0,0,0,0,0
0,0,0,0,0,0,0,0,0,0,0,0,0,0,0,0,0,0,0,0,0,0
0,0,0,0,0,0,0,0,0,0,0,0,0,0,0,0,0,0,0,0,0,0
0,0,0,0,0.0058,0,0,0,0,0,0,0,0,0,0,0,0,0,0,0,0,0
0,0,0,0,0.0808,0.0023,0.024,0,0.002,0,0.048,0.048,0.0048,0.0371,0.047,0.0322,0,0,0.0067,0.0018,0,0
0,0,0,0.0624,0.1979,0.0518,0.0972,0.0197,0.0492,0,0.1392,0.1392,0.0612,0.1554,0.1527,0.1246,0,0.063,0.0682,0.0652,1.00E-04,0.0036
0.0084,0,0,0.2073,0.3325,0.1914,0.3036,0.1227,0.1828,0.0052,0.2004,0.2004,0.234,0.3374,0.2611,0.285,0.0529,0.3253,0.1848,0.2047,0.0087,0.0768
0.0735,0.0396,0.0396,0.378,0.4372,0.3938,0.5136,0.3033,0.3896,0.0688,0.1896,0.1896,0.4644,0.5171,0.3174,0.4609,0.1814,0.8445,0.3064,0.3983,0.0799,0.2508
0.2497,0.1764,0.1764,0.5578,0.4436,0.5791,0.6912,0.4524,0.5933,0.1924,0.3432,0.3432,0.666,0.6598,0.4369,0.5507,0.3866,1.3969,0.4158,0.5762,0.26,0.4416
0.4617,0.414,0.414,0.6987,0.4099,0.7274,0.8304,0.5853,0.7536,0.36,0.7296,0.7296,0.8172,0.7523,0.5391,0.5162,0.5797,1.8607,0.5133,0.7187,0.4584,0.5976
0.6435,0.6204,0.6204,0.8384,0.3905,0.8253,0.9156,0.7039,0.861,0.5258,0.5304,0.5304,0.9108,0.8,0.4821,0.6263,0.7236,2.1722,0.5745,0.8006,0.6235,0.7104
0.7822,0.774,0.774,0.8869,0.3035,0.8719,0.9444,0.7456,0.9155,0.6657,0.3264,0.3264,0.9516,0.7892,0.5101,0.7749,0.817,2.3556,0.6025,0.8348,0.7396,0.774
0.8646,0.8724,0.8724,0.8109,0.4252,0.8647,0.9192,0.7362,0.9175,0.7772,0.3648,0.3648,0.9408,0.6902,0.5393,0.7742,0.8664,2.4039,0.573,0.8113,0.7989,0.7824
0.8905,0.9168,0.9168,0.6579,0.3114,0.8074,0.8436,0.6807,0.8704,0.7732,0.36,0.36,0.8796,0.5733,0.5106,0.711,0.8615,2.2821,0.4961,0.7429,0.8169,0.7464
0.8676,0.9096,0.9096,0.492,0.1915,0.7058,0.7164,0.5929,0.7746,0.7025,0.3024,0.3024,0.7668,0.3959,0.4561,0.5988,0.8108,2.0486,0.395,0.6305,0.7868,0.6612
0.7999,0.8508,0.8508,0.2941,0.1267,0.5587,0.5412,0.4699,0.6302,0.5756,0.2436,0.2436,0.6024,0.2367,0.3419,0.4299,0.7105,1.6987,0.2677,0.4816,0.7143,0.528
0.6792,0.7392,0.7392,0.1357,0.078,0.376,0.33,0.3173,0.4437,0.4915,0.156,0.156,0.3984,0.0985,0.1892,0.2363,0.5718,1.2397,0.1397,0.3054,0.5886,0.3612
0.5114,0.5748,0.5748,0.0272,0.0184,0.1816,0.12,0.1574,0.2337,0.302,0.054,0.054,0.1764,0.0172,0.0607,0.0775,0.381,0.7225,0.0448,0.1257,0.4208,0.1872
0.3053,0.3648,0.3648,0.0008,0,0.0535,0.03,0.0388,0.0708,0.2043,0,0,0.0456,1.00E-04,0,0.0078,0.1802,0.2621,0.0012,0.0249,0.2298,0.0564
0.1003,0.1404,0.1404,0,0,0.0018,0,0,0.0087,0.1036,0,0,0,0,0,0,0.049,0.0306,0,0,0.0631,0
0.0198,0.0288,0.0288,0,0,0,0,0,1.00E-04,0.0418,0,0,0,0,0,0,0,0.0003,0,0,0.0038,0
0,0,0,0,0,0,0,0,0,0.0044,0,0,0,0,0,0,0,0,0,0,0,0
0,0,0,0,0,0,0,0,0,0,0,0,0,0,0,0,0,0,0,0,0,0
0,0,0,0,0,0,0,0,0,0,0,0,0,0,0,0,0,0,0,0,0,0
0,0,0,0,0,0,0,0,0,0,0,0,0,0,0,0,0,0,0,0,0,0
0,0,0,0,0,0,0,0,0,0,0,0,0,0,0,0,0,0,0,0,0,0
0,0,0,0,0,0,0,0,0,0,0,0,0,0,0,0,0,0,0,0,0,0
0,0,0,0,0.0071,0,0,0,0,0,0.0012,0.0012,0,0,6.00E-04,0,0,0,0,0,0,0
0,0,0,0,0.08,0.003,0.024,0,0.002,0,0.0624,0.0624,0.0048,0.0382,0.053,0.0316,0,0,0.0049,0.0026,0,0
0,0,0,0.079,0.2296,0.0482,0.0948,0.0188,0.0541,0,0.2136,0.2136,0.06,0.1502,0.188,0.1326,0,0.0661,0.0538,0.0565,1.00E-04,0.0036
0.0094,0,0,0.2879,0.4123,0.1954,0.3048,0.1211,0.1806,0.0035,0.4308,0.4308,0.2304,0.3726,0.4074,0.352,0.0493,0.3311,0.1809,0.2282,0.009,0.084
0.0626,0.0408,0.0408,0.5771,0.569,0.3978,0.5184,0.3021,0.3543,0.0464,0.5952,0.5952,0.4392,0.5818,0.5855,0.5619,0.1791,0.8552,0.3099,0.4538,0.0786,0.2376
0.2626,0.1752,0.1752,0.8542,0.6833,0.5779,0.6948,0.4835,0.5451,0.1479,0.66,0.66,0.6036,0.7457,0.6906,0.7286,0.3902,1.4164,0.4165,0.6453,0.2537,0.4044
0.4871,0.4068,0.4068,1.0901,0.7284,0.7213,0.8172,0.6265,0.682,0.302,0.6828,0.6828,0.7428,0.8557,0.7584,0.8413,0.582,1.8511,0.4981,0.7846,0.4461,0.5364
0.6698,0.6096,0.6096,1.2253,0.6704,0.8231,0.8916,0.7264,0.7899,0.4387,0.7152,0.7152,0.8568,0.9117,0.8081,0.9003,0.727,2.1362,0.5464,0.8693,0.6157,0.6324
0.8102,0.7596,0.7596,1.2691,0.5766,0.8763,0.9156,0.7783,0.8384,0.5262,0.7524,0.7524,0.9192,0.9125,0.8214,0.9052,0.8191,2.3155,0.5668,0.9011,0.7339,0.6888
0.8889,0.8568,0.8568,1.2074,0.5375,0.8756,0.8892,0.7748,0.8456,0.5914,0.6408,0.6408,0.9108,0.8629,0.7341,0.8534,0.8518,2.3715,0.5533,0.8823,0.7946,0.6804
0.9138,0.9,0.9,1.0948,0.467,0.8192,0.8136,0.711,0.7627,0.6376,0.5688,0.5688,0.8436,0.7605,0.6669,0.7632,0.8296,2.2942,0.5107,0.814,0.8091,0.5688
0.8883,0.8928,0.8928,0.8767,0.3819,0.7163,0.6852,0.5939,0.6883,0.642,0.4908,0.4908,0.732,0.6067,0.5539,0.6324,0.7466,2.0678,0.4396,0.6968,0.777,0.3888
0.8204,0.8352,0.8352,0.6267,0.2612,0.5661,0.5172,0.4687,0.5717,0.6258,0.3444,0.3444,0.5772,0.4083,0.3839,0.4491,0.6394,1.7311,0.3318,0.5304,0.705,0.318
0.6999,0.726,0.726,0.3307,0.1425,0.3805,0.3168,0.3177,0.4165,0.5438,0.1728,0.1728,0.3816,0.1935,0.1927,0.2422,0.4939,1.2694,0.188,0.3272,0.5836,0.246
0.5271,0.5664,0.5664,0.077,0.0386,0.181,0.1188,0.1519,0.2261,0.3946,0.0552,0.0552,0.1716,0.0497,0.0579,0.0755,0.323,0.7274,0.0505,0.1218,0.4195,0.1416
0.3132,0.3588,0.3588,0.0008,0,0.0538,0.03,0.0356,0.0725,0.3052,0,0,0.0468,1.00E-04,5.00E-04,0.0087,0.1742,0.2541,0.0012,0.0256,0.2274,0.0444
0.0985,0.1392,0.1392,0,0,0.0018,0,0,0.0083,0.1736,0,0,0,0,0,0,0.0553,0.0324,0,0,0.0632,0
0.0199,0.0288,0.0288,0,0,0,0,0,1.00E-04,0.0743,0,0,0,0,0,0,0,0.0003,0,0,0.0028,0
0,0,0,0,0,0,0,0,0,0.0131,0,0,0,0,0,0,0,0,0,0,0,0
0,0,0,0,0,0,0,0,0,0,0,0,0,0,0,0,0,0,0,0,0,0
0,0,0,0,0,0,0,0,0,0,0,0,0,0,0,0,0,0,0,0,0,0
0,0,0,0,0,0,0,0,0,0,0,0,0,0,0,0,0,0,0,0,0,0
0,0,0,0,0,0,0,0,0,0,0,0,0,0,0,0,0,0,0,0,0,0
0,0,0,0,0,0,0,0,0,0,0,0,0,0,0,0,0,0,0,0,0,0
0,0,0,0,0.0057,0,0,0,0,0,0.0012,0.0012,0,0,6.00E-04,0,0,0,0,0,0,0
0,0,0,0,0.0617,0.003,0.0228,0,0.002,0,0.0576,0.0576,0.0048,0.0381,0.0516,0.0331,0,0,0.0084,0.0025,0,0
0,0,0,0.0743,0.1965,0.0504,0.0984,0.0182,0.0524,1.00E-04,0.2052,0.2052,0.0636,0.1489,0.1836,0.1338,0,0.0628,0.081,0.0592,1.00E-04,0.0024
0.0093,0,0,0.2523,0.4062,0.1922,0.2988,0.1185,0.1775,0.0062,0.426,0.426,0.2292,0.366,0.4017,0.3436,0.053,0.3191,0.2904,0.226,0.0089,0.078
0.0628,0.0408,0.0408,0.4968,0.5876,0.3954,0.504,0.307,0.3642,0.0732,0.624,0.624,0.444,0.5681,0.5991,0.546,0.1874,0.8446,0.5028,0.4438,0.0785,0.2292
0.2636,0.1728,0.1728,0.7383,0.7466,0.58,0.6744,0.4871,0.5467,0.214,0.7764,0.7764,0.6312,0.7283,0.7524,0.7083,0.3972,1.4164,0.6756,0.628,0.2562,0.3924
0.488,0.4032,0.4032,1.0072,0.8164,0.7262,0.7992,0.6301,0.6974,0.4317,0.8748,0.8748,0.774,0.8357,0.8536,0.8209,0.585,1.8998,0.7974,0.7628,0.4549,0.5436
0.6709,0.6048,0.6048,1.2039,0.7954,0.8182,0.8724,0.7318,0.8018,0.6297,0.918,0.918,0.8604,0.8903,0.9,0.8794,0.7155,2.2327,0.8646,0.8433,0.6185,0.6516
0.7998,0.756,0.756,1.3116,0.7266,0.8581,0.8928,0.7816,0.8519,0.7888,0.9084,0.9084,0.8916,0.8922,0.8955,0.887,0.7602,2.4128,0.8802,0.8725,0.7302,0.7008
0.8743,0.8544,0.8544,1.302,0.6382,0.8478,0.8628,0.7772,0.8486,0.9067,0.8484,0.8484,0.8712,0.8413,0.8405,0.8434,0.7219,2.4428,0.8436,0.8507,0.7927,0.6804
0.8978,0.9,0.9,1.2083,0.5472,0.7919,0.7788,0.727,0.8005,0.9468,0.7416,0.7416,0.804,0.7413,0.7283,0.7376,0.6371,2.3386,0.756,0.7838,0.8094,0.624
0.8748,0.894,0.894,0.976,0.4327,0.691,0.6396,0.635,0.7079,0.9132,0.5856,0.5856,0.6912,0.5898,0.5646,0.5678,0.4839,2.1097,0.6193,0.6693,0.7805,0.552
0.8054,0.8388,0.8388,0.6903,0.3108,0.5481,0.4704,0.4946,0.5722,0.8729,0.3888,0.3888,0.5436,0.3972,0.3858,0.4102,0.3554,1.7363,0.4357,0.5096,0.7071,0.4284
0.683,0.7308,0.7308,0.3636,0.1633,0.3685,0.2928,0.3316,0.4005,0.7908,0.1824,0.1824,0.3564,0.1897,0.1912,0.2301,0.2737,1.2641,0.2288,0.3153,0.586,0.3156
0.5141,0.5688,0.5688,0.0936,0.046,0.1809,0.12,0.1615,0.2158,0.6451,0.0504,0.0504,0.1656,0.0498,0.0554,0.0769,0.1643,0.7284,0.06,0.1209,0.422,0.1872
0.3068,0.3612,0.3612,0.0008,0,0.0554,0.0288,0.0382,0.0785,0.4595,0,0,0.0516,1.00E-04,5.00E-04,0.0085,0.0711,0.2601,0.0012,0.0261,0.2286,0.054
0.1008,0.138,0.138,0,0,0.0018,0,0,0.0076,0.2491,0,0,0,0,0,0,0.0264,0.031,0,0,0.0613,0
0.0199,0.0276,0.0276,0,0,0,0,0,1.00E-04,0.0901,0,0,0,0,0,0,0,0.0003,0,0,0.0028,0
0,0,0,0,0,0,0,0,0,0.0165,0,0,0,0,0,0,0,0,0,0,0,0
0,0,0,0,0,0,0,0,0,0,0,0,0,0,0,0,0,0,0,0,0,0
0,0,0,0,0,0,0,0,0,0,0,0,0,0,0,0,0,0,0,0,0,0
0,0,0,0,0,0,0,0,0,0,0,0,0,0,0,0,0,0,0,0,0,0
0,0,0,0,0,0,0,0,0,0,0,0,0,0,0,0,0,0,0,0,0,0
0,0,0,0,0,0,0,0,0,0,0,0,0,0,0,0,0,0,0,0,0,0
0,0,0,0,0.0078,0,0,0,0,0,0.0012,0.0012,0,0,6.00E-04,0,0,0,0,0,0,0
0,0,0,0.0024,0.0764,0.0026,0.024,0,0.002,0,0.0612,0.0612,0.0048,0.0393,0.0535,0.0337,0,0,0.009,0.0026,0,0
0,0,0,0.1383,0.2382,0.0582,0.1056,0.0191,0.0567,0,0.2028,0.2028,0.0768,0.1514,0.1824,0.1363,0,0.0626,0.0846,0.0653,1.00E-04,0.0036
0.0093,0,0,0.4658,0.4478,0.1824,0.294,0.1194,0.1743,0.0061,0.408,0.408,0.222,0.3426,0.3807,0.3255,0.06,0.3183,0.2826,0.2192,0.009,0.078
0.0687,0.0396,0.0396,0.8616,0.6371,0.3623,0.4872,0.3016,0.3209,0.0777,0.582,0.582,0.408,0.5396,0.5519,0.5082,0.1756,0.8357,0.486,0.4229,0.0759,0.2472
0.2539,0.1716,0.1716,1.1978,0.7764,0.5321,0.648,0.4816,0.4103,0.2175,0.7104,0.7104,0.5748,0.6937,0.6744,0.6421,0.3232,1.3178,0.6521,0.5951,0.2579,0.4332
0.4683,0.4032,0.4032,1.4334,0.8551,0.6716,0.75,0.628,0.528,0.4057,0.7908,0.7908,0.6996,0.7939,0.7607,0.7433,0.4844,1.7415,0.7667,0.724,0.4573,0.5916
0.6438,0.6036,0.6036,1.5755,0.8833,0.7575,0.7992,0.7239,0.6425,0.5263,0.8268,0.8268,0.7656,0.845,0.7971,0.7879,0.639,2.1362,0.8315,0.7979,0.621,0.7056
0.7703,0.7548,0.7548,1.5979,0.8712,0.7932,0.8208,0.7718,0.603,0.5739,0.8316,0.8316,0.774,0.848,0.8143,0.7988,0.7394,2.334,0.8453,0.8181,0.7349,0.7692
0.8454,0.8508,0.8508,1.5243,0.814,0.764,0.7932,0.772,0.6221,0.4976,0.8112,0.8112,0.6756,0.7983,0.7898,0.7716,0.7621,2.3687,0.807,0.7933,0.798,0.78
0.8677,0.8952,0.8952,1.3169,0.7039,0.6919,0.702,0.7309,0.5892,0.4206,0.7044,0.7044,0.5496,0.7008,0.6898,0.6914,0.7423,2.2703,0.7218,0.7206,0.8152,0.744
0.8423,0.8892,0.8892,1.0324,0.5457,0.5849,0.5544,0.6391,0.4923,0.3949,0.5484,0.5484,0.4116,0.5563,0.541,0.5565,0.6367,2.0345,0.5881,0.6086,0.7799,0.6576
0.7724,0.8316,0.8316,0.7019,0.3489,0.4548,0.3408,0.5102,0.3973,0.3727,0.3564,0.3564,0.2928,0.3733,0.3556,0.3897,0.4794,1.6697,0.4135,0.4623,0.702,0.5304
0.6488,0.7236,0.7236,0.3539,0.1597,0.3004,0.1644,0.3387,0.2787,0.3209,0.1608,0.1608,0.1668,0.1836,0.1687,0.2156,0.332,1.213,0.2203,0.2922,0.5796,0.3588
0.4841,0.5628,0.5628,0.0888,0.0448,0.1495,0.0768,0.1615,0.158,0.2267,0.0504,0.0504,0.0732,0.0512,0.0549,0.0766,0.2259,0.6922,0.0636,0.1204,0.4146,0.186
0.2909,0.3576,0.3576,0.0008,0,0.0425,0.0084,0.04,0.0545,0.1309,0,0,0.0144,1.00E-04,0,0.0078,0.1574,0.256,0.0012,0.0251,0.2266,0.0588
0.1011,0.1392,0.1392,0,0,0.0018,0,0,0.0057,0.0744,0,0,0,0,0,0,0.0505,0.0303,0,0,0.0643,0
0.0192,0.0288,0.0288,0,0,0,0,0,1.00E-04,0.0411,0,0,0,0,0,0,0,0.0003,0,0,0.0028,0
0,0,0,0,0,0,0,0,0,0.0055,0,0,0,0,0,0,0,0,0,0,0,0
0,0,0,0,0,0,0,0,0,0,0,0,0,0,0,0,0,0,0,0,0,0
0,0,0,0,0,0,0,0,0,0,0,0,0,0,0,0,0,0,0,0,0,0
0,0,0,0,0,0,0,0,0,0,0,0,0,0,0,0,0,0,0,0,0,0
0,0,0,0,0,0,0,0,0,0,0,0,0,0,0,0,0,0,0,0,0,0
0,0,0,0,0,0,0,0,0,0,0,0,0,0,0,0,0,0,0,0,0,0
0,0,0,0,0.005,0,0,0,0,0,0,0,0,0,0,0,0,0,0,0,0,0
0,0,0,0.0024,0.0606,0.0016,0.0192,0,0.0012,0,0.0264,0.0264,0.0036,0.0404,0.0315,0.0271,0,0,0.009,0.0027,0,0
0,0,0,0.1478,0.1088,0.0529,0.1056,0.0182,0.0512,0,0.0936,0.0936,0.0768,0.1564,0.1163,0.1065,0,0.0574,0.0918,0.0668,1.00E-04,0.0036
0.0089,0,0,0.4517,0.1629,0.1602,0.2472,0.1218,0.1662,0.003,0.2424,0.2424,0.2148,0.3237,0.2686,0.2234,0.0541,0.2954,0.2706,0.2085,0.0092,0.0864
0.0637,0.0408,0.0408,0.788,0.3052,0.3136,0.402,0.2983,0.3429,0.0435,0.4548,0.4548,0.3852,0.4972,0.4508,0.3663,0.1837,0.7649,0.4596,0.3876,0.079,0.2424
0.2566,0.1728,0.1728,1.0718,0.5976,0.4623,0.5052,0.4756,0.4895,0.1301,0.6408,0.6408,0.5448,0.6504,0.5985,0.4814,0.3827,1.3037,0.6137,0.5514,0.2558,0.4164
0.4741,0.3996,0.3996,1.2669,0.7901,0.557,0.6588,0.616,0.5886,0.2341,0.7428,0.7428,0.654,0.7529,0.6584,0.5262,0.5688,1.6752,0.7276,0.6763,0.4526,0.5616
0.6551,0.5976,0.5976,1.4181,0.8444,0.6341,0.7452,0.7095,0.6695,0.3387,0.7536,0.7536,0.7416,0.7892,0.6815,0.5631,0.7093,1.8654,0.7913,0.756,0.6163,0.6528
0.7837,0.7452,0.7452,1.4449,0.8334,0.667,0.834,0.7489,0.6998,0.4419,0.7524,0.7524,0.7524,0.7366,0.7001,0.5803,0.8005,2.0307,0.8087,0.7851,0.7324,0.6708
0.86,0.8448,0.8448,1.3853,0.7591,0.6531,0.8256,0.7371,0.6765,0.5203,0.7212,0.7212,0.7044,0.5841,0.6774,0.5475,0.8423,2.1816,0.7709,0.7692,0.7941,0.6348
0.886,0.8892,0.8892,1.2228,0.6566,0.5931,0.762,0.6813,0.5719,0.5456,0.6408,0.6408,0.5136,0.4169,0.6137,0.4994,0.8245,2.1869,0.69,0.7065,0.8085,0.5496
0.8606,0.8832,0.8832,0.9717,0.5128,0.4966,0.6432,0.5885,0.44,0.5392,0.5112,0.5112,0.3324,0.3243,0.49,0.3982,0.7209,1.9967,0.564,0.5942,0.7781,0.456
0.7839,0.828,0.828,0.6199,0.3423,0.3866,0.4848,0.4558,0.3896,0.4577,0.3468,0.3468,0.2088,0.2422,0.3329,0.2754,0.6068,1.6327,0.3979,0.4446,0.704,0.33
0.6659,0.7188,0.7188,0.3267,0.1641,0.2588,0.2892,0.2999,0.3269,0.3918,0.1752,0.1752,0.1116,0.1318,0.1698,0.1501,0.4073,1.1891,0.2143,0.279,0.5828,0.2172
0.506,0.5592,0.5592,0.0789,0.0465,0.1377,0.1068,0.1457,0.1977,0.3301,0.0528,0.0528,0.048,0.0365,0.0511,0.0508,0.2307,0.6914,0.0655,0.1193,0.4189,0.1272
0.3013,0.354,0.354,0.0006,0,0.0415,0.0192,0.0349,0.0716,0.2562,0,0,0.0108,1.00E-04,0,0.003,0.1408,0.2599,0.0012,0.0231,0.2281,0.042
0.1019,0.1404,0.1404,0,0,0.0018,0,0,0.0056,0.1447,0,0,0,0,0,0,0.0503,0.0296,0,0,0.0623,0
0.0191,0.0288,0.0288,0,0,0,0,0,1.00E-04,0.0607,0,0,0,0,0,0,0,0.0003,0,0,0.0028,0
0,0,0,0,0,0,0,0,0,0.0083,0,0,0,0,0,0,0,0,0,0,0,0
0,0,0,0,0,0,0,0,0,0,0,0,0,0,0,0,0,0,0,0,0,0
0,0,0,0,0,0,0,0,0,0,0,0,0,0,0,0,0,0,0,0,0,0
0,0,0,0,0,0,0,0,0,0,0,0,0,0,0,0,0,0,0,0,0,0
0,0,0,0,0,0,0,0,0,0,0,0,0,0,0,0,0,0,0,0,0,0
0,0,0,0,0,0,0,0,0,0,0,0,0,0,0,0,0,0,0,0,0,0
0,0,0,0,0.0075,0,0,0,0,0,0.0012,0.0012,0,0,0,0,0,0,0,0,0,0
0,0,0,0,0.0686,0.0011,0.0096,0,0.0015,0,0.0612,0.0612,0.0012,0.0233,0.0506,0.027,0,0,0.009,0.0019,0,0
0,0,0,0.1239,0.2459,0.05,0.0756,0.0163,0.0547,0,0.1968,0.1968,0.0564,0.1153,0.1773,0.1199,0,0.0599,0.0954,0.0656,0,0
0.0089,0,0,0.3966,0.4577,0.1486,0.1956,0.1029,0.1765,0.0029,0.3996,0.3996,0.1236,0.2612,0.3733,0.2651,0.0506,0.2992,0.2568,0.2068,0.0068,0.0288
0.0627,0.042,0.042,0.7344,0.6403,0.2776,0.4092,0.2377,0.3636,0.0399,0.5832,0.5832,0.2064,0.4171,0.5591,0.4425,0.1838,0.7053,0.4308,0.3897,0.0734,0.0816
0.2575,0.1728,0.1728,1.067,0.7771,0.4297,0.6012,0.3742,0.53,0.1214,0.7272,0.7272,0.3312,0.5293,0.7047,0.6074,0.4007,1.1387,0.5695,0.5531,0.2524,0.1356
0.4782,0.4008,0.4008,1.3446,0.8611,0.5795,0.7272,0.4956,0.6438,0.2591,0.8184,0.8184,0.5052,0.6095,0.7964,0.6878,0.5936,1.4973,0.6813,0.6792,0.4507,0.1836
0.6596,0.6,0.6,1.5192,0.894,0.68,0.7956,0.5839,0.705,0.3907,0.858,0.858,0.642,0.662,0.8298,0.703,0.7399,1.7528,0.7491,0.7571,0.6159,0.2304
0.7889,0.7476,0.7476,1.5529,0.8722,0.7373,0.8148,0.6407,0.7298,0.4531,0.846,0.846,0.702,0.6947,0.8025,0.6965,0.8347,1.9244,0.7553,0.7875,0.7325,0.282
0.8664,0.8424,0.8424,1.4752,0.7614,0.7385,0.7836,0.6567,0.7277,0.5089,0.7848,0.7848,0.6804,0.6887,0.7188,0.6826,0.879,1.9768,0.7099,0.7751,0.7986,0.3012
0.893,0.8868,0.8868,1.3126,0.6011,0.6972,0.7116,0.6288,0.6769,0.5272,0.6804,0.6804,0.6348,0.6323,0.6624,0.6432,0.8504,1.9223,0.6182,0.7144,0.8158,0.3216
0.8703,0.8796,0.8796,1.0558,0.498,0.6191,0.5892,0.5621,0.5683,0.5084,0.534,0.534,0.582,0.5208,0.5349,0.5291,0.7686,1.7677,0.4903,0.6069,0.7855,0.3312
0.8006,0.8232,0.8232,0.7206,0.344,0.4986,0.4332,0.4442,0.5095,0.5264,0.3456,0.3456,0.4776,0.3614,0.3554,0.3754,0.6132,1.568,0.3432,0.4588,0.694,0.288
0.6816,0.7152,0.7152,0.3619,0.1572,0.3416,0.2712,0.2988,0.3741,0.4873,0.1692,0.1692,0.3324,0.1876,0.1803,0.2111,0.4195,1.1813,0.1882,0.2859,0.5724,0.2016
0.5127,0.5556,0.5556,0.0895,0.0435,0.1737,0.12,0.1458,0.2083,0.3647,0.0504,0.0504,0.1704,0.0548,0.0554,0.0782,0.2835,0.6445,0.0572,0.1196,0.4085,0.1212
0.3067,0.3552,0.3552,0.0003,0,0.0502,0.0252,0.0341,0.0725,0.2786,0,0,0.048,1.00E-04,0,0.0066,0.1749,0.1963,0.0012,0.0234,0.2219,0.0348
0.101,0.1416,0.1416,0,0,9.00E-04,0,0,0.0068,0.1926,0,0,0,0,0,0,0.0528,0.0168,0,0,0.0696,0
0.0196,0.0288,0.0288,0,0,0,0,0,1.00E-04,0.0853,0,0,0,0,0,0,0,0.0003,0,0,0.0028,0
0,0,0,0,0,0,0,0,0,0.0131,0,0,0,0,0,0,0,0,0,0,0,0
0,0,0,0,0,0,0,0,0,0,0,0,0,0,0,0,0,0,0,0,0,0
0,0,0,0,0,0,0,0,0,0,0,0,0,0,0,0,0,0,0,0,0,0
0,0,0,0,0,0,0,0,0,0,0,0,0,0,0,0,0,0,0,0,0,0
0,0,0,0,0,0,0,0,0,0,0,0,0,0,0,0,0,0,0,0,0,0
0,0,0,0,0,0,0,0,0,0,0,0,0,0,0,0,0,0,0,0,0,0
0,0,0,0,0.0068,0,0,0,0,0,0.0012,0.0012,0,0,0,0,0,0,0,0,0,0
0,0,0,0,0.0784,0.0018,0.0216,0,0.0016,0,0.0636,0.0636,0.0024,0.037,0.0536,0.033,0,0,0.0072,0.0022,0,0
0,0,0,0.1453,0.2294,0.0523,0.1008,0.0163,0.0528,0,0.1968,0.1968,0.0708,0.1495,0.1761,0.1362,0,0.0563,0.0823,0.0678,1.00E-04,0.0024
0.0058,0,0,0.4394,0.4264,0.1658,0.2868,0.1117,0.1737,0.0039,0.3852,0.3852,0.2124,0.3177,0.3599,0.2977,0.0541,0.3182,0.2315,0.2071,0.0088,0.0768
0.0711,0.0444,0.0444,0.7698,0.6043,0.3212,0.468,0.2583,0.3522,0.0583,0.5556,0.5556,0.4008,0.4704,0.5297,0.4465,0.179,0.7978,0.3884,0.3794,0.0811,0.2052
0.2472,0.1728,0.1728,1.0497,0.7375,0.4628,0.6312,0.4017,0.518,0.1625,0.6828,0.6828,0.5772,0.5748,0.6625,0.5733,0.3735,1.2915,0.5076,0.5352,0.251,0.3276
0.4566,0.3996,0.3996,1.2199,0.818,0.5971,0.756,0.5175,0.6449,0.329,0.768,0.768,0.7104,0.6288,0.7495,0.642,0.5642,1.7231,0.5759,0.655,0.4358,0.4152
0.6319,0.5988,0.5988,1.3367,0.8417,0.7143,0.8232,0.6127,0.7432,0.4602,0.7956,0.7956,0.8016,0.6753,0.7838,0.6772,0.7176,2.0317,0.6117,0.7341,0.5983,0.4716
0.7617,0.7452,0.7452,1.3438,0.815,0.7625,0.8292,0.6453,0.7949,0.6015,0.7548,0.7548,0.8376,0.6887,0.7581,0.6759,0.8124,2.1847,0.6197,0.7586,0.7186,0.4992
0.8463,0.84,0.84,1.2534,0.727,0.756,0.7668,0.6404,0.7987,0.6643,0.6708,0.6708,0.8244,0.6481,0.7014,0.64,0.8508,2.2241,0.5724,0.7288,0.7614,0.4656
0.8691,0.8832,0.8832,1.0926,0.6003,0.7078,0.6816,0.6008,0.7556,0.6839,0.6024,0.6024,0.7644,0.5691,0.6304,0.5702,0.8292,2.1472,0.4921,0.6684,0.7467,0.4236
0.836,0.8736,0.8736,0.8965,0.4541,0.6131,0.5916,0.5139,0.659,0.7373,0.4632,0.4632,0.66,0.4535,0.5031,0.4688,0.7266,1.9318,0.3933,0.5734,0.7033,0.3408
0.7732,0.8148,0.8148,0.6484,0.2915,0.4798,0.4476,0.402,0.5199,0.6584,0.3204,0.3204,0.516,0.3056,0.3495,0.3421,0.6114,1.6005,0.2725,0.4396,0.6511,0.2436
0.6623,0.7044,0.7044,0.3383,0.1465,0.3207,0.2772,0.2723,0.3491,0.5785,0.1632,0.1632,0.3396,0.1605,0.1802,0.1911,0.4695,1.1659,0.146,0.2717,0.5522,0.1608
0.4971,0.5484,0.5484,0.0826,0.0423,0.1662,0.1212,0.1303,0.1833,0.4238,0.0492,0.0492,0.1644,0.0465,0.0553,0.0687,0.3006,0.6775,0.0441,0.1145,0.4069,0.0828
0.2979,0.3504,0.3504,0.0004,0,0.0509,0.0264,0.0287,0.0677,0.326,0,0,0.0492,1.00E-04,0,0.0054,0.1647,0.245,6.00E-04,0.0197,0.2249,0.0216
0.1035,0.1428,0.1428,0,0,0.0014,0,0,0.0056,0.1895,0,0,0,0,0,0,0.0529,0.0289,0,0,0.0671,0
0.0194,0.03,0.03,0,0,0,0,0,1.00E-04,0.0651,0,0,0,0,0,0,0,0.0003,0,0,0.0029,0
0,0,0,0,0,0,0,0,0,0.0077,0,0,0,0,0,0,0,0,0,0,0,0
0,0,0,0,0,0,0,0,0,0,0,0,0,0,0,0,0,0,0,0,0,0
0,0,0,0,0,0,0,0,0,0,0,0,0,0,0,0,0,0,0,0,0,0
0,0,0,0,0,0,0,0,0,0,0,0,0,0,0,0,0,0,0,0,0,0
0,0,0,0,0,0,0,0,0,0,0,0,0,0,0,0,0,0,0,0,0,0
0,0,0,0,0,0,0,0,0,0,0,0,0,0,0,0,0,0,0,0,0,0
0,0,0,0,0.0059,0,0,0,0,0,0.0012,0.0012,0,0,6.00E-04,0,0,0,0,0,0,0
0,0,0,0,0.076,0.0018,0.0228,0,0.0016,0,0.0576,0.0576,0.0024,0.0359,0.0505,0.0318,0,0,0.0072,0.0021,0,0
0,0,0,0.1382,0.209,0.0532,0.0948,0.0161,0.0544,0,0.198,0.198,0.0624,0.1452,0.1763,0.1339,0,0.058,0.0937,0.0669,0,0
0.0063,0,0,0.4018,0.3877,0.1679,0.2892,0.1096,0.1623,0.0028,0.4056,0.4056,0.1764,0.3361,0.3802,0.3226,0.0541,0.303,0.2569,0.2039,0.0073,0.0468
0.0657,0.0432,0.0432,0.6619,0.5646,0.3315,0.4896,0.2391,0.3201,0.0394,0.594,0.594,0.3168,0.5243,0.5706,0.5127,0.1801,0.7854,0.4388,0.3712,0.077,0.126
0.2545,0.1728,0.1728,0.8672,0.7329,0.4868,0.6564,0.3769,0.4658,0.1147,0.738,0.738,0.4428,0.6733,0.7212,0.67,0.3811,1.2987,0.5989,0.5243,0.2444,0.21
0.4719,0.3948,0.3948,0.9891,0.8313,0.6116,0.774,0.4794,0.58,0.2366,0.8328,0.8328,0.5532,0.7744,0.8198,0.7756,0.561,1.7249,0.714,0.6374,0.435,0.288
0.6526,0.5928,0.5928,1.0866,0.8381,0.691,0.8436,0.5372,0.6604,0.4218,0.8748,0.8748,0.6384,0.8283,0.8674,0.8293,0.6883,2.048,0.7727,0.6914,0.5996,0.3624
0.7803,0.7416,0.7416,1.1209,0.7668,0.7178,0.864,0.5365,0.7343,0.5663,0.8652,0.8652,0.6948,0.8335,0.8628,0.8351,0.7648,2.2407,0.7725,0.7093,0.7215,0.4044
0.8545,0.84,0.84,1.0988,0.6998,0.686,0.8328,0.5078,0.74,0.7027,0.8076,0.8076,0.6804,0.7877,0.8098,0.7862,0.8163,2.2763,0.7405,0.6713,0.7867,0.4152
0.8794,0.8844,0.8844,0.9717,0.6013,0.6338,0.7608,0.4267,0.7003,0.8231,0.6876,0.6876,0.6588,0.6939,0.7036,0.6948,0.7965,2.1865,0.6261,0.5787,0.8056,0.3912
0.8559,0.8772,0.8772,0.7729,0.4772,0.5379,0.6408,0.3494,0.5937,0.8562,0.522,0.522,0.5688,0.5551,0.5529,0.5582,0.7101,1.9612,0.5056,0.4376,0.7749,0.3408
0.7849,0.822,0.822,0.5161,0.3224,0.4224,0.48,0.2566,0.4749,0.8024,0.348,0.348,0.4476,0.3717,0.3749,0.387,0.6069,1.6092,0.3541,0.3345,0.6943,0.2688
0.6645,0.714,0.714,0.2635,0.1607,0.2824,0.2916,0.1623,0.3439,0.6866,0.1764,0.1764,0.2832,0.1843,0.1897,0.2034,0.4622,1.1673,0.1894,0.21,0.5751,0.186
0.4981,0.5556,0.5556,0.0604,0.0449,0.1519,0.1188,0.0843,0.1986,0.5071,0.0504,0.0504,0.1452,0.0506,0.0543,0.0662,0.2684,0.6826,0.0582,0.098,0.4131,0.096
0.2976,0.3552,0.3552,0.0008,0,0.0475,0.0264,0.021,0.0692,0.3496,0,0,0.0456,0,0,0.0043,0.1125,0.252,0,0.0158,0.2299,0.024
0.1029,0.1428,0.1428,0,0,0.0014,0,0,0.0052,0.1731,0,0,0,0,0,0,0.0161,0.0293,0,0,0.071,0
0.0192,0.03,0.03,0,0,0,0,0,1.00E-04,0.0611,0,0,0,0,0,0,0,0.0003,0,0,0.0029,0
0,0,0,0,0,0,0,0,0,0.0044,0,0,0,0,0,0,0,0,0,0,0,0
0,0,0,0,0,0,0,0,0,0,0,0,0,0,0,0,0,0,0,0,0,0
0,0,0,0,0,0,0,0,0,0,0,0,0,0,0,0,0,0,0,0,0,0
0,0,0,0,0,0,0,0,0,0,0,0,0,0,0,0,0,0,0,0,0,0
0,0,0,0,0,0,0,0,0,0,0,0,0,0,0,0,0,0,0,0,0,0
0,0,0,0,0,0,0,0,0,0,0,0,0,0,0,0,0,0,0,0,0,0
0,0,0,0,0.0067,0,0,0,0,0,0.0012,0.0012,0,0,0,0,0,0,0,0,0,0
0,0,0,0,0.0727,0.0018,0.018,0,0.0012,0,0.06,0.06,0.0024,0.0368,0.0517,0.0326,0,0,0.006,0.0019,0,0
0,0,0,0.079,0.2389,0.0522,0.114,0.0098,0.0506,0,0.1992,0.1992,0.0624,0.1482,0.1775,0.1358,0,0.056,0.079,0.0655,0,0.0012
0.0059,0,0,0.2571,0.4476,0.165,0.2604,0.0786,0.1579,0.0039,0.4032,0.4032,0.1716,0.3346,0.3769,0.3177,0.0574,0.3061,0.2156,0.2024,0.0073,0.048
0.0635,0.0444,0.0444,0.4888,0.6337,0.3153,0.384,0.1776,0.3289,0.0643,0.588,0.588,0.2832,0.5169,0.5621,0.499,0.1834,0.7695,0.3583,0.378,0.0861,0.126
0.2533,0.1728,0.1728,0.7539,0.7765,0.4739,0.462,0.2761,0.4907,0.1865,0.7308,0.7308,0.4248,0.6654,0.7071,0.6403,0.3591,1.2811,0.5156,0.5453,0.2313,0.1992
0.4722,0.3912,0.3912,1.0064,0.8673,0.5877,0.5028,0.3669,0.6198,0.3564,0.8232,0.8232,0.4968,0.753,0.7983,0.7242,0.5263,1.7096,0.6474,0.6747,0.3704,0.258
0.6543,0.5904,0.5904,1.1842,0.9018,0.6807,0.4596,0.4434,0.691,0.5198,0.8604,0.8604,0.5796,0.8002,0.8389,0.7669,0.6644,2.0171,0.7141,0.7592,0.5172,0.3096
0.7842,0.7404,0.7404,1.2446,0.8835,0.7417,0.4056,0.491,0.7364,0.6532,0.8352,0.8352,0.6576,0.7911,0.8307,0.768,0.7507,2.1882,0.7281,0.7924,0.6339,0.3468
0.8605,0.8388,0.8388,1.2043,0.8183,0.7531,0.3492,0.4941,0.7498,0.7408,0.7692,0.7692,0.6732,0.725,0.7801,0.7163,0.7837,2.255,0.6807,0.7723,0.6962,0.3672
0.8869,0.8856,0.8856,1.0632,0.701,0.7183,0.2928,0.4702,0.7377,0.8101,0.6852,0.6852,0.6588,0.62,0.6855,0.6297,0.7473,2.1689,0.6082,0.712,0.7404,0.3684
0.8639,0.8808,0.8808,0.8665,0.5352,0.6286,0.2448,0.4192,0.663,0.852,0.51,0.51,0.5772,0.4831,0.5147,0.4998,0.6504,1.9533,0.4936,0.5994,0.7308,0.3504
0.7925,0.8196,0.8196,0.6023,0.3321,0.4798,0.1968,0.34,0.5202,0.8428,0.2952,0.2952,0.4536,0.3389,0.3285,0.3495,0.4977,1.5546,0.3554,0.441,0.6834,0.3024
0.6713,0.72,0.72,0.3159,0.1421,0.3178,0.1536,0.237,0.3502,0.705,0.1416,0.1416,0.2952,0.1772,0.1679,0.2009,0.3232,1.1005,0.2018,0.2766,0.5687,0.2328
0.5028,0.5604,0.5604,0.0746,0.0346,0.1721,0.0936,0.1215,0.1956,0.5648,0.0408,0.0408,0.162,0.0492,0.048,0.0714,0.1842,0.6545,0.0637,0.1202,0.4089,0.138
0.3085,0.3564,0.3564,0.0007,0,0.0514,0.0216,0.0282,0.0704,0.3816,0,0,0.0468,1.00E-04,0,0.0062,0.0805,0.2468,6.00E-04,0.0215,0.2378,0.0408
0.1142,0.1464,0.1464,0,0,0.0014,0,0,0.0056,0.2255,0,0,0,0,0,0,0.0161,0.0286,0,0,0.0817,0
0.0203,0.03,0.03,0,0,0,0,0,1.00E-04,0.0876,0,0,0,0,0,0,0,0.0003,0,0,0.0029,0
0,0,0,0,0,0,0,0,0,0.0153,0,0,0,0,0,0,0,0,0,0,0,0
0,0,0,0,0,0,0,0,0,0,0,0,0,0,0,0,0,0,0,0,0,0
0,0,0,0,0,0,0,0,0,0,0,0,0,0,0,0,0,0,0,0,0,0
0,0,0,0,0,0,0,0,0,0,0,0,0,0,0,0,0,0,0,0,0,0
0,0,0,0,0,0,0,0,0,0,0,0,0,0,0,0,0,0,0,0,0,0
0,0,0,0,0,0,0,0,0,0,0,0,0,0,0,0,0,0,0,0,0,0
0,0,0,0,4.00E-04,0,0,0,0,0,0,0,0,0,0,0,0,0,0,0,0,0
0,0,0,0,0.024,0.0018,0.018,0,9.00E-04,0,0.018,0.018,0.0024,0.0299,0.0281,0.0289,0,0,0.0054,0.0016,0,0
0,0,0,0.1098,0.0696,0.0534,0.1116,0.0134,0.0476,0,0.0708,0.0708,0.066,0.1357,0.1068,0.1284,0,0.0557,0.0802,0.0646,1.00E-04,0.0024
0.0051,0,0,0.3354,0.1391,0.1712,0.2544,0.1011,0.153,0.003,0.1824,0.1824,0.186,0.3042,0.2574,0.2981,0.0503,0.3097,0.2258,0.2037,0.0069,0.0744
0.0544,0.0456,0.0456,0.574,0.2598,0.345,0.3648,0.2378,0.313,0.0556,0.3552,0.3552,0.3516,0.4826,0.4388,0.4619,0.1711,0.8067,0.3992,0.3854,0.086,0.2112
0.1819,0.174,0.174,0.7904,0.437,0.5128,0.4584,0.3646,0.4632,0.1756,0.5724,0.5724,0.516,0.6323,0.6065,0.5854,0.3611,1.3501,0.563,0.5501,0.1976,0.3708
0.3198,0.3792,0.3792,0.9088,0.6235,0.6497,0.5256,0.4655,0.5928,0.3653,0.7176,0.7176,0.648,0.7429,0.7352,0.6887,0.5655,1.8246,0.6948,0.6785,0.2797,0.5244
0.4512,0.5772,0.5772,0.9528,0.7631,0.7499,0.4908,0.5429,0.6924,0.5892,0.8304,0.8304,0.7536,0.8069,0.8117,0.7269,0.7156,2.1498,0.7689,0.7549,0.3057,0.6324
0.5619,0.7368,0.7368,0.9108,0.7638,0.7945,0.4656,0.5979,0.7345,0.7488,0.8304,0.8304,0.7944,0.8111,0.8166,0.7391,0.8108,2.3348,0.7786,0.7855,0.3011,0.6996
0.6402,0.8364,0.8364,0.8139,0.7138,0.7818,0.4776,0.6159,0.726,0.88,0.7728,0.7728,0.768,0.7608,0.7683,0.6953,0.8533,2.384,0.7389,0.7666,0.3036,0.7164
0.6522,0.8856,0.8856,0.6807,0.6067,0.7283,0.4668,0.5893,0.6907,0.9512,0.6732,0.6732,0.7044,0.6638,0.6721,0.5998,0.8442,2.2924,0.6613,0.7039,0.3166,0.6876
0.6103,0.882,0.882,0.5226,0.4597,0.6308,0.3432,0.5194,0.6113,0.972,0.5304,0.5304,0.5964,0.5243,0.5289,0.4706,0.7726,2.0509,0.5152,0.5656,0.3272,0.612
0.5431,0.8304,0.8304,0.3256,0.3134,0.4883,0.2196,0.408,0.5025,0.9235,0.348,0.348,0.4608,0.3541,0.348,0.3242,0.6477,1.6897,0.367,0.4211,0.3443,0.4956
0.4843,0.7212,0.7212,0.154,0.1543,0.3311,0.1668,0.2758,0.3598,0.8216,0.1704,0.1704,0.3084,0.1779,0.171,0.1774,0.4941,1.2173,0.2058,0.2549,0.3975,0.348
0.3934,0.5604,0.5604,0.0271,0.0405,0.1703,0.0924,0.1362,0.2028,0.671,0.036,0.036,0.1548,0.049,0.0386,0.0587,0.3261,0.694,0.0649,0.1117,0.3527,0.1872
0.2403,0.3564,0.3564,0.0007,0,0.0467,0.0192,0.0322,0.0683,0.4762,0,0,0.042,1.00E-04,0,0.0048,0.1608,0.2374,6.00E-04,0.0182,0.2141,0.054
0.0898,0.1464,0.1464,0,0,0.0014,0,0,0.0056,0.2598,0,0,0,0,0,0,0.0433,0.0242,0,0,0.0698,0
0.0117,0.03,0.03,0,0,0,0,0,1.00E-04,0.0792,0,0,0,0,0,0,0,0.0003,0,0,0.0029,0
0,0,0,0,0,0,0,0,0,0.0153,0,0,0,0,0,0,0,0,0,0,0,0
0,0,0,0,0,0,0,0,0,0,0,0,0,0,0,0,0,0,0,0,0,0
0,0,0,0,0,0,0,0,0,0,0,0,0,0,0,0,0,0,0,0,0,0
0,0,0,0,0,0,0,0,0,0,0,0,0,0,0,0,0,0,0,0,0,0
0,0,0,0,0,0,0,0,0,0,0,0,0,0,0,0,0,0,0,0,0,0
0,0,0,0,0,0,0,0,0,0,0,0,0,0,0,0,0,0,0,0,0,0
0,0,0,0,0.0065,0,0,0,0,0,0,0,0,0,0,0,0,0,0,0,0,0
0,0,0,0,0.0724,0.0019,0.012,0,0.0012,0,0.06,0.06,0.0036,0.0347,0.0511,0.0313,0,0,0.0078,0.0016,0,0
0,0,0,0.1286,0.2316,0.0542,0.0912,0.0117,0.0479,0,0.1908,0.1908,0.0708,0.1462,0.1729,0.1334,0,0.0464,0.0948,0.0611,1.00E-04,0.0036
0.0056,0,0,0.4036,0.4282,0.1745,0.2208,0.092,0.1601,0.0044,0.384,0.384,0.2112,0.323,0.3623,0.3019,0.0539,0.2846,0.252,0.19,0.0077,0.0828
0.0654,0.0456,0.0456,0.6988,0.6084,0.3595,0.3528,0.2102,0.3286,0.0645,0.5592,0.5592,0.3948,0.4785,0.5394,0.4685,0.1795,0.78,0.4136,0.3489,0.0814,0.2412
0.1788,0.174,0.174,0.9136,0.7421,0.5353,0.4224,0.3314,0.4986,0.1949,0.708,0.708,0.5652,0.5705,0.6848,0.6021,0.3628,1.3346,0.5417,0.491,0.2551,0.3984
0.329,0.3912,0.3912,1.0139,0.8072,0.6722,0.4836,0.4361,0.6456,0.4157,0.8064,0.8064,0.6936,0.5869,0.7801,0.6953,0.5298,1.8032,0.6284,0.598,0.4481,0.528
0.4875,0.5856,0.5856,0.9778,0.8415,0.7652,0.576,0.5159,0.7535,0.6192,0.846,0.846,0.7788,0.714,0.8235,0.7505,0.6574,2.1234,0.6498,0.6764,0.6091,0.618
0.6097,0.7356,0.7356,0.9954,0.8293,0.8056,0.5856,0.5666,0.8098,0.78,0.834,0.834,0.8052,0.7595,0.8122,0.7505,0.7272,2.2856,0.6261,0.7079,0.7076,0.6684
0.6553,0.8352,0.8352,0.9434,0.7586,0.7962,0.504,0.5813,0.8152,0.8861,0.762,0.762,0.7776,0.7421,0.739,0.6997,0.7592,2.3265,0.5804,0.6899,0.7657,0.6792
0.6548,0.882,0.882,0.8834,0.6508,0.7156,0.3924,0.5518,0.7697,0.938,0.6636,0.6636,0.6252,0.6626,0.6332,0.6087,0.7863,2.2259,0.5064,0.6523,0.7791,0.6456
0.6223,0.8904,0.8904,0.7489,0.5057,0.62,0.2604,0.4858,0.6791,0.9392,0.5436,0.5436,0.5196,0.5281,0.4953,0.4792,0.7538,2.0069,0.4031,0.5614,0.756,0.5784
0.5883,0.834,0.834,0.5729,0.3346,0.4995,0.1944,0.3815,0.5555,0.8913,0.3564,0.3564,0.4272,0.3525,0.3185,0.3284,0.6968,1.6563,0.2906,0.4268,0.6818,0.4656
0.5211,0.7248,0.7248,0.3345,0.1583,0.3482,0.1584,0.2638,0.3908,0.7933,0.168,0.168,0.3096,0.1776,0.1617,0.1898,0.5543,1.204,0.172,0.2761,0.5667,0.3408
0.4213,0.5628,0.5628,0.0841,0.0429,0.1788,0.0948,0.1371,0.2134,0.6447,0.0456,0.0456,0.1572,0.0479,0.0441,0.0653,0.3766,0.6908,0.0566,0.1223,0.4106,0.1872
0.2721,0.3552,0.3552,0.0007,0,0.0494,0.0204,0.0328,0.0692,0.4591,0,0,0.0432,1.00E-04,0,0.0055,0.1912,0.2308,6.00E-04,0.0211,0.2264,0.054
0.1075,0.1452,0.1452,0,0,0.0014,0,0,0.0061,0.253,0,0,0,0,0,0,0.056,0.0246,0,0,0.062,0
0.018,0.0288,0.0288,0,0,0,0,0,0,0.0771,0,0,0,0,0,0,0,0,0,0,0.0028,0
0,0,0,0,0,0,0,0,0,0.0148,0,0,0,0,0,0,0,0,0,0,0,0
0,0,0,0,0,0,0,0,0,0,0,0,0,0,0,0,0,0,0,0,0,0
0,0,0,0,0,0,0,0,0,0,0,0,0,0,0,0,0,0,0,0,0,0
0,0,0,0,0,0,0,0,0,0,0,0,0,0,0,0,0,0,0,0,0,0
0,0,0,0,0,0,0,0,0,0,0,0,0,0,0,0,0,0,0,0,0,0
0,0,0,0,0,0,0,0,0,0,0,0,0,0,0,0,0,0,0,0,0,0
0,0,0,0,0.0064,0,0,0,0,0,0,0,0,0,0,0,0,0,0,0,0,0
0,0,0,0,0.0739,0.0015,0.0156,0,0.0012,0,0.0576,0.0576,0.0024,0.0164,0.0466,0.0261,0,0,0.0048,0.0017,0,0
0,0,0,0.143,0.2407,0.0524,0.0984,0.0146,0.0521,0,0.1956,0.1956,0.0684,0.0924,0.1732,0.1268,0,0.0556,0.0705,0.065,1.00E-04,0.0024
0.0063,0,0,0.4375,0.4463,0.1725,0.2772,0.1129,0.1682,0.0045,0.402,0.402,0.1992,0.2115,0.372,0.3036,0.0341,0.3016,0.2249,0.2067,0.0079,0.0816
0.0676,0.0432,0.0432,0.7617,0.624,0.3531,0.4656,0.2651,0.3528,0.0651,0.5904,0.5904,0.366,0.3073,0.5595,0.4852,0.0927,0.8263,0.3802,0.3897,0.0767,0.2376
0.2526,0.1728,0.1728,1.0501,0.7329,0.5222,0.6156,0.3944,0.5276,0.199,0.7332,0.7332,0.5208,0.387,0.7075,0.6381,0.1787,1.3674,0.5126,0.5524,0.2514,0.4056
0.4704,0.3948,0.3948,1.2711,0.8147,0.6604,0.7368,0.5181,0.6652,0.4128,0.8268,0.8268,0.654,0.4476,0.806,0.7497,0.2919,1.8261,0.5994,0.6752,0.4523,0.5484
0.6523,0.594,0.594,1.4101,0.8508,0.7537,0.804,0.6209,0.7555,0.6202,0.8676,0.8676,0.7464,0.5398,0.8522,0.8113,0.4292,2.1536,0.6423,0.7561,0.6142,0.6492
0.7831,0.744,0.744,1.4508,0.819,0.7953,0.8256,0.6632,0.7988,0.7786,0.84,0.84,0.7788,0.6958,0.8381,0.8279,0.5457,2.3353,0.6561,0.7893,0.7284,0.708
0.8611,0.8448,0.8448,1.4071,0.7486,0.7916,0.792,0.6413,0.7911,0.8902,0.6744,0.6744,0.774,0.7239,0.7243,0.7905,0.6461,2.3722,0.6273,0.7723,0.7899,0.72
0.8885,0.8928,0.8928,1.2415,0.6437,0.7457,0.7188,0.5687,0.7454,0.9418,0.5808,0.5808,0.7296,0.659,0.6393,0.7012,0.6777,2.2718,0.5592,0.71,0.8071,0.6864
0.8661,0.888,0.888,0.9946,0.3895,0.6533,0.5976,0.4518,0.6554,0.9415,0.5412,0.5412,0.6336,0.5184,0.5455,0.5651,0.6105,2.0107,0.4441,0.5891,0.7765,0.6096
0.7953,0.8292,0.8292,0.6522,0.1959,0.5151,0.4416,0.34,0.5176,0.8901,0.3672,0.3672,0.4872,0.3497,0.3719,0.4043,0.5632,1.6414,0.3248,0.4406,0.699,0.4932
0.6738,0.7272,0.7272,0.337,0.1036,0.3489,0.2712,0.2215,0.3393,0.7905,0.1716,0.1716,0.3216,0.1817,0.1822,0.2217,0.4194,1.1775,0.1858,0.2737,0.5816,0.3492
0.5059,0.5664,0.5664,0.0808,0.03,0.1758,0.1128,0.1101,0.18,0.6419,0.0444,0.0444,0.156,0.0513,0.0511,0.0743,0.2604,0.679,0.0584,0.1164,0.4191,0.1896
0.3031,0.3612,0.3612,0.0005,0,0.0495,0.0204,0.0275,0.0626,0.4543,0,0,0.042,1.00E-04,0,0.0065,0.1345,0.2362,6.00E-04,0.0203,0.2292,0.0588
0.1025,0.1428,0.1428,0,0,0.0014,0,0,0.0052,0.2486,0,0,0,0,0,0,0.0349,0.0259,0,0,0.0601,0
0.018,0.0276,0.0276,0,0,0,0,0,1.00E-04,0.0793,0,0,0,0,0,0,0,0.0003,0,0,0.0028,0
0,0,0,0,0,0,0,0,0,0.0142,0,0,0,0,0,0,0,0,0,0,0,0
0,0,0,0,0,0,0,0,0,0,0,0,0,0,0,0,0,0,0,0,0,0
0,0,0,0,0,0,0,0,0,0,0,0,0,0,0,0,0,0,0,0,0,0
0,0,0,0,0,0,0,0,0,0,0,0,0,0,0,0,0,0,0,0,0,0
0,0,0,0,0,0,0,0,0,0,0,0,0,0,0,0,0,0,0,0,0,0
0,0,0,0,0,0,0,0,0,0,0,0,0,0,0,0,0,0,0,0,0,0
0,0,0,0,0.0023,0,0,0,0,0,0,0,0,0,0,0,0,0,0,0,0,0
0,0,0,0,0.0581,0.0015,0.0144,0,0.0012,0,0.0588,0.0588,0.0024,0.0358,0.0487,0.029,0,0,0.0054,0.0021,0,0
0,0,0,0.1499,0.1736,0.0527,0.0924,0.0093,0.0506,0,0.1908,0.1908,0.0684,0.1459,0.17,0.1283,0,0.0543,0.074,0.0643,0,0
0.0059,0,0,0.4322,0.3532,0.1746,0.2376,0.0757,0.1685,0.0042,0.3744,0.3744,0.2076,0.328,0.3453,0.294,0.0515,0.2908,0.2119,0.2069,0.0069,0.0396
0.0659,0.0396,0.0396,0.7135,0.4326,0.3598,0.4248,0.1524,0.3605,0.0654,0.5496,0.5496,0.3948,0.4901,0.5187,0.4675,0.1748,0.7749,0.3607,0.3929,0.0783,0.0912
0.2481,0.168,0.168,0.9212,0.5909,0.5321,0.5844,0.2364,0.5456,0.1996,0.6888,0.6888,0.564,0.6406,0.662,0.617,0.3552,1.2728,0.4966,0.5591,0.2391,0.1476
0.4621,0.402,0.402,1.0978,0.7022,0.6687,0.7248,0.313,0.6903,0.4163,0.7716,0.7716,0.6972,0.7398,0.7488,0.7172,0.5359,1.6884,0.6006,0.6857,0.418,0.2004
0.6399,0.606,0.606,1.1706,0.715,0.7618,0.8028,0.3739,0.7846,0.6193,0.8088,0.8088,0.7884,0.7955,0.7928,0.7763,0.6723,1.9752,0.6843,0.7617,0.5655,0.2652
0.7686,0.7596,0.7596,1.1378,0.6602,0.807,0.8316,0.4323,0.8328,0.7773,0.7968,0.7968,0.8316,0.7985,0.7899,0.7882,0.725,2.1451,0.7395,0.7889,0.6716,0.378
0.8455,0.858,0.858,1.0305,0.5276,0.8107,0.8136,0.4443,0.8365,0.8809,0.7344,0.7344,0.8376,0.7305,0.7278,0.7357,0.7071,2.1905,0.7266,0.772,0.7373,0.4836
0.8684,0.9048,0.9048,0.8463,0.3637,0.7616,0.7404,0.431,0.7898,0.9315,0.6336,0.6336,0.786,0.6465,0.6347,0.6567,0.6578,2.1085,0.6438,0.7097,0.7559,0.5484
0.8411,0.9,0.9,0.6345,0.2533,0.6603,0.6108,0.3703,0.6976,0.9307,0.4164,0.4164,0.6672,0.5124,0.4514,0.5336,0.523,1.8946,0.5119,0.6022,0.7367,0.5004
0.7704,0.8448,0.8448,0.3992,0.1972,0.5126,0.4332,0.2933,0.5562,0.8811,0.15,0.15,0.4992,0.3493,0.2422,0.3734,0.4814,1.5494,0.3576,0.4561,0.6677,0.3972
0.6608,0.7356,0.7356,0.2186,0.1338,0.3405,0.2784,0.2012,0.3879,0.782,0.0924,0.0924,0.3408,0.1752,0.1414,0.2022,0.3309,1.1208,0.2001,0.2716,0.5566,0.288
0.4971,0.5736,0.5736,0.0476,0.0372,0.1731,0.1224,0.1033,0.2156,0.6375,0.0336,0.0336,0.168,0.0467,0.0443,0.0699,0.2065,0.6474,0.0595,0.113,0.4042,0.1584
0.2967,0.3648,0.3648,0.0004,0,0.0502,0.024,0.0243,0.0711,0.4522,0,0,0.0444,1.00E-04,0,0.0051,0.099,0.236,6.00E-04,0.0166,0.2218,0.0432
0.1035,0.1404,0.1404,0,0,0.0014,0,0,0.0063,0.2487,0,0,0,0,0,0,0.0298,0.0223,0,0,0.0613,0
0.0173,0.0252,0.0252,0,0,0,0,0,1.00E-04,0.0792,0,0,0,0,0,0,0,0.0003,0,0,0.0027,0
0,0,0,0,0,0,0,0,0,0.0131,0,0,0,0,0,0,0,0,0,0,0,0
0,0,0,0,0,0,0,0,0,0,0,0,0,0,0,0,0,0,0,0,0,0
0,0,0,0,0,0,0,0,0,0,0,0,0,0,0,0,0,0,0,0,0,0
0,0,0,0,0,0,0,0,0,0,0,0,0,0,0,0,0,0,0,0,0,0
0,0,0,0,0,0,0,0,0,0,0,0,0,0,0,0,0,0,0,0,0,0
0,0,0,0,0,0,0,0,0,0,0,0,0,0,0,0,0,0,0,0,0,0
0,0,0,0,0.006,0,0,0,0,0,0,0,0,0,0,0,0,0,0,0,0,0
0,0,0,0,0.0718,0.0015,0.0144,0,0.0012,0,0.0612,0.0612,0.0024,0.0312,0.0489,0.0279,0,0,0.0072,0.0016,0,0
0,0,0,0.1045,0.2361,0.0507,0.0996,0.0072,0.0424,0,0.1956,0.1956,0.066,0.1427,0.1721,0.1283,0,0.0455,0.0912,0.0621,0,0.0012
0.0058,0,0,0.3309,0.4405,0.1756,0.282,0.0695,0.1545,0.0039,0.3708,0.3708,0.2136,0.3172,0.335,0.2926,0.0524,0.2935,0.2538,0.1974,0.0074,0.0504
0.065,0.036,0.036,0.5698,0.6202,0.3454,0.4488,0.172,0.3539,0.0641,0.444,0.444,0.4164,0.4936,0.4336,0.4521,0.1801,0.7326,0.4302,0.3705,0.0802,0.132
0.2474,0.1668,0.1668,0.7975,0.7549,0.5032,0.5712,0.2746,0.5426,0.1965,0.4392,0.4392,0.6024,0.6365,0.4757,0.564,0.3839,1.2175,0.5784,0.5235,0.2403,0.2208
0.4593,0.4032,0.4032,0.9512,0.8375,0.6272,0.684,0.369,0.684,0.4085,0.522,0.522,0.7476,0.7408,0.5336,0.6059,0.5778,1.6381,0.6934,0.6301,0.4073,0.324
0.6361,0.6072,0.6072,1.0177,0.8675,0.7098,0.7848,0.4465,0.7828,0.6044,0.696,0.696,0.8412,0.7861,0.6242,0.6357,0.7295,1.9273,0.7593,0.6878,0.5795,0.4368
0.764,0.762,0.762,1.0062,0.8373,0.7561,0.8304,0.4701,0.819,0.7593,0.822,0.822,0.8832,0.7811,0.6703,0.6299,0.8129,2.0402,0.772,0.7059,0.7129,0.4488
0.8393,0.8604,0.8604,0.9535,0.7617,0.7484,0.8364,0.4507,0.8082,0.8683,0.7716,0.7716,0.8748,0.7302,0.6096,0.5831,0.8304,2.0105,0.7232,0.6687,0.7789,0.4128
0.8541,0.906,0.906,0.8107,0.6044,0.6889,0.7836,0.4029,0.774,0.9145,0.6564,0.6564,0.804,0.6254,0.5371,0.5147,0.7551,1.8533,0.6385,0.5971,0.7987,0.366
0.8259,0.9012,0.9012,0.6179,0.468,0.5858,0.666,0.3366,0.6882,0.909,0.5052,0.5052,0.708,0.479,0.4286,0.4168,0.5867,1.5848,0.512,0.4953,0.7685,0.3072
0.7515,0.8424,0.8424,0.4124,0.3025,0.4462,0.4968,0.248,0.5511,0.8453,0.3324,0.3324,0.5616,0.3175,0.2797,0.2767,0.4501,1.273,0.3561,0.3518,0.697,0.228
0.6446,0.732,0.732,0.181,0.1424,0.2964,0.3024,0.1634,0.3679,0.7403,0.1644,0.1644,0.372,0.1559,0.1279,0.1377,0.3077,0.9437,0.1865,0.2175,0.5735,0.1524
0.4886,0.5688,0.5688,0.0324,0.0355,0.1465,0.1224,0.078,0.2085,0.5948,0.0408,0.0408,0.1704,0.0429,0.0303,0.048,0.1963,0.5623,0.0588,0.0967,0.4128,0.078
0.2959,0.3624,0.3624,0.0003,0,0.0387,0.0252,0.0149,0.0681,0.4294,0,0,0.0456,1.00E-04,0,0.0044,0.0984,0.2126,6.00E-04,0.0141,0.2282,0.018
0.1005,0.1416,0.1416,0,0,5.00E-04,0,0,0.0054,0.2352,0,0,0,0,0,0,0.0268,0.0225,0,0,0.0641,0
0.0169,0.0264,0.0264,0,0,0,0,0,0,0.0813,0,0,0,0,0,0,0,0.0002,0,0,0.0028,0
0,0,0,0,0,0,0,0,0,0.0115,0,0,0,0,0,0,0,0,0,0,0,0
0,0,0,0,0,0,0,0,0,0,0,0,0,0,0,0,0,0,0,0,0,0
0,0,0,0,0,0,0,0,0,0,0,0,0,0,0,0,0,0,0,0,0,0
0,0,0,0,0,0,0,0,0,0,0,0,0,0,0,0,0,0,0,0,0,0
0,0,0,0,0,0,0,0,0,0,0,0,0,0,0,0,0,0,0,0,0,0
0,0,0,0,0,0,0,0,0,0,0,0,0,0,0,0,0,0,0,0,0,0
0,0,0,0,0.0053,0,0,0,0,0,0,0,0,0,0,0,0,0,0,0,0,0
0,0,0,0,0.0663,0.0015,0.0168,0,0.0012,0,0.0492,0.0492,0.0024,0.0118,0.0343,0.0148,0,0,0.0066,8.00E-04,0,0
0,0,0,0.0715,0.2401,0.0481,0.1044,0.0087,0.0492,0,0.174,0.174,0.0636,0.0685,0.1322,0.0849,0,0.0411,0.0907,0.0392,0,0
0.005,0,0,0.2345,0.4566,0.1763,0.2148,0.0714,0.1688,0.003,0.3444,0.3444,0.2196,0.1381,0.281,0.2288,0.0529,0.2823,0.2409,0.1276,0.0063,0.0336
0.062,0.0408,0.0408,0.3954,0.6449,0.3477,0.2904,0.1599,0.3694,0.0641,0.5304,0.5304,0.426,0.2043,0.4429,0.3898,0.18,0.7101,0.3922,0.2373,0.0795,0.102
0.2462,0.1668,0.1668,0.5347,0.7805,0.5189,0.3708,0.2486,0.5612,0.195,0.6612,0.6612,0.6096,0.2412,0.5564,0.5118,0.3756,1.1851,0.5188,0.3531,0.2381,0.1644
0.4482,0.3852,0.3852,0.6314,0.8571,0.6651,0.6108,0.3299,0.7179,0.4051,0.762,0.762,0.7476,0.2935,0.6594,0.6149,0.5559,1.6113,0.6067,0.4726,0.4168,0.2352
0.6227,0.576,0.576,0.7062,0.8941,0.7649,0.822,0.3731,0.8218,0.6046,0.846,0.846,0.834,0.3017,0.723,0.6576,0.6987,1.9225,0.6615,0.5645,0.5651,0.3036
0.7516,0.7212,0.7212,0.7307,0.8893,0.8142,0.8592,0.392,0.8646,0.7655,0.8436,0.8436,0.8664,0.3035,0.7258,0.6639,0.7911,2.1108,0.6646,0.609,0.6724,0.36
0.8301,0.816,0.816,0.6718,0.8288,0.7991,0.7992,0.392,0.8582,0.8715,0.7536,0.7536,0.7992,0.2769,0.6722,0.6541,0.8415,2.1272,0.6444,0.611,0.7395,0.3744
0.8616,0.8592,0.8592,0.534,0.7149,0.7253,0.6936,0.3658,0.8113,0.9225,0.5832,0.5832,0.6756,0.2202,0.5645,0.61,0.8425,2.0173,0.5663,0.5639,0.7633,0.3432
0.84,0.8544,0.8544,0.4063,0.5489,0.6171,0.5448,0.3066,0.7145,0.9222,0.4116,0.4116,0.5496,0.1735,0.4157,0.4989,0.792,1.7915,0.4556,0.4704,0.7363,0.2964
0.7718,0.7992,0.7992,0.2786,0.3306,0.4845,0.3888,0.2192,0.5696,0.8787,0.2628,0.2628,0.414,0.1166,0.2843,0.365,0.6911,1.446,0.3315,0.3343,0.6644,0.2304
0.6555,0.6948,0.6948,0.1412,0.1445,0.3523,0.2316,0.1427,0.4049,0.7787,0.1188,0.1188,0.3144,0.0617,0.1414,0.1981,0.5497,1.0322,0.1949,0.1995,0.5549,0.1548
0.4919,0.5412,0.5412,0.0277,0.0347,0.1839,0.1068,0.0721,0.2213,0.6325,0.0336,0.0336,0.1644,0.0144,0.0442,0.0697,0.3756,0.5961,0.0594,0.0868,0.4004,0.0756
0.2943,0.3456,0.3456,0.0002,0,0.0506,0.018,0.0155,0.0668,0.4468,0,0,0.0456,0,0,0.0053,0.1848,0.2085,0,0.0122,0.2182,0.0168
0.0992,0.1404,0.1404,0,0,0.0014,0,0,0.0059,0.245,0,0,0,0,0,0,0.0493,0.0205,0,0,0.0637,0
0.0165,0.0264,0.0264,0,0,0,0,0,1.00E-04,0.0793,0,0,0,0,0,0,0,0.0002,0,0,0.0017,0
0,0,0,0,0,0,0,0,0,0.0109,0,0,0,0,0,0,0,0,0,0,0,0
0,0,0,0,0,0,0,0,0,0,0,0,0,0,0,0,0,0,0,0,0,0
0,0,0,0,0,0,0,0,0,0,0,0,0,0,0,0,0,0,0,0,0,0
0,0,0,0,0,0,0,0,0,0,0,0,0,0,0,0,0,0,0,0,0,0
0,0,0,0,0,0,0,0,0,0,0,0,0,0,0,0,0,0,0,0,0,0
0,0,0,0,0,0,0,0,0,0,0,0,0,0,0,0,0,0,0,0,0,0
0,0,0,0,0.0053,0,0,0,0,0,0,0,0,0,0,0,0,0,0,0,0,0
0,0,0,0,0.0673,0.0015,0.0132,0,0.0012,0,0.0576,0.0576,0.0024,0.0047,0.0482,0.0269,0,0,0.0042,0.0012,0,0
0,0,0,0.0883,0.2404,0.0486,0.0864,0.0068,0.0472,0,0.1908,0.1908,0.0672,0.0405,0.1734,0.1248,0,0.0409,0.0822,0.0497,0,0
0.0049,0,0,0.2785,0.4539,0.1794,0.288,0.0596,0.1689,0.0034,0.3996,0.3996,0.2148,0.1136,0.3684,0.3023,0.0492,0.2796,0.2203,0.1674,0.004,0.0168
0.0643,0.0408,0.0408,0.4885,0.6378,0.3726,0.5004,0.1443,0.3759,0.0614,0.588,0.588,0.3972,0.1811,0.55,0.4724,0.179,0.7823,0.3714,0.2975,0.0756,0.0636
0.242,0.1656,0.1656,0.6319,0.7754,0.5497,0.678,0.2274,0.5691,0.1812,0.7308,0.7308,0.5556,0.2609,0.6919,0.6063,0.4022,1.2905,0.4916,0.3847,0.2326,0.1236
0.4465,0.378,0.378,0.743,0.8618,0.6774,0.8028,0.2948,0.7218,0.3807,0.822,0.822,0.6504,0.3166,0.7765,0.6949,0.5979,1.7311,0.5803,0.4357,0.4306,0.2016
0.6173,0.5628,0.5628,0.8201,0.8947,0.7766,0.8796,0.3425,0.8248,0.5993,0.828,0.828,0.7524,0.3393,0.7783,0.7355,0.7361,2.0452,0.5971,0.453,0.5924,0.2616
0.7323,0.7032,0.7032,0.8117,0.8741,0.8274,0.9048,0.3713,0.8763,0.7825,0.7764,0.7764,0.8112,0.3442,0.7338,0.7127,0.8249,2.2279,0.5957,0.4534,0.713,0.3012
0.8054,0.7968,0.7968,0.7449,0.8023,0.8129,0.8796,0.3594,0.882,0.9018,0.666,0.666,0.774,0.3351,0.6481,0.6609,0.8706,2.2465,0.5332,0.4118,0.7804,0.3096
0.8342,0.8412,0.8412,0.6699,0.6747,0.7548,0.8052,0.3349,0.8356,0.9547,0.576,0.576,0.7128,0.2845,0.5514,0.5751,0.8801,2.1384,0.4345,0.3676,0.8002,0.3048
0.8239,0.8388,0.8388,0.521,0.5077,0.6654,0.6816,0.3048,0.7441,0.9556,0.456,0.456,0.6288,0.2168,0.421,0.4506,0.8297,1.9278,0.3583,0.3079,0.771,0.2856
0.756,0.7848,0.7848,0.3165,0.321,0.5215,0.5112,0.2566,0.5996,0.8973,0.3156,0.3156,0.4992,0.1455,0.2908,0.3227,0.7382,1.5928,0.2483,0.233,0.6837,0.2316
0.644,0.6828,0.6828,0.1616,0.1478,0.3347,0.3072,0.1893,0.42,0.7978,0.1548,0.1548,0.3312,0.0732,0.155,0.1846,0.5894,1.1343,0.1297,0.1488,0.5568,0.1704
0.4853,0.5268,0.5268,0.0331,0.0366,0.1779,0.1176,0.1052,0.2218,0.6498,0.042,0.042,0.1632,0.0162,0.0466,0.066,0.3985,0.6822,0.0377,0.0662,0.3923,0.0936
0.2938,0.33,0.33,0.0003,0,0.0503,0.0228,0.0268,0.0665,0.4596,0,0,0.042,0,0,0.005,0.1885,0.238,0,0.0084,0.207,0.0264
0.0996,0.138,0.138,0,0,0.0014,0,0,0.0051,0.2508,0,0,0,0,0,0,0.0468,0.024,0,0,0.0657,0
0.0163,0.0228,0.0228,0,0,0,0,0,0,0.0735,0,0,0,0,0,0,0,0.0002,0,0,0.0016,0
0,0,0,0,0,0,0,0,0,0.0109,0,0,0,0,0,0,0,0,0,0,0,0
0,0,0,0,0,0,0,0,0,0,0,0,0,0,0,0,0,0,0,0,0,0
0,0,0,0,0,0,0,0,0,0,0,0,0,0,0,0,0,0,0,0,0,0
0,0,0,0,0,0,0,0,0,0,0,0,0,0,0,0,0,0,0,0,0,0
0,0,0,0,0,0,0,0,0,0,0,0,0,0,0,0,0,0,0,0,0,0
0,0,0,0,0,0,0,0,0,0,0,0,0,0,0,0,0,0,0,0,0,0
0,0,0,0,0.0048,0,0,0,0,0,0,0,0,0,0,0,0,0,0,0,0,0
0,0,0,0,0.0683,0.0015,0.012,0,0.0012,0,0.042,0.042,0.0024,0.0207,0.0384,0.0241,0,0,0.0018,0.001,0,0
0,0,0,0.0408,0.2088,0.0467,0.0804,0.0144,0.0461,0,0.1416,0.1416,0.0612,0.1198,0.1404,0.1127,0,0.0433,0.0648,0.0527,0,0
0.005,0,0,0.131,0.3832,0.1818,0.2928,0.1019,0.1695,0.0036,0.2484,0.2484,0.2172,0.2228,0.2601,0.2607,0.0446,0.281,0.1959,0.1908,0.0043,0.0132
0.0716,0.042,0.042,0.2172,0.5557,0.3705,0.5088,0.2244,0.3756,0.0611,0.3624,0.3624,0.4272,0.3262,0.3871,0.4186,0.1754,0.7486,0.348,0.3718,0.0768,0.0408
0.2285,0.1656,0.1656,0.2872,0.712,0.5508,0.6864,0.3352,0.5682,0.1909,0.5304,0.5304,0.6132,0.4379,0.5334,0.5537,0.3938,1.2566,0.4553,0.5274,0.2418,0.0816
0.4317,0.36,0.36,0.3394,0.8085,0.6957,0.8148,0.4251,0.7205,0.4114,0.7164,0.7164,0.7548,0.5224,0.6858,0.6758,0.5989,1.7273,0.5142,0.6249,0.4351,0.1416
0.6026,0.5472,0.5472,0.4202,0.8111,0.8009,0.8892,0.4984,0.8229,0.6161,0.7332,0.7332,0.8448,0.5667,0.7194,0.7552,0.7513,2.0795,0.5014,0.6846,0.5978,0.204
0.726,0.6972,0.6972,0.4685,0.7236,0.8423,0.9144,0.5281,0.8633,0.7745,0.744,0.744,0.8856,0.554,0.7512,0.7958,0.8508,2.2639,0.4691,0.6794,0.7116,0.2784
0.8063,0.7908,0.7908,0.4858,0.6548,0.8342,0.888,0.4963,0.8699,0.8806,0.6984,0.6984,0.87,0.4981,0.6924,0.7373,0.8976,2.2893,0.4084,0.5908,0.7783,0.3264
0.8348,0.8292,0.8292,0.4794,0.5611,0.782,0.8136,0.4737,0.818,0.9315,0.6276,0.6276,0.8124,0.4124,0.623,0.664,0.8928,2.2074,0.3156,0.5185,0.7949,0.3204
0.8093,0.8196,0.8196,0.4331,0.4588,0.6814,0.6888,0.4061,0.7261,0.9326,0.4896,0.4896,0.7044,0.3072,0.4822,0.5303,0.8329,1.9821,0.224,0.4115,0.7583,0.2832
0.7487,0.7668,0.7668,0.3364,0.3152,0.5219,0.5172,0.3262,0.5917,0.8854,0.33,0.33,0.5496,0.1906,0.3202,0.3605,0.7309,1.6071,0.1469,0.2959,0.6674,0.2232
0.639,0.6636,0.6636,0.2017,0.1532,0.3369,0.3132,0.2117,0.416,0.788,0.1692,0.1692,0.348,0.0876,0.1614,0.1902,0.5761,1.1357,0.0844,0.1742,0.544,0.144
0.4731,0.5064,0.5064,0.0484,0.0396,0.1631,0.114,0.1034,0.2213,0.641,0.0468,0.0468,0.1608,0.0179,0.0428,0.0612,0.3781,0.6485,0.0266,0.0767,0.351,0.0672
0.2779,0.3288,0.3288,0.0001,0,0.0507,0.0228,0.0199,0.068,0.4504,0,0,0.0432,0,0,0.0048,0.1742,0.234,0,0.0106,0.1457,0.0144
0.1002,0.1512,0.1512,0,0,9.00E-04,0,0,0.0044,0.2449,0,0,0,0,0,0,0.0468,0.023,0,0,0.0362,0
0.012,0.0252,0.0252,0,0,0,0,0,0,0.0734,0,0,0,0,0,0,0,0.0002,0,0,7.00E-04,0
0,0,0,0,0,0,0,0,0,0.0109,0,0,0,0,0,0,0,0,0,0,0,0
0,0,0,0,0,0,0,0,0,0,0,0,0,0,0,0,0,0,0,0,0,0
0,0,0,0,0,0,0,0,0,0,0,0,0,0,0,0,0,0,0,0,0,0
0,0,0,0,0,0,0,0,0,0,0,0,0,0,0,0,0,0,0,0,0,0
0,0,0,0,0,0,0,0,0,0,0,0,0,0,0,0,0,0,0,0,0,0
0,0,0,0,0,0,0,0,0,0,0,0,0,0,0,0,0,0,0,0,0,0
0,0,0,0,0.0043,0,0,0,0,0,0,0,0,0,0,0,0,0,0,0,0,0
0,0,0,0,0.0699,0.0015,0.012,0,8.00E-04,0,0.042,0.042,0.0024,0.0288,0.0415,0.0291,0,0,0.0024,9.00E-04,0,0
0,0,0,0.1116,0.2214,0.0469,0.084,0.0102,0.0473,0,0.1572,0.1572,0.0648,0.137,0.157,0.1315,0,0.0388,0.0566,0.0319,0,0
0.0046,0,0,0.3477,0.417,0.1733,0.2856,0.0913,0.1686,0.003,0.3552,0.3552,0.2124,0.2833,0.3501,0.3108,0.0433,0.284,0.1553,0.1053,0.0035,0.0648
0.0571,0.012,0.012,0.594,0.592,0.33,0.4968,0.2108,0.3647,0.0609,0.576,0.576,0.3756,0.42,0.5515,0.4924,0.1754,0.7509,0.2642,0.1954,0.0434,0.1848
0.2136,0.054,0.054,0.8547,0.7346,0.4679,0.6708,0.3049,0.5544,0.1791,0.7212,0.7212,0.4944,0.5302,0.6916,0.6299,0.3997,1.2261,0.3826,0.288,0.1361,0.2292
0.3983,0.1044,0.1044,1.0475,0.8314,0.5998,0.7968,0.3771,0.6964,0.3719,0.8136,0.8136,0.636,0.6041,0.7773,0.718,0.6,1.6409,0.5209,0.3627,0.2773,0.2628
0.5628,0.1752,0.1752,1.0986,0.875,0.7211,0.8712,0.3983,0.7899,0.5942,0.8472,0.8472,0.8124,0.6326,0.8093,0.7538,0.7512,1.9261,0.6198,0.4004,0.4104,0.2868
0.6736,0.3336,0.3336,1.05,0.8661,0.77,0.894,0.4053,0.8181,0.7607,0.8244,0.8244,0.8724,0.6333,0.7778,0.7233,0.8495,2.0538,0.6461,0.4066,0.5128,0.2676
0.7266,0.4728,0.4728,0.8795,0.7996,0.7494,0.8676,0.4072,0.8227,0.8723,0.7476,0.7476,0.8616,0.6394,0.7175,0.6709,0.8939,2.0568,0.6008,0.3858,0.5951,0.2832
0.7048,0.4692,0.4692,0.6887,0.6847,0.6829,0.792,0.3854,0.7675,0.9228,0.654,0.654,0.8004,0.5753,0.6189,0.5684,0.8797,1.928,0.5036,0.3539,0.6482,0.2832
0.6261,0.384,0.384,0.4907,0.528,0.5848,0.6672,0.3149,0.6411,0.9185,0.4848,0.4848,0.69,0.4579,0.4496,0.4425,0.8187,1.6732,0.4067,0.2864,0.624,0.2664
0.5231,0.2868,0.2868,0.2786,0.3409,0.4621,0.498,0.2415,0.4943,0.8694,0.3204,0.3204,0.5388,0.3084,0.2793,0.287,0.7073,1.3859,0.2968,0.1887,0.5306,0.2244
0.4347,0.2352,0.2352,0.1274,0.152,0.3095,0.3,0.158,0.3368,0.7736,0.1644,0.1644,0.3384,0.151,0.1449,0.1517,0.5479,1.0434,0.1746,0.1074,0.3824,0.174
0.344,0.1896,0.1896,0.0231,0.0369,0.1558,0.114,0.0757,0.1831,0.6308,0.0432,0.0432,0.1596,0.0372,0.0397,0.0505,0.363,0.6131,0.0547,0.0437,0.2642,0.1104
0.2024,0.1236,0.1236,0.0003,0,0.0443,0.0216,0.0163,0.0618,0.4473,0,0,0.0432,0,0,0.0032,0.1778,0.2257,0,0.0039,0.1536,0.0348
0.0713,0.0648,0.0648,0,0,5.00E-04,0,0,0.0031,0.2448,0,0,0,0,0,0,0.0468,0.0212,0,0,0.0544,0
0.0074,0.0084,0.0084,0,0,0,0,0,1.00E-04,0.0747,0,0,0,0,0,0,0,0.0002,0,0,2.00E-04,0
0,0,0,0,0,0,0,0,0,0.0098,0,0,0,0,0,0,0,0,0,0,0,0
0,0,0,0,0,0,0,0,0,0,0,0,0,0,0,0,0,0,0,0,0,0
0,0,0,0,0,0,0,0,0,0,0,0,0,0,0,0,0,0,0,0,0,0
0,0,0,0,0,0,0,0,0,0,0,0,0,0,0,0,0,0,0,0,0,0
0,0,0,0,0,0,0,0,0,0,0,0,0,0,0,0,0,0,0,0,0,0
0,0,0,0,0,0,0,0,0,0,0,0,0,0,0,0,0,0,0,0,0,0
0,0,0,0,0.0043,0,0,0,0,0,0,0,0,0,0,0,0,0,0,0,0,0
0,0,0,0,0.0697,7.00E-04,0.012,0,8.00E-04,0,0.0288,0.0288,0.0012,0.0118,0.021,0.0104,0,0,0.0042,7.00E-04,0,0
0,0,0,0.1166,0.2159,0.0472,0.0912,0.0081,0.0437,0,0.0948,0.0948,0.066,0.0834,0.0913,0.0773,0,0.0334,0.0694,0.042,0,0.0012
0.0044,0,0,0.3701,0.3823,0.1588,0.2688,0.0789,0.1528,0.003,0.168,0.168,0.1944,0.2094,0.1929,0.1926,0.0433,0.2633,0.1821,0.1385,0.0055,0.0696
0.0714,0.0144,0.0144,0.663,0.5332,0.3005,0.4632,0.1776,0.3121,0.0592,0.2316,0.2316,0.3684,0.3673,0.2923,0.318,0.173,0.6646,0.2938,0.2564,0.0834,0.204
0.1923,0.0876,0.0876,0.9586,0.6477,0.4467,0.6324,0.2769,0.4838,0.1795,0.318,0.318,0.5592,0.4511,0.3741,0.4195,0.3961,1.1201,0.3766,0.3606,0.252,0.3192
0.3249,0.1692,0.1692,1.1695,0.7059,0.5591,0.7692,0.3318,0.6385,0.3761,0.4092,0.4092,0.6984,0.5215,0.4426,0.4944,0.5964,1.497,0.4431,0.4779,0.444,0.3984
0.4241,0.2652,0.2652,1.3384,0.7285,0.6322,0.8436,0.3974,0.704,0.554,0.4572,0.4572,0.7896,0.5821,0.4533,0.5248,0.7487,1.7757,0.4719,0.5358,0.6026,0.4788
0.4959,0.4056,0.4056,1.4018,0.6888,0.6509,0.8688,0.4198,0.727,0.7277,0.3888,0.3888,0.8064,0.6141,0.4023,0.5102,0.8447,1.8816,0.4973,0.5617,0.6846,0.474
0.527,0.5448,0.5448,1.3718,0.5599,0.63,0.8436,0.4074,0.7123,0.82,0.3432,0.3432,0.7404,0.6063,0.3458,0.4561,0.8855,1.9103,0.4873,0.5492,0.7264,0.4428
0.5234,0.6036,0.6036,1.2358,0.4918,0.5513,0.7716,0.4095,0.6414,0.8587,0.2856,0.2856,0.552,0.5599,0.2788,0.3786,0.8807,1.8672,0.4391,0.4849,0.7187,0.402
0.4419,0.5472,0.5472,1.0051,0.3847,0.4537,0.654,0.378,0.5459,0.8463,0.2076,0.2076,0.3864,0.4645,0.2301,0.3156,0.8291,1.6727,0.361,0.3806,0.6822,0.3192
0.3274,0.5028,0.5028,0.71,0.2556,0.3501,0.4884,0.3012,0.443,0.7978,0.1464,0.1464,0.2748,0.3282,0.1823,0.2386,0.7247,1.3882,0.2647,0.2785,0.5979,0.2172
0.3146,0.4476,0.4476,0.3715,0.1197,0.2517,0.2964,0.2061,0.3342,0.7047,0.102,0.102,0.2244,0.1763,0.124,0.1444,0.5603,1.0394,0.1476,0.1888,0.4834,0.1452
0.2547,0.3612,0.3612,0.0874,0.0278,0.1447,0.1152,0.1022,0.1984,0.5676,0.0312,0.0312,0.138,0.0481,0.0395,0.0488,0.3436,0.618,0.0445,0.0873,0.3465,0.0684
0.168,0.234,0.234,0.0003,0,0.0429,0.0216,0.018,0.0671,0.3984,0,0,0.0396,0,0,0.0018,0.1588,0.2162,0,0.0128,0.2024,0.0168
0.0699,0.1176,0.1176,0,0,9.00E-04,0,0,0.0038,0.227,0,0,0,0,0,0,0.0398,0.0182,0,0,0.0646,0
0.0069,0.0204,0.0204,0,0,0,0,0,0,0.0739,0,0,0,0,0,0,0,0,0,0,0.0016,0
0,0,0,0,0,0,0,0,0,0.0066,0,0,0,0,0,0,0,0,0,0,0,0
0,0,0,0,0,0,0,0,0,0,0,0,0,0,0,0,0,0,0,0,0,0
0,0,0,0,0,0,0,0,0,0,0,0,0,0,0,0,0,0,0,0,0,0
0,0,0,0,0,0,0,0,0,0,0,0,0,0,0,0,0,0,0,0,0,0
0,0,0,0,0,0,0,0,0,0,0,0,0,0,0,0,0,0,0,0,0,0
0,0,0,0,0,0,0,0,0,0,0,0,0,0,0,0,0,0,0,0,0,0
0,0,0,0,0.001,0,0,0,0,0,0,0,0,0,0,0,0,0,0,0,0,0
0,0,0,0,0.0349,4.00E-04,0.0132,0,5.00E-04,0,0.0456,0.0456,0.0012,0.0297,0.0303,0.0117,0,0,0.0024,6.00E-04,0,0
0,0,0,0.0978,0.1279,0.0364,0.0972,0.0091,0.046,0,0.1776,0.1776,0.0684,0.1353,0.117,0.0663,0,0.0357,0.0585,0.0497,0,0
0.0024,0,0,0.2739,0.2832,0.1331,0.2388,0.0844,0.1545,0.0026,0.3684,0.3684,0.2136,0.2899,0.2415,0.1509,0.0492,0.2691,0.1726,0.1578,0.0034,0.0576
0.0633,0.0396,0.0396,0.4799,0.4235,0.2833,0.4056,0.1909,0.309,0.0608,0.5496,0.5496,0.4056,0.4581,0.3684,0.2286,0.174,0.7473,0.3273,0.278,0.0732,0.1584
0.2022,0.1656,0.1656,0.6259,0.5335,0.4208,0.5724,0.2917,0.4617,0.1796,0.6492,0.6492,0.558,0.5701,0.457,0.3124,0.3766,1.2712,0.5051,0.382,0.2182,0.228
0.4057,0.384,0.384,0.7707,0.6382,0.5261,0.7368,0.3866,0.5915,0.338,0.6468,0.6468,0.6576,0.6277,0.5166,0.4047,0.5756,1.7004,0.6305,0.4377,0.3582,0.2988
0.5661,0.5832,0.5832,0.9658,0.7138,0.5929,0.8208,0.4502,0.6834,0.474,0.6036,0.6036,0.7212,0.6599,0.5678,0.5253,0.7279,2.0241,0.7047,0.4455,0.4247,0.3816
0.6373,0.7368,0.7368,0.9916,0.7071,0.6294,0.8376,0.445,0.7549,0.5298,0.5376,0.5376,0.744,0.6616,0.5385,0.5399,0.8192,2.1779,0.7365,0.4136,0.4098,0.4008
0.6447,0.84,0.84,0.9922,0.6439,0.6057,0.774,0.438,0.7919,0.6335,0.396,0.396,0.7056,0.629,0.4514,0.5083,0.8542,2.1988,0.7076,0.3725,0.3928,0.4032
0.6214,0.888,0.888,0.8601,0.5471,0.5391,0.5244,0.4056,0.7363,0.6978,0.3108,0.3108,0.5904,0.5411,0.3719,0.4326,0.8319,2.0839,0.6404,0.3297,0.3545,0.372
0.5823,0.8844,0.8844,0.6036,0.406,0.4396,0.3552,0.3489,0.6399,0.7328,0.288,0.288,0.4536,0.4238,0.3157,0.3167,0.7447,1.8555,0.53,0.2534,0.3675,0.3216
0.5067,0.828,0.828,0.3784,0.2646,0.3386,0.2904,0.2694,0.4934,0.6378,0.2724,0.2724,0.3444,0.2977,0.2526,0.2114,0.5946,1.5067,0.385,0.1711,0.3719,0.2508
0.4221,0.7212,0.7212,0.1628,0.1361,0.2371,0.1608,0.1713,0.3445,0.5294,0.1632,0.1632,0.2472,0.1629,0.1461,0.1195,0.3899,1.0771,0.2087,0.1032,0.3083,0.1764
0.3087,0.5616,0.5616,0.0279,0.0349,0.1324,0.0648,0.081,0.198,0.4454,0.0432,0.0432,0.1308,0.0433,0.0422,0.0394,0.2412,0.6244,0.0631,0.0441,0.2007,0.0972
0.1964,0.3564,0.3564,0.0003,0,0.0388,0.0072,0.0146,0.0646,0.2976,0,0,0.0336,0,0,7.00E-04,0.121,0.218,0,0.0038,0.1072,0.0228
0.0891,0.1392,0.1392,0,0,9.00E-04,0,0,0.0033,0.1631,0,0,0,0,0,0,0.0346,0.0185,0,0,0.0327,0
0.0104,0.0228,0.0228,0,0,0,0,0,0,0.0643,0,0,0,0,0,0,0,0,0,0,6.00E-04,0
0,0,0,0,0,0,0,0,0,0.006,0,0,0,0,0,0,0,0,0,0,0,0
0,0,0,0,0,0,0,0,0,0,0,0,0,0,0,0,0,0,0,0,0,0
0,0,0,0,0,0,0,0,0,0,0,0,0,0,0,0,0,0,0,0,0,0
0,0,0,0,0,0,0,0,0,0,0,0,0,0,0,0,0,0,0,0,0,0
0,0,0,0,0,0,0,0,0,0,0,0,0,0,0,0,0,0,0,0,0,0
0,0,0,0,0,0,0,0,0,0,0,0,0,0,0,0,0,0,0,0,0,0
0,0,0,0,0.0039,0,0,0,0,0,0,0,0,0,0,0,0,0,0,0,0,0
0,0,0,0,0.0777,7.00E-04,0.0048,0,8.00E-04,0,0.048,0.048,0.0012,0.0323,0.0305,0.0122,0,0,0.006,0.001,0,0
0,0,0,0.0429,0.2294,0.0467,0.0684,0.0085,0.0459,0,0.1536,0.1536,0.0636,0.1433,0.1143,0.0751,0,0.0358,0.0828,0.0457,0,0.0012
0.0042,0,0,0.158,0.4115,0.1712,0.2016,0.086,0.1586,0.0025,0.27,0.27,0.2088,0.3329,0.2277,0.186,0.0481,0.2767,0.2671,0.1486,0.0056,0.0732
0.0716,0.0348,0.0348,0.2833,0.5649,0.3598,0.3888,0.2109,0.3315,0.0561,0.336,0.336,0.4056,0.5067,0.2985,0.2887,0.1754,0.7663,0.4603,0.2703,0.0852,0.2124
0.2168,0.1644,0.1644,0.3969,0.6866,0.5346,0.5604,0.3435,0.488,0.17,0.306,0.306,0.5832,0.6418,0.3081,0.3582,0.395,1.2808,0.6079,0.3828,0.2546,0.3744
0.4018,0.402,0.402,0.4918,0.7262,0.6645,0.6636,0.456,0.6105,0.3287,0.2736,0.2736,0.726,0.7227,0.3206,0.4051,0.5882,1.7202,0.6973,0.4652,0.449,0.5184
0.544,0.6084,0.6084,0.614,0.704,0.7609,0.7176,0.5483,0.7052,0.4998,0.282,0.282,0.8136,0.7619,0.3471,0.4554,0.731,2.0573,0.7442,0.4917,0.603,0.6216
0.6192,0.762,0.762,0.6739,0.66,0.8074,0.7452,0.5986,0.7623,0.6208,0.2724,0.2724,0.852,0.7532,0.3578,0.4834,0.8009,2.2557,0.7455,0.5173,0.7031,0.678
0.6474,0.8616,0.8616,0.6857,0.5131,0.8124,0.696,0.5869,0.7679,0.6575,0.2412,0.2412,0.8424,0.6984,0.3512,0.5001,0.8187,2.2923,0.6872,0.5228,0.7454,0.6756
0.6147,0.9084,0.9084,0.642,0.3097,0.7663,0.582,0.5522,0.7067,0.7016,0.1956,0.1956,0.7848,0.6157,0.3146,0.4815,0.7779,2.1829,0.6187,0.5035,0.7415,0.6108
0.5802,0.9036,0.9036,0.5263,0.1607,0.6695,0.4764,0.4823,0.6362,0.7075,0.1596,0.1596,0.6756,0.4974,0.2639,0.4095,0.7204,1.9438,0.5171,0.448,0.6878,0.498
0.5262,0.8472,0.8472,0.3846,0.082,0.5267,0.3756,0.3963,0.5446,0.6655,0.1392,0.1392,0.528,0.3448,0.1987,0.2958,0.6183,1.6181,0.3712,0.3484,0.6023,0.3864
0.4452,0.7356,0.7356,0.2356,0.0418,0.3422,0.2292,0.2679,0.3828,0.5955,0.0804,0.0804,0.33,0.1752,0.102,0.1616,0.4887,1.1793,0.209,0.2327,0.4945,0.2568
0.3683,0.5724,0.5724,0.0536,0.0078,0.1681,0.102,0.1328,0.1997,0.4653,0.0156,0.0156,0.1584,0.0454,0.0219,0.0554,0.3304,0.6733,0.0613,0.106,0.3632,0.1404
0.2422,0.3624,0.3624,0.0002,0,0.0434,0.0132,0.0269,0.0611,0.3545,0,0,0.0384,1.00E-04,0,0.0037,0.169,0.2281,6.00E-04,0.0145,0.2071,0.0348
0.1007,0.1428,0.1428,0,0,5.00E-04,0,0,0.0028,0.189,0,0,0,0,0,0,0.0456,0.0192,0,0,0.0675,0
0.0114,0.024,0.024,0,0,0,0,0,0,0.06,0,0,0,0,0,0,0,0.0002,0,0,0.0017,0
0,0,0,0,0,0,0,0,0,0.0049,0,0,0,0,0,0,0,0,0,0,0,0
0,0,0,0,0,0,0,0,0,0,0,0,0,0,0,0,0,0,0,0,0,0
0,0,0,0,0,0,0,0,0,0,0,0,0,0,0,0,0,0,0,0,0,0
0,0,0,0,0,0,0,0,0,0,0,0,0,0,0,0,0,0,0,0,0,0
0,0,0,0,0,0,0,0,0,0,0,0,0,0,0,0,0,0,0,0,0,0
0,0,0,0,0,0,0,0,0,0,0,0,0,0,0,0,0,0,0,0,0,0
0,0,0,0,7.00E-04,0,0,0,0,0,0,0,0,0,0,0,0,0,0,0,0,0
0,0,0,0,0.0574,7.00E-04,0.0108,0,5.00E-04,0,0.0516,0.0516,0.0012,0.03,0.0422,0.0236,0,0,0.0048,0.001,0,0
0,0,0,0.0596,0.2025,0.0453,0.0852,0.0101,0.0449,0,0.1848,0.1848,0.0612,0.1345,0.1664,0.1231,0,0.034,0.0817,0.0562,0,0
0.0043,0,0,0.2322,0.4109,0.172,0.2736,0.0912,0.1597,0.0023,0.3864,0.3864,0.2052,0.2743,0.3641,0.3096,0.0456,0.2707,0.2122,0.1919,0.0053,0.0588
0.068,0.0396,0.0396,0.4413,0.5911,0.3628,0.474,0.2237,0.3528,0.0509,0.5712,0.5712,0.3984,0.4344,0.5496,0.5008,0.1742,0.7751,0.353,0.3673,0.0782,0.1692
0.2395,0.1668,0.1668,0.6598,0.7183,0.5375,0.6384,0.3605,0.5352,0.1751,0.7116,0.7116,0.5628,0.6004,0.6933,0.6583,0.3903,1.3064,0.4411,0.5151,0.2408,0.2688
0.4391,0.3852,0.3852,0.8955,0.799,0.6723,0.7584,0.4734,0.6824,0.3657,0.8064,0.8064,0.6828,0.693,0.7874,0.7626,0.5824,1.7526,0.5024,0.6266,0.4388,0.3564
0.6003,0.5844,0.5844,1.0787,0.8347,0.7721,0.828,0.5677,0.7803,0.5564,0.8496,0.8496,0.792,0.7107,0.8345,0.8198,0.7299,2.0813,0.5265,0.6848,0.6076,0.4512
0.702,0.7404,0.7404,1.211,0.8168,0.8186,0.8472,0.6328,0.8283,0.6962,0.8424,0.8424,0.834,0.7217,0.8285,0.8266,0.827,2.2775,0.5079,0.717,0.7328,0.534
0.7316,0.8508,0.8508,1.1973,0.7501,0.8205,0.8196,0.6512,0.8314,0.7949,0.774,0.774,0.8316,0.691,0.7625,0.7779,0.8358,2.3282,0.4778,0.7094,0.8069,0.5856
0.7396,0.9036,0.9036,1.054,0.6326,0.7673,0.738,0.6004,0.7885,0.8475,0.6384,0.6384,0.7776,0.5973,0.6402,0.6885,0.7941,2.2101,0.4244,0.6646,0.827,0.5148
0.7122,0.8988,0.8988,0.8192,0.4782,0.6678,0.594,0.5239,0.7002,0.8466,0.4608,0.4608,0.6744,0.4663,0.4758,0.5514,0.6877,1.977,0.3383,0.5625,0.8018,0.4524
0.674,0.8436,0.8436,0.5059,0.2989,0.523,0.3744,0.4134,0.5659,0.812,0.3,0.3,0.528,0.3109,0.314,0.3802,0.5793,1.6226,0.2409,0.4289,0.725,0.3576
0.5782,0.7308,0.7308,0.2436,0.1356,0.34,0.2328,0.2697,0.397,0.7052,0.1548,0.1548,0.3468,0.1663,0.1709,0.2186,0.4511,1.1568,0.1338,0.2753,0.5996,0.2328
0.4406,0.5664,0.5664,0.0456,0.0298,0.1685,0.0972,0.1272,0.2113,0.5557,0.0396,0.0396,0.1596,0.0422,0.0463,0.0692,0.3079,0.6735,0.0397,0.114,0.4297,0.1236
0.2627,0.3588,0.3588,0.0005,0,0.0447,0.0132,0.0239,0.0638,0.3707,0,0,0.0396,0,0,0.0044,0.1376,0.2237,0,0.0165,0.2235,0.0276
0.0942,0.1452,0.1452,0,0,5.00E-04,0,0,0.0034,0.198,0,0,0,0,0,0,0.0192,0.019,0,0,0.0655,0
0.0095,0.024,0.024,0,0,0,0,0,0,0.0664,0,0,0,0,0,0,0,0.0001,0,0,0.0017,0
0,0,0,0,0,0,0,0,0,0.0055,0,0,0,0,0,0,0,0,0,0,0,0
0,0,0,0,0,0,0,0,0,0,0,0,0,0,0,0,0,0,0,0,0,0
0,0,0,0,0,0,0,0,0,0,0,0,0,0,0,0,0,0,0,0,0,0
0,0,0,0,0,0,0,0,0,0,0,0,0,0,0,0,0,0,0,0,0,0
0,0,0,0,0,0,0,0,0,0,0,0,0,0,0,0,0,0,0,0,0,0
0,0,0,0,0,0,0,0,0,0,0,0,0,0,0,0,0,0,0,0,0,0
0,0,0,0,0.0031,0,0,0,0,0,0,0,0,0,0,0,0,0,0,0,0,0
0,0,0,0,0.0686,7.00E-04,0.0108,0,5.00E-04,0,0.0528,0.0528,0.0012,0.03,0.0433,0.0249,0,0,0.0048,0.001,0,0
0,0,0,0.0574,0.2212,0.0446,0.084,0.0118,0.0446,0,0.1836,0.1836,0.0624,0.1403,0.1653,0.1229,0,0.0336,0.0799,0.0585,0,0
0.0041,0,0,0.2025,0.4148,0.1724,0.2712,0.1013,0.161,0.0023,0.3768,0.3768,0.2076,0.329,0.3555,0.3068,0.0457,0.2676,0.2172,0.2005,0.0047,0.0432
0.0622,0.0384,0.0384,0.3771,0.577,0.3671,0.468,0.2479,0.3499,0.0404,0.5568,0.5568,0.4044,0.5162,0.5376,0.4911,0.1765,0.7692,0.3517,0.3868,0.0698,0.1248
0.2495,0.1656,0.1656,0.5823,0.7111,0.5463,0.6348,0.4013,0.5317,0.1061,0.6984,0.6984,0.5796,0.6665,0.6835,0.6478,0.392,1.3023,0.4547,0.5598,0.2469,0.2148
0.4786,0.3744,0.3744,0.777,0.7994,0.6818,0.7512,0.5219,0.6721,0.1558,0.7896,0.7896,0.708,0.776,0.78,0.7546,0.5915,1.7507,0.5291,0.6796,0.4512,0.294
0.6682,0.5808,0.5808,0.9421,0.826,0.7721,0.8232,0.6151,0.7632,0.2288,0.822,0.822,0.7932,0.8278,0.8184,0.8088,0.751,2.0729,0.5733,0.7421,0.6236,0.3468
0.804,0.744,0.744,0.9922,0.8086,0.8106,0.8424,0.6654,0.794,0.2985,0.8124,0.8124,0.822,0.83,0.8163,0.8146,0.852,2.2443,0.5821,0.7613,0.7452,0.3708
0.8845,0.8496,0.8496,0.9368,0.7465,0.7817,0.8112,0.6683,0.785,0.4416,0.756,0.756,0.738,0.7764,0.7597,0.7691,0.8968,2.2828,0.5354,0.7295,0.8125,0.3672
0.914,0.9048,0.9048,0.7975,0.6375,0.708,0.7164,0.6269,0.7225,0.5775,0.6612,0.6612,0.6252,0.6771,0.6664,0.6821,0.8839,2.1666,0.4439,0.659,0.8314,0.3408
0.8929,0.9036,0.9036,0.6312,0.4878,0.601,0.5196,0.5434,0.6057,0.6186,0.516,0.516,0.5424,0.5329,0.5261,0.5492,0.8073,1.9287,0.3291,0.5443,0.8008,0.2964
0.8219,0.8448,0.8448,0.4052,0.3128,0.4509,0.3864,0.4223,0.4561,0.5629,0.3432,0.3432,0.408,0.3533,0.3539,0.3802,0.6526,1.5845,0.2292,0.3919,0.7231,0.2364
0.6999,0.7332,0.7332,0.1914,0.1424,0.2918,0.2352,0.2766,0.2958,0.4261,0.1656,0.1656,0.252,0.1739,0.1748,0.2028,0.4815,1.1473,0.1249,0.2313,0.5943,0.1644
0.5267,0.57,0.57,0.0348,0.0306,0.148,0.1044,0.1264,0.1511,0.2823,0.0408,0.0408,0.1272,0.0414,0.0446,0.0647,0.3029,0.6545,0.0374,0.0946,0.4251,0.0852
0.3143,0.3732,0.3732,0.0002,0,0.0401,0.0168,0.0253,0.0497,0.1811,0,0,0.0324,0,0,0.0038,0.1515,0.2235,0,0.0121,0.2324,0.0204
0.101,0.162,0.162,0,0,5.00E-04,0,0,0.002,0.0967,0,0,0,0,0,0,0.0397,0.0177,0,0,0.0628,0
0.0093,0.0276,0.0276,0,0,0,0,0,0,0.0398,0,0,0,0,0,0,0,0.0001,0,0,0.0018,0
0,0,0,0,0,0,0,0,0,0.0027,0,0,0,0,0,0,0,0,0,0,0,0
0,0,0,0,0,0,0,0,0,0,0,0,0,0,0,0,0,0,0,0,0,0
0,0,0,0,0,0,0,0,0,0,0,0,0,0,0,0,0,0,0,0,0,0
0,0,0,0,0,0,0,0,0,0,0,0,0,0,0,0,0,0,0,0,0,0
0,0,0,0,0,0,0,0,0,0,0,0,0,0,0,0,0,0,0,0,0,0
0,0,0,0,0,0,0,0,0,0,0,0,0,0,0,0,0,0,0,0,0,0
0,0,0,0,0.0024,0,0,0,0,0,0,0,0,0,0,0,0,0,0,0,0,0
0,0,0,0,0.0689,3.00E-04,0.0108,0,1.00E-04,0,0.0528,0.0528,0,0.0242,0.0436,0.0242,0,0,0.003,8.00E-04,0,0
0,0,0,0.0882,0.2134,0.0442,0.0972,0.0099,0.0408,0,0.1644,0.1644,0.0588,0.1322,0.156,0.125,0,0.0332,0.0752,0.0445,0,0
0.0033,0,0,0.2878,0.3835,0.1492,0.2076,0.0953,0.1461,0.002,0.288,0.288,0.1548,0.3034,0.3061,0.2872,0.0373,0.2799,0.1967,0.1579,0.0044,0.0696
0.064,0.0252,0.0252,0.5116,0.5313,0.2763,0.3516,0.2161,0.3185,0.0555,0.426,0.426,0.2568,0.4973,0.4525,0.4293,0.1717,0.7545,0.2947,0.2844,0.0693,0.2016
0.2422,0.1008,0.1008,0.7254,0.6537,0.4068,0.4584,0.3328,0.4952,0.1781,0.5784,0.5784,0.3852,0.6497,0.5794,0.5214,0.3962,1.239,0.3754,0.3909,0.2541,0.3456
0.4338,0.1812,0.1812,0.8987,0.6906,0.5311,0.5064,0.4296,0.6136,0.318,0.6816,0.6816,0.4992,0.7492,0.6296,0.5643,0.599,1.6328,0.4261,0.4735,0.46,0.468
0.5863,0.2412,0.2412,0.9928,0.6429,0.6564,0.5196,0.4833,0.7217,0.4705,0.7188,0.7188,0.648,0.8034,0.649,0.6057,0.7455,1.8972,0.4662,0.54,0.6256,0.5316
0.6978,0.2832,0.2832,1.0097,0.5473,0.7334,0.4968,0.5143,0.7349,0.6449,0.636,0.636,0.7476,0.8046,0.5805,0.5793,0.8391,2.0602,0.4828,0.5758,0.7416,0.5784
0.7783,0.3252,0.3252,0.9588,0.4258,0.7347,0.4536,0.5089,0.6989,0.7628,0.4968,0.4968,0.75,0.7546,0.4744,0.5159,0.8765,2.2181,0.4482,0.5616,0.8068,0.5964
0.8479,0.3696,0.3696,0.8456,0.3122,0.6862,0.4884,0.4538,0.6179,0.8179,0.3708,0.3708,0.6888,0.6456,0.375,0.437,0.8103,2.1733,0.3914,0.5113,0.8216,0.5688
0.8576,0.4092,0.4092,0.6129,0.2253,0.588,0.4536,0.4012,0.5149,0.8444,0.2604,0.2604,0.5808,0.4863,0.2832,0.337,0.7233,2.0022,0.327,0.4179,0.7922,0.5076
0.7891,0.402,0.402,0.3825,0.1361,0.4469,0.3336,0.3098,0.4102,0.7981,0.1764,0.1764,0.4368,0.3042,0.1949,0.2414,0.5787,1.6271,0.2397,0.2961,0.6987,0.396
0.6537,0.3504,0.3504,0.2043,0.055,0.3029,0.2052,0.2011,0.3008,0.7114,0.0912,0.0912,0.2976,0.1515,0.1027,0.142,0.4168,1.1536,0.1427,0.18,0.5324,0.2556
0.4788,0.2388,0.2388,0.0438,0.0103,0.1549,0.09,0.0891,0.1805,0.5498,0.0192,0.0192,0.15,0.034,0.025,0.0482,0.2353,0.6447,0.042,0.0773,0.3073,0.1152
0.2828,0.1284,0.1284,0.0002,0,0.0391,0.012,0.0162,0.0607,0.3778,0,0,0.0348,0,0,0.0028,0.088,0.2127,0,0.0091,0.1357,0.0252
0.1044,0.06,0.06,0,0,5.00E-04,0,0,0.0023,0.2034,0,0,0,0,0,0,0.0149,0.0171,0,0,0.0372,0
0.0103,0.0108,0.0108,0,0,0,0,0,0,0.071,0,0,0,0,0,0,0,0.0001,0,0,3.00E-04,0
0,0,0,0,0,0,0,0,0,0.0044,0,0,0,0,0,0,0,0,0,0,0,0
0,0,0,0,0,0,0,0,0,0,0,0,0,0,0,0,0,0,0,0,0,0
0,0,0,0,0,0,0,0,0,0,0,0,0,0,0,0,0,0,0,0,0,0
0,0,0,0,0,0,0,0,0,0,0,0,0,0,0,0,0,0,0,0,0,0
0,0,0,0,0,0,0,0,0,0,0,0,0,0,0,0,0,0,0,0,0,0
0,0,0,0,0,0,0,0,0,0,0,0,0,0,0,0,0,0,0,0,0,0
0,0,0,0,0.003,0,0,0,0,0,0,0,0,0,0,0,0,0,0,0,0,0
0,0,0,0,0.0559,0,0.0072,0,1.00E-04,0,0.036,0.036,0,0.0265,0.0331,0.0215,0,0,0.0036,8.00E-04,0,0
0,0,0,0.1024,0.1336,0.0398,0.0756,0.006,0.0403,0,0.1512,0.1512,0.0612,0.1378,0.1462,0.1195,0,0.0286,0.0817,0.0509,0,0.0012
0.0034,0,0,0.354,0.2708,0.1573,0.1944,0.074,0.1518,0.0019,0.306,0.306,0.204,0.3097,0.2963,0.2662,0.0444,0.2633,0.2362,0.1783,0.0033,0.0708
0.0636,0.0372,0.0372,0.6583,0.4462,0.338,0.2472,0.1753,0.3456,0.0521,0.4452,0.4452,0.402,0.4853,0.4313,0.4003,0.1717,0.77,0.3955,0.3404,0.0583,0.2076
0.2304,0.1644,0.1644,0.9504,0.6195,0.5112,0.2076,0.2823,0.5376,0.1741,0.5184,0.5184,0.5832,0.6306,0.5118,0.4921,0.3853,1.3186,0.5307,0.4763,0.1732,0.3552
0.4059,0.3816,0.3816,1.1825,0.7128,0.644,0.216,0.3669,0.6835,0.3597,0.5376,0.5376,0.72,0.7207,0.5457,0.5516,0.5736,1.7732,0.6219,0.5857,0.3259,0.4908
0.5476,0.5748,0.5748,1.3152,0.7883,0.7295,0.2724,0.4486,0.7932,0.5598,0.5532,0.5532,0.804,0.7607,0.5608,0.5707,0.7187,2.0936,0.6741,0.6517,0.4718,0.6096
0.6855,0.7212,0.7212,1.347,0.7643,0.7697,0.3852,0.5049,0.8411,0.705,0.5244,0.5244,0.816,0.7552,0.533,0.5527,0.8231,2.2832,0.6853,0.684,0.6,0.6756
0.7818,0.8172,0.8172,1.2946,0.6927,0.7605,0.4236,0.5322,0.8342,0.7888,0.4764,0.4764,0.7752,0.6818,0.4848,0.5011,0.8665,2.3385,0.6461,0.672,0.6708,0.6804
0.815,0.8616,0.8616,1.1417,0.5801,0.6815,0.3516,0.4826,0.7878,0.8037,0.414,0.414,0.6132,0.5509,0.4206,0.4367,0.8451,2.26,0.5681,0.6108,0.7172,0.6396
0.7783,0.858,0.858,0.9272,0.4276,0.613,0.2808,0.3932,0.6702,0.7676,0.3648,0.3648,0.5376,0.4172,0.3588,0.357,0.7876,2.0556,0.4534,0.5001,0.6965,0.564
0.6619,0.8052,0.8052,0.6273,0.2858,0.5035,0.2148,0.2959,0.5423,0.7337,0.2844,0.2844,0.4476,0.2712,0.2715,0.2593,0.6809,1.7058,0.3219,0.3601,0.6171,0.45
0.5158,0.7008,0.7008,0.3155,0.1307,0.341,0.15,0.1934,0.383,0.5956,0.132,0.132,0.2868,0.1342,0.1375,0.1493,0.5215,1.2392,0.1735,0.2065,0.5316,0.288
0.3556,0.5472,0.5472,0.0652,0.0291,0.1711,0.0756,0.0935,0.2064,0.5103,0.0276,0.0276,0.1404,0.0313,0.0341,0.052,0.3319,0.706,0.0523,0.075,0.3975,0.1512
0.2087,0.348,0.348,0.0002,0,0.0372,0.0096,0.0182,0.0562,0.3445,0,0,0.03,0,0,0.003,0.1552,0.2147,0,0.007,0.2176,0.036
0.0815,0.1356,0.1356,0,0,5.00E-04,0,0,0.0023,0.1554,0,0,0,0,0,0,0.0397,0.016,0,0,0.0637,0
0.0072,0.0204,0.0204,0,0,0,0,0,0,0.0497,0,0,0,0,0,0,0,0.0001,0,0,6.00E-04,0
0,0,0,0,0,0,0,0,0,0.0022,0,0,0,0,0,0,0,0,0,0,0,0
0,0,0,0,0,0,0,0,0,0,0,0,0,0,0,0,0,0,0,0,0,0
0,0,0,0,0,0,0,0,0,0,0,0,0,0,0,0,0,0,0,0,0,0
0,0,0,0,0,0,0,0,0,0,0,0,0,0,0,0,0,0,0,0,0,0
0,0,0,0,0,0,0,0,0,0,0,0,0,0,0,0,0,0,0,0,0,0
0,0,0,0,0,0,0,0,0,0,0,0,0,0,0,0,0,0,0,0,0,0
0,0,0,0,4.00E-04,0,0,0,0,0,0,0,0,0,0,0,0,0,0,0,0,0
0,0,0,0,0.022,0,0.0084,0,4.00E-04,0,0.0096,0.0096,0,0.0231,0.0097,0.0091,0,0,0.0036,7.00E-04,0,0
0,0,0,0.1214,0.0715,0.0385,0.084,0.007,0.0418,0,0.0432,0.0432,0.0492,0.1276,0.0514,0.0696,0,0.0284,0.0787,0.0538,0,0.0012
0.0032,0,0,0.4114,0.1413,0.1583,0.2712,0.0838,0.1594,6.00E-04,0.0936,0.0936,0.1836,0.2649,0.1204,0.1728,0.0374,0.261,0.2255,0.189,0.004,0.0744
0.0669,0.0324,0.0324,0.7498,0.24,0.3619,0.4836,0.1929,0.3691,0.0426,0.1572,0.1572,0.396,0.4038,0.2243,0.3023,0.1669,0.8135,0.3782,0.3655,0.0751,0.2256
0.1876,0.1596,0.1596,1.0394,0.369,0.5622,0.6672,0.3117,0.5559,0.1253,0.2232,0.2232,0.6024,0.4738,0.3548,0.4575,0.3923,1.3965,0.514,0.5416,0.2496,0.3816
0.3122,0.3876,0.3876,1.2246,0.5195,0.7193,0.8004,0.3967,0.6934,0.2368,0.294,0.294,0.7572,0.5139,0.4473,0.5705,0.5915,1.8732,0.6189,0.6679,0.448,0.522
0.4233,0.5856,0.5856,1.3055,0.6545,0.8191,0.8796,0.4638,0.7963,0.337,0.354,0.354,0.8568,0.5481,0.473,0.6177,0.7415,2.2113,0.6509,0.7304,0.6092,0.6324
0.5303,0.7356,0.7356,1.3527,0.6682,0.8638,0.9072,0.4963,0.8669,0.4456,0.3708,0.3708,0.9036,0.5433,0.4307,0.5685,0.8388,2.4062,0.6511,0.7442,0.7277,0.6984
0.6576,0.8316,0.8316,1.3072,0.6287,0.8607,0.8832,0.4904,0.8724,0.5513,0.3492,0.3492,0.8988,0.5042,0.3796,0.5131,0.8843,2.4499,0.6229,0.7127,0.7997,0.7032
0.7194,0.8772,0.8772,1.1461,0.5318,0.8103,0.81,0.4377,0.8255,0.6141,0.2448,0.2448,0.8424,0.409,0.2627,0.4192,0.8818,2.3393,0.5478,0.6427,0.821,0.6324
0.6966,0.8724,0.8724,0.9444,0.3711,0.7106,0.6852,0.3743,0.7309,0.6341,0.1392,0.1392,0.7356,0.3374,0.1637,0.3279,0.8254,2.0934,0.4193,0.5394,0.7904,0.5436
0.5932,0.8184,0.8184,0.6532,0.227,0.5531,0.5136,0.2994,0.5852,0.5769,0.0828,0.0828,0.576,0.2315,0.0994,0.233,0.7244,1.7274,0.2766,0.3884,0.7183,0.432
0.4897,0.7128,0.7128,0.3342,0.1152,0.3754,0.3084,0.2051,0.4101,0.5464,0.0396,0.0396,0.3768,0.1049,0.0481,0.1288,0.5708,1.2667,0.1496,0.2488,0.5906,0.312
0.3568,0.5556,0.5556,0.0676,0.0232,0.1819,0.1104,0.1016,0.2128,0.4514,0.0072,0.0072,0.1668,0.0161,0.0103,0.0454,0.3837,0.7152,0.0403,0.1117,0.4202,0.168
0.2098,0.3528,0.3528,0.0002,0,0.0416,0.018,0.0208,0.0664,0.3054,0,0,0.0396,0,0,0.0036,0.1787,0.2197,0,0.014,0.2285,0.0432
0.0837,0.1368,0.1368,0,0,5.00E-04,0,0,0.0023,0.1806,0,0,0,0,0,0,0.0385,0.0159,0,0,0.0649,0
0.0079,0.0192,0.0192,0,0,0,0,0,0,0.065,0,0,0,0,0,0,0,0.0001,0,0,5.00E-04,0
0,0,0,0,0,0,0,0,0,0.0044,0,0,0,0,0,0,0,0,0,0,0,0
0,0,0,0,0,0,0,0,0,0,0,0,0,0,0,0,0,0,0,0,0,0
0,0,0,0,0,0,0,0,0,0,0,0,0,0,0,0,0,0,0,0,0,0
0,0,0,0,0,0,0,0,0,0,0,0,0,0,0,0,0,0,0,0,0,0
0,0,0,0,0,0,0,0,0,0,0,0,0,0,0,0,0,0,0,0,0,0
0,0,0,0,0,0,0,0,0,0,0,0,0,0,0,0,0,0,0,0,0,0
0,0,0,0,0.0021,0,0,0,0,0,0,0,0,0,0,0,0,0,0,0,0,0
0,0,0,0,0.063,0,0.0096,0,4.00E-04,0,0.0432,0.0432,0,0.0069,0.0301,0.0112,0,0,0.0012,2.00E-04,0,0
0,0,0,0.1213,0.2283,0.0417,0.0828,0.0056,0.0342,0,0.1632,0.1632,0.0636,0.0525,0.1352,0.0844,0,0.0245,0.0521,0.05,0,0.0012
0.0036,0,0,0.4078,0.4389,0.1752,0.2904,0.0747,0.127,0.0017,0.3252,0.3252,0.216,0.1116,0.2769,0.2243,0.0361,0.2555,0.1486,0.1924,0.0044,0.0756
0.0665,0.0336,0.0336,0.6925,0.623,0.3829,0.5028,0.2111,0.2745,0.0479,0.4536,0.4536,0.42,0.1717,0.4068,0.3785,0.1658,0.7723,0.2528,0.3891,0.0784,0.24
0.2423,0.1596,0.1596,0.8837,0.762,0.5709,0.6768,0.3676,0.3719,0.1564,0.5904,0.5904,0.5928,0.2205,0.5201,0.5043,0.3936,1.3344,0.3477,0.5626,0.2353,0.4224
0.4531,0.3816,0.3816,0.984,0.8525,0.7158,0.8016,0.4871,0.4166,0.3418,0.72,0.72,0.7284,0.256,0.6301,0.6157,0.594,1.8252,0.4295,0.6883,0.4106,0.5676
0.6243,0.5796,0.5796,0.9903,0.8856,0.7724,0.8748,0.5929,0.4724,0.5348,0.75,0.75,0.7128,0.3108,0.6701,0.6755,0.7439,2.1675,0.4756,0.7727,0.5609,0.6672
0.7426,0.7284,0.7284,0.9262,0.8658,0.788,0.8736,0.6579,0.6473,0.6698,0.7476,0.7476,0.6732,0.3558,0.6806,0.7,0.8399,2.3697,0.5113,0.8007,0.6634,0.6732
0.8078,0.8256,0.8256,0.8651,0.8086,0.7369,0.6888,0.6454,0.6128,0.781,0.7248,0.7248,0.5292,0.3467,0.6547,0.6704,0.8867,2.3855,0.5083,0.7815,0.72,0.576
0.8197,0.8688,0.8688,0.7479,0.7031,0.6738,0.4068,0.6243,0.5003,0.849,0.6636,0.6636,0.4452,0.2578,0.5837,0.5891,0.8839,2.3094,0.4788,0.7113,0.7407,0.5676
0.7124,0.858,0.858,0.5739,0.543,0.5444,0.2592,0.5573,0.4576,0.902,0.5172,0.5172,0.2592,0.1854,0.4431,0.4758,0.8321,2.1045,0.3928,0.6154,0.7166,0.5556
0.6033,0.7992,0.7992,0.3809,0.3503,0.417,0.1668,0.4287,0.3874,0.8582,0.336,0.336,0.1596,0.0988,0.2951,0.3353,0.7334,1.7356,0.2649,0.466,0.6317,0.432
0.5053,0.6948,0.6948,0.1855,0.1511,0.2838,0.0948,0.2718,0.3185,0.7782,0.1632,0.1632,0.1224,0.0372,0.1552,0.1932,0.5725,1.2516,0.137,0.2829,0.4879,0.3132
0.3699,0.5376,0.5376,0.0299,0.0316,0.1394,0.0372,0.127,0.203,0.6296,0.0408,0.0408,0.0696,0.005,0.0421,0.0564,0.3796,0.6987,0.0354,0.1103,0.3494,0.18
0.2302,0.342,0.342,0.0002,0,0.0366,0.0084,0.0241,0.0609,0.4394,0,0,0.0312,0,0,0.0023,0.1786,0.2131,0,0.0146,0.2009,0.0444
0.0939,0.138,0.138,0,0,0,0,0,0.0023,0.2422,0,0,0,0,0,0,0.042,0.0138,0,0,0.0644,0
0.0082,0.0204,0.0204,0,0,0,0,0,0,0.0771,0,0,0,0,0,0,0,0.0001,0,0,6.00E-04,0
0,0,0,0,0,0,0,0,0,0.0055,0,0,0,0,0,0,0,0,0,0,0,0
0,0,0,0,0,0,0,0,0,0,0,0,0,0,0,0,0,0,0,0,0,0
0,0,0,0,0,0,0,0,0,0,0,0,0,0,0,0,0,0,0,0,0,0
0,0,0,0,0,0,0,0,0,0,0,0,0,0,0,0,0,0,0,0,0,0
0,0,0,0,0,0,0,0,0,0,0,0,0,0,0,0,0,0,0,0,0,0
0,0,0,0,0,0,0,0,0,0,0,0,0,0,0,0,0,0,0,0,0,0
0,0,0,0,0.002,0,0,0,0,0,0,0,0,0,0,0,0,0,0,0,0,0
0,0,0,0,0.0647,0,0.0084,0,1.00E-04,0,0.0492,0.0492,0,0.0046,0.0399,0.0206,0,0,0,1.00E-04,0,0
0,0,0,0.0858,0.2144,0.0414,0.0876,0.0048,0.0339,0,0.1836,0.1836,0.0588,0.0559,0.1595,0.1123,0,0.0265,0.0438,0.051,0,0
0.0035,0,0,0.2924,0.4157,0.1668,0.2724,0.0698,0.1393,0.002,0.3912,0.3912,0.1968,0.1624,0.3257,0.2593,0.0374,0.2584,0.1455,0.1924,0.0031,0.0672
0.0712,0.0348,0.0348,0.491,0.6031,0.3579,0.4668,0.1956,0.3052,0.0476,0.5856,0.5856,0.3804,0.3184,0.4938,0.4253,0.1658,0.787,0.2758,0.3849,0.0756,0.2052
0.2089,0.1608,0.1608,0.6251,0.7362,0.5411,0.6108,0.3306,0.4731,0.1571,0.7236,0.7236,0.5664,0.4804,0.6462,0.5934,0.3831,1.348,0.3836,0.5607,0.2227,0.3624
0.336,0.3672,0.3672,0.6645,0.832,0.6862,0.6972,0.4596,0.6516,0.2849,0.8124,0.8124,0.708,0.6022,0.7726,0.7422,0.5728,1.8281,0.4635,0.6894,0.3894,0.4968
0.4509,0.552,0.552,0.6617,0.8722,0.7719,0.7452,0.5735,0.7597,0.4105,0.8052,0.8052,0.7644,0.655,0.7984,0.8068,0.7167,2.175,0.5344,0.7627,0.5437,0.5904
0.5473,0.6924,0.6924,0.6247,0.8515,0.7923,0.7788,0.6514,0.791,0.4612,0.8124,0.8124,0.7296,0.6185,0.8127,0.8139,0.8195,2.3655,0.5658,0.8017,0.6457,0.648
0.5815,0.7872,0.7872,0.5773,0.7831,0.7718,0.6432,0.6459,0.7439,0.6167,0.7596,0.7596,0.672,0.6145,0.7616,0.7714,0.8567,2.3958,0.5408,0.8026,0.6963,0.6612
0.5667,0.8352,0.8352,0.5149,0.6766,0.7224,0.5808,0.5998,0.7225,0.6272,0.6636,0.6636,0.6192,0.5934,0.6728,0.687,0.84,2.2999,0.5054,0.7528,0.6839,0.6204
0.5464,0.8304,0.8304,0.3922,0.5245,0.6503,0.498,0.5132,0.5947,0.5241,0.4872,0.4872,0.5916,0.4674,0.512,0.5459,0.7399,2.0617,0.4312,0.6458,0.643,0.5376
0.507,0.78,0.78,0.2469,0.3349,0.5161,0.2436,0.3942,0.3994,0.5264,0.3156,0.3156,0.4692,0.3127,0.3416,0.3696,0.5836,1.6744,0.3155,0.4888,0.5364,0.42
0.4831,0.6864,0.6864,0.1432,0.1462,0.3355,0.1104,0.2599,0.296,0.5351,0.1536,0.1536,0.2772,0.1495,0.1684,0.2041,0.4135,1.2128,0.1757,0.2952,0.4109,0.3012
0.37,0.5352,0.5352,0.0272,0.0295,0.1597,0.0468,0.1148,0.1704,0.4844,0.0372,0.0372,0.1212,0.0349,0.0423,0.0645,0.2323,0.6707,0.05,0.1167,0.2629,0.1584
0.2336,0.342,0.342,0.0005,0,0.0346,0.006,0.0215,0.0483,0.3518,0,0,0.0192,0,0,0.0035,0.1196,0.2023,0,0.0146,0.1288,0.0384
0.0956,0.1368,0.1368,0,0,0,0,0,0.0017,0.1981,0,0,0,0,0,0,0.0337,0.0105,0,0,0.0371,0
0.0091,0.0192,0.0192,0,0,0,0,0,0,0.0687,0,0,0,0,0,0,0,0,0,0,5.00E-04,0
0,0,0,0,0,0,0,0,0,0.0038,0,0,0,0,0,0,0,0,0,0,0,0
0,0,0,0,0,0,0,0,0,0,0,0,0,0,0,0,0,0,0,0,0,0
0,0,0,0,0,0,0,0,0,0,0,0,0,0,0,0,0,0,0,0,0,0
0,0,0,0,0,0,0,0,0,0,0,0,0,0,0,0,0,0,0,0,0,0
0,0,0,0,0,0,0,0,0,0,0,0,0,0,0,0,0,0,0,0,0,0
0,0,0,0,0,0,0,0,0,0,0,0,0,0,0,0,0,0,0,0,0,0
0,0,0,0,0.0019,0,0,0,0,0,0,0,0,0,0,0,0,0,0,0,0,0
0,0,0,0,0.0685,0,0.0072,0,1.00E-04,0,0.048,0.048,0,0.0219,0.0385,0.0204,0,0,0.003,6.00E-04,0,0
0,0,0,0.062,0.1948,0.0301,0.084,0.0081,0.036,0,0.1824,0.1824,0.0252,0.1271,0.1635,0.1178,0,0.0267,0.0792,0.0529,0,0
9.00E-04,0,0,0.2023,0.2684,0.1416,0.1956,0.0913,0.1534,0.002,0.3648,0.3648,0.1284,0.2642,0.3464,0.273,0.0396,0.2604,0.2593,0.1955,0.0039,0.066
0.0565,0.0336,0.0336,0.3395,0.3197,0.3284,0.3708,0.2252,0.3488,0.0489,0.5028,0.5028,0.3324,0.4062,0.5029,0.4264,0.1678,0.7889,0.449,0.3845,0.0769,0.1944
0.1893,0.162,0.162,0.4717,0.3858,0.4996,0.5784,0.3467,0.5305,0.1669,0.6192,0.6192,0.546,0.5191,0.6262,0.5324,0.3953,1.3486,0.6093,0.5709,0.2516,0.3144
0.3458,0.378,0.378,0.5676,0.4523,0.6407,0.738,0.44,0.679,0.3527,0.732,0.732,0.7128,0.5647,0.7254,0.5941,0.5962,1.8078,0.7192,0.6945,0.4355,0.408
0.529,0.5748,0.5748,0.5625,0.5115,0.7498,0.816,0.5168,0.7745,0.5405,0.714,0.714,0.8064,0.5839,0.7268,0.624,0.7463,2.1438,0.7816,0.7653,0.5918,0.5004
0.6613,0.7284,0.7284,0.5633,0.4737,0.8126,0.8484,0.5715,0.8201,0.6354,0.5664,0.5664,0.846,0.5834,0.6553,0.6241,0.8422,2.34,0.7942,0.7899,0.6968,0.5724
0.7035,0.8328,0.8328,0.5254,0.3607,0.8038,0.8316,0.579,0.8272,0.66,0.4788,0.4788,0.8364,0.5325,0.5752,0.5669,0.8851,2.3887,0.7582,0.7734,0.7489,0.5928
0.6672,0.8796,0.8796,0.4768,0.3063,0.7569,0.7596,0.5414,0.7898,0.7003,0.4584,0.4584,0.7824,0.5484,0.511,0.5707,0.8638,2.2942,0.6699,0.7116,0.7383,0.5604
0.6213,0.8748,0.8748,0.3845,0.2555,0.6679,0.642,0.4544,0.7012,0.7015,0.3528,0.3528,0.6708,0.4971,0.4119,0.5084,0.7818,2.0637,0.5389,0.5747,0.661,0.4968
0.5424,0.8208,0.8208,0.2578,0.1873,0.5251,0.48,0.361,0.5543,0.658,0.24,0.24,0.5172,0.3582,0.2916,0.378,0.6521,1.6959,0.372,0.4552,0.5596,0.4068
0.4411,0.7116,0.7116,0.1234,0.0902,0.3461,0.2868,0.246,0.356,0.5865,0.1212,0.1212,0.3252,0.179,0.1487,0.2087,0.4863,1.2136,0.2023,0.2892,0.4412,0.2832
0.3318,0.552,0.552,0.0197,0.0141,0.1642,0.1056,0.1229,0.1727,0.4844,0.0276,0.0276,0.144,0.0405,0.0359,0.0642,0.3189,0.6619,0.0547,0.1141,0.3353,0.1476
0.2052,0.3492,0.3492,0.0004,0,0.0378,0.012,0.0215,0.0395,0.3537,0,0,0.03,0,0,0.0031,0.1501,0.2017,0,0.0122,0.1908,0.0324
0.0817,0.1368,0.1368,0,0,0,0,0,6.00E-04,0.1934,0,0,0,0,0,0,0.0372,1.01E-02,0,0,0.0577,0
0.0063,0.018,0.018,0,0,0,0,0,0,0.0632,0,0,0,0,0,0,0,0,0,0,5.00E-04,0
0,0,0,0,0,0,0,0,0,0.0028,0,0,0,0,0,0,0,0,0,0,0,0
0,0,0,0,0,0,0,0,0,0,0,0,0,0,0,0,0,0,0,0,0,0
0,0,0,0,0,0,0,0,0,0,0,0,0,0,0,0,0,0,0,0,0,0
0,0,0,0,0,0,0,0,0,0,0,0,0,0,0,0,0,0,0,0,0,0
0,0,0,0,0,0,0,0,0,0,0,0,0,0,0,0,0,0,0,0,0,0
0,0,0,0,0,0,0,0,0,0,0,0,0,0,0,0,0,0,0,0,0,0
0,0,0,0,0,0,0,0,0,0,0,0,0,0,0,0,0,0,0,0,0,0
0,0,0,0,0.0493,0,0.006,0,1.00E-04,0,0.0456,0.0456,0,0.0219,0.0383,0.0215,0,0,0.003,6.00E-04,0,0
0,0,0,0.0572,0.1544,0.0339,0.078,0.0092,0.0256,0,0.1764,0.1764,0.036,0.1421,0.1608,0.124,0,0.0223,0.0804,0.0536,0,0
0.0031,0,0,0.2137,0.3486,0.128,0.2508,0.1028,0.0992,0.002,0.3684,0.3684,0.0972,0.329,0.35,0.2937,0.0409,0.2521,0.2592,0.1988,0.003,0.066
0.0663,0.03,0.03,0.4112,0.5514,0.2465,0.4704,0.2562,0.2116,0.0525,0.558,0.558,0.1128,0.5121,0.5168,0.3728,0.1694,0.7776,0.4362,0.3929,0.0583,0.198
0.2279,0.162,0.162,0.5901,0.7013,0.3695,0.6504,0.4023,0.3996,0.184,0.6972,0.6972,0.1452,0.6252,0.6182,0.4356,0.3913,1.3403,0.5757,0.561,0.1897,0.3132
0.4147,0.4032,0.4032,0.7493,0.7996,0.4644,0.7764,0.5156,0.6213,0.4055,0.8136,0.8136,0.1956,0.724,0.6757,0.4947,0.588,1.8067,0.6715,0.6834,0.3513,0.4128
0.5736,0.612,0.612,0.8227,0.8296,0.5393,0.8304,0.5955,0.7062,0.6059,0.8592,0.8592,0.3,0.797,0.7946,0.6454,0.7332,2.117,0.7242,0.7495,0.4996,0.4776
0.6941,0.7692,0.7692,0.7998,0.7879,0.6087,0.8076,0.6393,0.6658,0.7649,0.8556,0.8556,0.4764,0.7898,0.7888,0.6527,0.7932,2.2608,0.7398,0.7768,0.6818,0.5076
0.7608,0.87,0.87,0.7169,0.6939,0.5866,0.8472,0.6482,0.7207,0.8787,0.7956,0.7956,0.4644,0.6497,0.7254,0.6144,0.8105,2.3035,0.7026,0.7603,0.7873,0.5232
0.7841,0.9168,0.9168,0.5946,0.553,0.5618,0.78,0.6104,0.7485,0.9352,0.6828,0.6828,0.4884,0.3759,0.6421,0.5425,0.7377,2.2151,0.6405,0.6955,0.795,0.4956
0.7697,0.912,0.912,0.4503,0.4113,0.5109,0.6672,0.5373,0.6751,0.9443,0.534,0.534,0.45,0.2242,0.5106,0.4302,0.5991,2.0042,0.5316,0.5694,0.7649,0.4548
0.7255,0.8532,0.8532,0.2701,0.2664,0.4056,0.5064,0.4172,0.4902,0.8929,0.3516,0.3516,0.3552,0.1346,0.3451,0.3088,0.5101,1.629,0.3655,0.4099,0.673,0.3648
0.6319,0.7428,0.7428,0.1224,0.1264,0.2678,0.3036,0.2778,0.3277,0.7951,0.156,0.156,0.2148,0.0631,0.1641,0.1802,0.4056,1.15,0.1932,0.2426,0.5397,0.2616
0.4833,0.5772,0.5772,0.0219,0.0258,0.1402,0.1068,0.1332,0.1744,0.649,0.0348,0.0348,0.1116,0.0105,0.0388,0.0571,0.2896,0.6342,0.0498,0.0926,0.3856,0.1464
0.2901,0.3648,0.3648,0.0004,0,0.0348,0.0108,0.0232,0.0498,0.4562,0,0,0.0276,0,0,0.002,0.1468,0.1991,0,0.0082,0.2084,0.036
0.0963,0.138,0.138,0,0,0,0,0,0.001,0.24,0,0,0,0,0,0,0.0309,9.10E-03,0,0,0.0597,0
0.0071,0.0168,0.0168,0,0,0,0,0,0,0.0642,0,0,0,0,0,0,0,0.0001,0,0,5.00E-04,0
0,0,0,0,0,0,0,0,0,0.0033,0,0,0,0,0,0,0,0,0,0,0,0
0,0,0,0,0,0,0,0,0,0,0,0,0,0,0,0,0,0,0,0,0,0
0,0,0,0,0,0,0,0,0,0,0,0,0,0,0,0,0,0,0,0,0,0
0,0,0,0,0,0,0,0,0,0,0,0,0,0,0,0,0,0,0,0,0,0
0,0,0,0,0,0,0,0,0,0,0,0,0,0,0,0,0,0,0,0,0,0
0,0,0,0,0,0,0,0,0,0,0,0,0,0,0,0,0,0,0,0,0,0
0,0,0,0,0.0012,0,0,0,0,0,0,0,0,0,0,0,0,0,0,0,0,0
0,0,0,0,0.0592,0,0.006,0,1.00E-04,0,0.0444,0.0444,0,0.0184,0.0319,0.015,0,0,0.0018,5.00E-04,0,0
0,0,0,0.1047,0.2285,0.0385,0.0708,0.0069,0.0324,0,0.1848,0.1848,0.0528,0.1329,0.1625,0.1168,0,0.0233,0.0762,0.05,0,0
0.0027,0,0,0.3776,0.45,0.1572,0.282,0.0819,0.1438,0.0017,0.4092,0.4092,0.1824,0.3403,0.3874,0.3271,0.037,0.2504,0.2317,0.1903,0.0024,0.0432
0.0576,0.018,0.018,0.6942,0.6435,0.3332,0.498,0.2104,0.3121,0.0489,0.6096,0.6096,0.3216,0.5455,0.5921,0.5344,0.1436,0.7599,0.4069,0.3879,0.0727,0.1404
0.2397,0.1608,0.1608,0.9893,0.7898,0.5058,0.6768,0.3371,0.487,0.1782,0.762,0.762,0.4668,0.7092,0.7483,0.7,0.269,1.315,0.5454,0.5638,0.2304,0.2688
0.4604,0.3996,0.3996,1.2552,0.8809,0.6573,0.7992,0.4464,0.6481,0.3907,0.8616,0.8616,0.6372,0.8193,0.8504,0.8121,0.4153,1.7605,0.6361,0.6942,0.4133,0.396
0.6432,0.6084,0.6084,1.4136,0.9187,0.7704,0.846,0.5339,0.7496,0.5961,0.906,0.906,0.7872,0.8755,0.8998,0.8712,0.5467,2.0741,0.6717,0.7744,0.5769,0.4992
0.7766,0.7644,0.7644,1.4716,0.9044,0.811,0.5952,0.5879,0.7767,0.7548,0.9012,0.9012,0.8196,0.8799,0.8982,0.8773,0.6128,2.2455,0.6826,0.8074,0.7035,0.5544
0.8588,0.8676,0.8676,1.4175,0.8385,0.8068,0.4512,0.588,0.7647,0.8805,0.8448,0.8448,0.8004,0.8317,0.8463,0.8369,0.7368,2.2757,0.6339,0.795,0.7801,0.5556
0.8872,0.918,0.918,1.274,0.7152,0.754,0.6408,0.5592,0.7075,0.9339,0.7368,0.7368,0.744,0.7305,0.7434,0.7476,0.7197,2.1584,0.5357,0.7319,0.8059,0.5292
0.8669,0.912,0.912,1.0303,0.5409,0.657,0.6324,0.4878,0.5919,0.934,0.5772,0.5772,0.66,0.5778,0.5894,0.6075,0.6658,1.8567,0.4345,0.623,0.7774,0.4632
0.7969,0.8544,0.8544,0.7144,0.2991,0.5098,0.4752,0.3871,0.4467,0.8852,0.33,0.33,0.5172,0.3884,0.3626,0.4227,0.5566,1.4786,0.3126,0.475,0.7019,0.3756
0.6768,0.744,0.744,0.3548,0.0942,0.3217,0.2784,0.2578,0.2832,0.7856,0.1032,0.1032,0.3372,0.1802,0.1511,0.2183,0.3505,1.0211,0.1724,0.2864,0.5812,0.2376
0.5082,0.5772,0.5772,0.0667,0.0091,0.1583,0.102,0.126,0.1389,0.6354,0.024,0.024,0.1524,0.0369,0.0337,0.0596,0.2409,0.5979,0.0457,0.1115,0.4165,0.132
0.2997,0.3648,0.3648,0.0004,0,0.0381,0.0108,0.0215,0.0373,0.4433,0,0,0.0324,0,0,0.0029,0.1482,0.1846,0,0.0113,0.2274,0.03
0.0945,0.138,0.138,0,0,0,0,0,3.00E-04,0.2327,0,0,0,0,0,0,0.036,8.40E-03,0,0,0.0605,0
0.0066,0.0168,0.0168,0,0,0,0,0,0,0.0636,0,0,0,0,0,0,0,0.0001,0,0,5.00E-04,0
0,0,0,0,0,0,0,0,0,0.0033,0,0,0,0,0,0,0,0,0,0,0,0
0,0,0,0,0,0,0,0,0,0,0,0,0,0,0,0,0,0,0,0,0,0
0,0,0,0,0,0,0,0,0,0,0,0,0,0,0,0,0,0,0,0,0,0
0,0,0,0,0,0,0,0,0,0,0,0,0,0,0,0,0,0,0,0,0,0
0,0,0,0,0,0,0,0,0,0,0,0,0,0,0,0,0,0,0,0,0,0
0,0,0,0,0,0,0,0,0,0,0,0,0,0,0,0,0,0,0,0,0,0
0,0,0,0,0.001,0,0,0,0,0,0,0,0,0,0,0,0,0,0,0,0,0
0,0,0,0,0.0463,0,0.0072,0,1.00E-04,0,0.0372,0.0372,0,0.0195,0.0322,0.0169,0,0,0.0012,5.00E-04,0,0
0,0,0,0.1213,0.1143,0.0319,0.0924,0.008,0.0252,0,0.1752,0.1752,0.0372,0.1361,0.1599,0.119,0,0.0213,0.0555,0.0524,0,0
0.0022,0,0,0.4295,0.2582,0.1306,0.2688,0.0882,0.1319,0.0017,0.3792,0.3792,0.1032,0.3129,0.3546,0.2989,0.0361,0.2349,0.1858,0.1884,0.0023,0.0396
0.0568,0.0204,0.0204,0.8027,0.3584,0.2427,0.45,0.2182,0.3142,0.046,0.5028,0.5028,0.1644,0.4833,0.504,0.4752,0.167,0.6543,0.3246,0.3431,0.0715,0.15
0.2374,0.1596,0.1596,1.1472,0.4024,0.357,0.5724,0.3498,0.5114,0.1709,0.6072,0.6072,0.2964,0.6157,0.6088,0.5934,0.3973,1.0749,0.4458,0.4867,0.2389,0.2832
0.4569,0.3936,0.3936,1.4062,0.4341,0.5155,0.498,0.4629,0.649,0.3699,0.7068,0.7068,0.4308,0.6316,0.7044,0.6927,0.5977,1.5713,0.5444,0.5923,0.4011,0.4224
0.6402,0.6192,0.6192,1.5605,0.4992,0.5413,0.3864,0.5314,0.7149,0.5883,0.8268,0.8268,0.3864,0.5802,0.787,0.7441,0.7525,1.8777,0.633,0.6588,0.5323,0.492
0.7711,0.7764,0.7764,1.6044,0.4518,0.5523,0.3144,0.5678,0.7684,0.7531,0.822,0.822,0.4392,0.6289,0.7717,0.7294,0.8521,2.0697,0.6604,0.7007,0.641,0.54
0.8498,0.8772,0.8772,1.5499,0.4466,0.6455,0.2868,0.5673,0.7978,0.8786,0.7524,0.7524,0.714,0.5953,0.7212,0.6845,0.8977,2.1883,0.6197,0.6775,0.7235,0.5544
0.8798,0.9228,0.9228,1.3802,0.4585,0.6338,0.2268,0.5353,0.7713,0.9296,0.6108,0.6108,0.7608,0.4987,0.6204,0.5891,0.8975,2.168,0.5475,0.5997,0.7381,0.5424
0.862,0.9168,0.9168,1.1051,0.397,0.5543,0.1536,0.4595,0.6602,0.9301,0.4608,0.4608,0.6648,0.393,0.4851,0.4837,0.8061,1.9807,0.4315,0.4924,0.697,0.4536
0.7929,0.8592,0.8592,0.751,0.2695,0.3997,0.0948,0.3616,0.5443,0.8664,0.3156,0.3156,0.4056,0.2844,0.3364,0.3391,0.6968,1.6269,0.3073,0.3643,0.6426,0.3672
0.6734,0.7476,0.7476,0.3535,0.1144,0.2775,0.0564,0.2454,0.3737,0.766,0.1524,0.1524,0.2808,0.151,0.1667,0.1663,0.5447,1.1998,0.1633,0.222,0.5182,0.2736
0.5046,0.5808,0.5808,0.0639,0.0168,0.147,0.0288,0.1189,0.2015,0.6163,0.0312,0.0312,0.15,0.0324,0.0378,0.0381,0.3521,0.6775,0.0398,0.0858,0.3969,0.15
0.2983,0.366,0.366,0.0003,0,0.0319,0.0036,0.0201,0.0534,0.4271,0,0,0.03,0,0,3.00E-04,0.1694,0.1934,0,0.0063,0.2232,0.0348
0.0934,0.1368,0.1368,0,0,0,0,0,0.001,0.2303,0,0,0,0,0,0,0.0372,1.02E-02,0,0,0.061,0
0.0059,0.0096,0.0096,0,0,0,0,0,0,0.0688,0,0,0,0,0,0,0,0.0001,0,0,3.00E-04,0
0,0,0,0,0,0,0,0,0,0.0027,0,0,0,0,0,0,0,0,0,0,0,0
0,0,0,0,0,0,0,0,0,0,0,0,0,0,0,0,0,0,0,0,0,0
0,0,0,0,0,0,0,0,0,0,0,0,0,0,0,0,0,0,0,0,0,0
0,0,0,0,0,0,0,0,0,0,0,0,0,0,0,0,0,0,0,0,0,0
0,0,0,0,0,0,0,0,0,0,0,0,0,0,0,0,0,0,0,0,0,0
0,0,0,0,0,0,0,0,0,0,0,0,0,0,0,0,0,0,0,0,0,0
0,0,0,0,0,0,0,0,0,0,0,0,0,0,0,0,0,0,0,0,0,0
0,0,0,0,0.0261,0,0.0048,0,0,0,0.0336,0.0336,0,0.0184,0.0276,0.0148,0,0,0.0018,5.00E-04,0,0
0,0,0,0.1164,0.1289,0.0369,0.0792,0.0031,0.026,0,0.162,0.162,0.0504,0.1319,0.1451,0.1106,0,0.0202,0.0763,0.0471,0,0
0.0022,0,0,0.4573,0.2903,0.1381,0.228,0.0609,0.1283,0.0014,0.3312,0.3312,0.1152,0.3019,0.3098,0.2729,0.0349,0.2404,0.2259,0.1785,0.0025,0.054
0.0569,0.0192,0.0192,0.8679,0.3722,0.2981,0.3984,0.1603,0.319,0.0361,0.4824,0.4824,0.1872,0.4535,0.4598,0.455,0.167,0.7852,0.3707,0.345,0.0719,0.168
0.2272,0.1608,0.1608,1.2143,0.4138,0.5019,0.546,0.2712,0.5429,0.1398,0.588,0.588,0.4128,0.5615,0.5792,0.6001,0.3869,1.3658,0.4739,0.5039,0.2413,0.2964
0.4091,0.3924,0.3924,1.465,0.4203,0.6796,0.6804,0.4037,0.7025,0.2677,0.6864,0.6864,0.6576,0.6618,0.667,0.6901,0.5861,1.859,0.5352,0.6238,0.4317,0.4356
0.5479,0.624,0.624,1.6087,0.4442,0.7869,0.7812,0.4994,0.8072,0.3702,0.7272,0.7272,0.7836,0.7216,0.7078,0.7396,0.7279,2.2259,0.5581,0.7147,0.5779,0.5616
0.7672,0.7812,0.7812,1.6421,0.4409,0.8079,0.786,0.5331,0.8569,0.4883,0.7428,0.7428,0.7812,0.7331,0.6903,0.7215,0.7873,2.4286,0.5718,0.758,0.643,0.63
0.8692,0.8832,0.8832,1.5632,0.4368,0.7236,0.7212,0.5404,0.8569,0.6005,0.6756,0.6756,0.6744,0.6924,0.5964,0.6347,0.7549,2.4879,0.5505,0.7604,0.6685,0.666
0.8946,0.93,0.93,1.3861,0.3839,0.6659,0.594,0.5237,0.8093,0.6889,0.5556,0.5556,0.6588,0.5781,0.4784,0.5348,0.6627,2.4027,0.5004,0.707,0.6734,0.6528
0.8664,0.9252,0.9252,1.1072,0.3116,0.5896,0.4296,0.4481,0.7121,0.7075,0.4008,0.4008,0.6372,0.4146,0.3493,0.4073,0.5325,2.1657,0.394,0.5972,0.6274,0.5892
0.7992,0.8676,0.8676,0.7522,0.1933,0.466,0.2544,0.3563,0.5567,0.6758,0.1908,0.1908,0.4716,0.2632,0.1935,0.2803,0.3977,1.7974,0.2575,0.4385,0.5447,0.4764
0.6832,0.7548,0.7548,0.3541,0.0886,0.3312,0.108,0.2411,0.3888,0.6006,0.0792,0.0792,0.3252,0.1362,0.0987,0.1586,0.2766,1.2976,0.1378,0.2586,0.467,0.3324
0.5133,0.5868,0.5868,0.063,0.0119,0.1659,0.0384,0.1193,0.2065,0.5003,0.0156,0.0156,0.1488,0.0269,0.0233,0.0455,0.159,0.7233,0.0366,0.0938,0.339,0.1704
0.3023,0.3696,0.3696,0.0001,0,0.0352,0.0024,0.0197,0.0558,0.3562,0,0,0.0276,0,0,0.001,0.0779,0.2163,0,0.0067,0.1909,0.036
0.0913,0.1356,0.1356,0,0,0,0,0,0.001,0.1839,0,0,0,0,0,0,0.0179,1.11E-02,0,0,0.051,0
0.0051,0.0084,0.0084,0,0,0,0,0,0,0.0541,0,0,0,0,0,0,0,0.0001,0,0,2.00E-04,0
0,0,0,0,0,0,0,0,0,0.0011,0,0,0,0,0,0,0,0,0,0,0,0
0,0,0,0,0,0,0,0,0,0,0,0,0,0,0,0,0,0,0,0,0,0
0,0,0,0,0,0,0,0,0,0,0,0,0,0,0,0,0,0,0,0,0,0
0,0,0,0,0,0,0,0,0,0,0,0,0,0,0,0,0,0,0,0,0,0
0,0,0,0,0,0,0,0,0,0,0,0,0,0,0,0,0,0,0,0,0,0
0,0,0,0,0,0,0,0,0,0,0,0,0,0,0,0,0,0,0,0,0,0
0,0,0,0,3.00E-04,0,0,0,0,0,0,0,0,0,0,0,0,0,0,0,0,0
0,0,0,0,0.0577,0,0.0036,0,0,0,0.0396,0.0396,0,0.0081,0.0309,0.015,0,0,0.0018,3.00E-04,0,0
0,0,0,0.1165,0.1918,0.0367,0.0756,0.0062,0.0344,0,0.1644,0.1644,0.0516,0.0756,0.1536,0.113,0,0.0196,0.072,0.0472,0,0
0.0018,0,0,0.4536,0.3472,0.1673,0.2268,0.0846,0.1546,0.0016,0.3372,0.3372,0.204,0.1737,0.3357,0.2947,0.0361,0.2509,0.2228,0.1976,0.0022,0.0456
0.049,0.0144,0.0144,0.8613,0.5102,0.3782,0.3756,0.2244,0.2989,0.0365,0.5028,0.5028,0.42,0.2776,0.5141,0.4845,0.1562,0.7093,0.3976,0.4065,0.063,0.1536
0.2444,0.1608,0.1608,1.2048,0.6137,0.5734,0.5196,0.372,0.4204,0.144,0.648,0.648,0.6144,0.3656,0.6511,0.6253,0.3152,1.2196,0.552,0.5904,0.1894,0.2856
0.473,0.4092,0.4092,1.4502,0.6492,0.6984,0.7056,0.4973,0.518,0.3079,0.7032,0.7032,0.7632,0.4447,0.7137,0.7192,0.4448,1.6086,0.6715,0.7308,0.3156,0.4416
0.6588,0.6204,0.6204,1.6018,0.6508,0.7361,0.8004,0.5939,0.5588,0.4712,0.7128,0.7128,0.8592,0.4976,0.7324,0.7687,0.6317,1.7895,0.7323,0.8184,0.4162,0.5844
0.7916,0.7752,0.7752,1.6406,0.5862,0.7463,0.8304,0.6504,0.6539,0.6075,0.69,0.69,0.9024,0.5343,0.7257,0.7793,0.6898,1.9027,0.7137,0.8527,0.4739,0.6912
0.8709,0.8748,0.8748,1.5577,0.5353,0.7357,0.8232,0.6545,0.7705,0.7157,0.6396,0.6396,0.8784,0.5329,0.6759,0.7386,0.6466,1.8879,0.6411,0.8356,0.5217,0.7536
0.8964,0.918,0.918,1.3833,0.4396,0.691,0.762,0.6128,0.6566,0.7888,0.4956,0.4956,0.7836,0.4731,0.546,0.6494,0.5822,1.9095,0.5329,0.7685,0.6126,0.7476
0.8738,0.9108,0.9108,1.1037,0.3109,0.6064,0.6432,0.5313,0.5436,0.8094,0.378,0.378,0.6384,0.3723,0.417,0.5228,0.5278,1.9021,0.4046,0.6594,0.6329,0.6732
0.7868,0.8508,0.8508,0.7304,0.197,0.4642,0.4812,0.4053,0.4272,0.7811,0.2412,0.2412,0.4572,0.2598,0.2639,0.3353,0.448,1.5977,0.2714,0.4925,0.5257,0.54
0.6669,0.738,0.738,0.3539,0.0901,0.2991,0.2868,0.2645,0.3124,0.7342,0.114,0.114,0.2724,0.1421,0.1299,0.1872,0.3393,1.104,0.1341,0.3019,0.3549,0.3708
0.4941,0.5724,0.5724,0.0625,0.0146,0.1451,0.1044,0.1187,0.193,0.6094,0.0216,0.0216,0.1248,0.031,0.0285,0.0552,0.2151,0.6272,0.0326,0.1118,0.2124,0.1884
0.2897,0.36,0.36,0.0004,0,0.0345,0.0084,0.0199,0.0547,0.4175,0,0,0.0288,0,0,0.0017,0.1005,0.1898,0,0.0088,0.1109,0.0408
0.0951,0.1332,0.1332,0,0,0,0,0,6.00E-04,0.2229,0,0,0,0,0,0,0.0219,7.60E-03,0,0,0.0279,0
0.0057,0.0096,0.0096,0,0,0,0,0,0,0.0621,0,0,0,0,0,0,0,0,0,0,3.00E-04,0
0,0,0,0,0,0,0,0,0,0.0016,0,0,0,0,0,0,0,0,0,0,0,0
0,0,0,0,0,0,0,0,0,0,0,0,0,0,0,0,0,0,0,0,0,0
0,0,0,0,0,0,0,0,0,0,0,0,0,0,0,0,0,0,0,0,0,0
0,0,0,0,0,0,0,0,0,0,0,0,0,0,0,0,0,0,0,0,0,0
0,0,0,0,0,0,0,0,0,0,0,0,0,0,0,0,0,0,0,0,0,0
0,0,0,0,0,0,0,0,0,0,0,0,0,0,0,0,0,0,0,0,0,0
0,0,0,0,0,0,0,0,0,0,0,0,0,0,0,0,0,0,0,0,0,0
0,0,0,0,0.0391,0,0.0048,0,0,0,0.0396,0.0396,0,0.0161,0.029,0.0136,0,0,0.0018,5.00E-04,0,0
0,0,0,0.1189,0.136,0.0375,0.0696,0.0053,0.0263,0,0.1572,0.1572,0.0564,0.1302,0.1443,0.1094,0,0.0165,0.0738,0.0476,0,0
0.0013,0,0,0.4512,0.2403,0.1688,0.2784,0.0867,0.1331,0.0016,0.3132,0.3132,0.2064,0.3327,0.3172,0.2974,0.0196,0.2449,0.2481,0.2032,0.0025,0.0672
0.06,0.0144,0.0144,0.8473,0.3569,0.3643,0.4968,0.2369,0.3059,0.038,0.456,0.456,0.4044,0.5265,0.4867,0.4971,0.148,0.7723,0.4355,0.4171,0.0662,0.2256
0.2204,0.1596,0.1596,1.1815,0.464,0.521,0.6792,0.3942,0.4454,0.1515,0.546,0.546,0.5016,0.6712,0.6157,0.6614,0.3589,1.3557,0.5839,0.6022,0.2189,0.3984
0.4274,0.4032,0.4032,1.408,0.565,0.625,0.81,0.5082,0.5398,0.3372,0.6168,0.6168,0.5292,0.7713,0.7076,0.7735,0.5734,1.8309,0.7058,0.7414,0.3917,0.5484
0.5968,0.6144,0.6144,1.5502,0.6129,0.6927,0.8844,0.5881,0.6738,0.52,0.6792,0.6792,0.564,0.8362,0.7595,0.8245,0.7316,2.1702,0.7618,0.8281,0.537,0.6516
0.7284,0.768,0.768,1.5964,0.5889,0.7181,0.894,0.6387,0.7237,0.7273,0.6828,0.6828,0.5856,0.853,0.7523,0.8223,0.8084,2.3747,0.7738,0.859,0.6696,0.6936
0.821,0.8652,0.8652,1.5156,0.5274,0.6969,0.7668,0.6884,0.7078,0.8534,0.6756,0.6756,0.528,0.7954,0.7268,0.7907,0.7755,2.4446,0.7278,0.8331,0.7496,0.6768
0.8494,0.9096,0.9096,1.3508,0.4631,0.6208,0.5688,0.6543,0.6595,0.9367,0.606,0.606,0.4176,0.6953,0.6386,0.7027,0.6749,2.3489,0.6408,0.7582,0.7837,0.6252
0.8203,0.9036,0.9036,1.0829,0.3478,0.5206,0.486,0.5807,0.5756,0.9404,0.486,0.486,0.3384,0.543,0.5132,0.5721,0.5155,2.1209,0.503,0.6383,0.7648,0.5556
0.7431,0.8472,0.8472,0.7236,0.2135,0.4035,0.4044,0.4588,0.475,0.8961,0.2916,0.2916,0.2904,0.3542,0.3243,0.3995,0.3382,1.7295,0.3586,0.4809,0.6967,0.4404
0.6108,0.7356,0.7356,0.3398,0.0912,0.2879,0.2448,0.3202,0.346,0.7883,0.138,0.138,0.2232,0.1661,0.1582,0.2101,0.1937,1.2439,0.1806,0.2945,0.5695,0.3168
0.4255,0.57,0.57,0.0578,0.0131,0.148,0.0888,0.1493,0.1822,0.6259,0.0264,0.0264,0.1212,0.0311,0.0327,0.0571,0.128,0.6851,0.0404,0.1098,0.4072,0.1716
0.2461,0.3588,0.3588,0.0004,0,0.032,0.006,0.0232,0.0456,0.4233,0,0,0.0156,0,0,0.0022,0.0854,0.2092,0,0.0098,0.2198,0.0384
0.0883,0.1332,0.1332,0,0,0,0,0,6.00E-04,0.2247,0,0,0,0,0,0,0.0181,9.00E-03,0,0,0.0606,0
0.0038,0.0096,0.0096,0,0,0,0,0,0,0.0637,0,0,0,0,0,0,0,0,0,0,3.00E-04,0
0,0,0,0,0,0,0,0,0,0.0016,0,0,0,0,0,0,0,0,0,0,0,0
0,0,0,0,0,0,0,0,0,0,0,0,0,0,0,0,0,0,0,0,0,0
0,0,0,0,0,0,0,0,0,0,0,0,0,0,0,0,0,0,0,0,0,0
0,0,0,0,0,0,0,0,0,0,0,0,0,0,0,0,0,0,0,0,0,0
0,0,0,0,0,0,0,0,0,0,0,0,0,0,0,0,0,0,0,0,0,0
0,0,0,0,0,0,0,0,0,0,0,0,0,0,0,0,0,0,0,0,0,0
0,0,0,0,3.00E-04,0,0,0,0,0,0,0,0,0,0,0,0,0,0,0,0,0
0,0,0,0,0.0537,0,0.0048,0,0,0,0.0408,0.0408,0,0.0161,0.0308,0.0143,0,0,0.0012,5.00E-04,0,0
0,0,0,0.1141,0.2179,0.03,0.0708,0.0074,0.0299,0,0.1752,0.1752,0.0396,0.1336,0.1568,0.1144,0,0.0094,0.0708,0.0413,0,0
0.0018,0,0,0.4299,0.4279,0.1523,0.264,0.1046,0.1434,0.0014,0.3768,0.3768,0.1788,0.3269,0.3553,0.2934,0.0373,0.2022,0.2368,0.1599,0.0023,0.0636
0.0608,0.018,0.018,0.8039,0.605,0.3102,0.4728,0.2819,0.2995,0.0348,0.5472,0.5472,0.3828,0.5172,0.5343,0.4902,0.1741,0.5665,0.3822,0.3102,0.0533,0.246
0.2012,0.1572,0.1572,1.1205,0.7539,0.483,0.6492,0.4579,0.4563,0.1436,0.6504,0.6504,0.5724,0.6853,0.6542,0.6481,0.3934,1.0266,0.5029,0.4447,0.163,0.4512
0.3447,0.3828,0.3828,1.363,0.8462,0.6279,0.7776,0.6013,0.6059,0.2954,0.7536,0.7536,0.7236,0.787,0.7462,0.7541,0.5552,1.5085,0.5927,0.5391,0.2917,0.6228
0.4646,0.5832,0.5832,1.4959,0.8826,0.6706,0.8544,0.6896,0.7394,0.4766,0.7836,0.7836,0.8136,0.8131,0.7854,0.8087,0.6266,1.8156,0.6114,0.6464,0.435,0.7428
0.566,0.7296,0.7296,1.5236,0.8648,0.6727,0.8784,0.7246,0.8196,0.5646,0.8064,0.8064,0.8412,0.7762,0.7824,0.7988,0.6029,1.9637,0.6134,0.7758,0.5424,0.8112
0.6313,0.8376,0.8376,1.4547,0.8006,0.6946,0.852,0.7183,0.8244,0.704,0.7464,0.7464,0.8088,0.6874,0.7017,0.7396,0.5366,2.0968,0.5844,0.7967,0.594,0.8268
0.6353,0.882,0.882,1.2823,0.6747,0.6399,0.7764,0.6709,0.7912,0.7415,0.6696,0.6696,0.6828,0.5429,0.6121,0.6316,0.4176,2.0918,0.5276,0.6975,0.6142,0.7896
0.5649,0.8748,0.8748,1.0194,0.5189,0.521,0.6516,0.5831,0.7079,0.7454,0.5088,0.5088,0.5868,0.3787,0.4622,0.4973,0.3536,1.8809,0.434,0.4983,0.5807,0.7044
0.4588,0.8148,0.8148,0.6755,0.3339,0.3778,0.4488,0.439,0.5735,0.6926,0.3324,0.3324,0.462,0.2199,0.3135,0.3426,0.283,1.5202,0.2977,0.3118,0.505,0.57
0.352,0.7044,0.7044,0.3277,0.1396,0.272,0.2652,0.2796,0.3874,0.6238,0.1476,0.1476,0.3288,0.0933,0.1502,0.1806,0.2422,1.1416,0.1561,0.1679,0.4145,0.3936
0.2488,0.5448,0.5448,0.0554,0.0218,0.1404,0.096,0.1341,0.2004,0.4911,0.0264,0.0264,0.1476,0.0139,0.0311,0.0509,0.1531,0.6521,0.0362,0.0596,0.2937,0.1932
0.1436,0.3432,0.3432,0.0003,0,0.0302,0.006,0.021,0.048,0.3448,0,0,0.0252,0,0,0.0015,0.0699,0.1914,0,0.0032,0.1612,0.0384
0.052,0.132,0.132,0,0,0,0,0,6.00E-04,0.1764,0,0,0,0,0,0,0.0097,0.0077,0,0,0.0474,0
0.0015,0.0096,0.0096,0,0,0,0,0,0,0.0511,0,0,0,0,0,0,0,0,0,0,3.00E-04,0
0,0,0,0,0,0,0,0,0,6.00E-04,0,0,0,0,0,0,0,0,0,0,0,0
0,0,0,0,0,0,0,0,0,0,0,0,0,0,0,0,0,0,0,0,0,0
0,0,0,0,0,0,0,0,0,0,0,0,0,0,0,0,0,0,0,0,0,0
0,0,0,0,0,0,0,0,0,0,0,0,0,0,0,0,0,0,0,0,0,0
0,0,0,0,0,0,0,0,0,0,0,0,0,0,0,0,0,0,0,0,0,0
0,0,0,0,0,0,0,0,0,0,0,0,0,0,0,0,0,0,0,0,0,0
0,0,0,0,1.00E-04,0,0,0,0,0,0,0,0,0,0,0,0,0,0,0,0,0
0,0,0,0,0.0462,0,0.0036,0,0,0,0.018,0.018,0,0.0023,0.0158,0.009,0,0,0.0012,1.00E-04,0,0
0,0,0,0.114,0.1557,0.0346,0.0768,0.0064,0.0285,0,0.0936,0.0936,0.048,0.046,0.0989,0.0847,0,0.0165,0.0768,0.0448,0,0
8.00E-04,0,0,0.4174,0.2795,0.162,0.2604,0.0964,0.1476,0.0014,0.2088,0.2088,0.1944,0.1446,0.2136,0.2192,0.0337,0.2438,0.2567,0.1919,0.0023,0.0612
0.0382,0.018,0.018,0.7531,0.3895,0.341,0.4584,0.2584,0.3597,0.0332,0.306,0.306,0.4056,0.3165,0.3172,0.3656,0.167,0.739,0.4485,0.3942,0.0697,0.2472
0.1281,0.1572,0.1572,1.0564,0.5072,0.4852,0.5904,0.4167,0.5583,0.1436,0.4092,0.4092,0.5964,0.4441,0.4177,0.4855,0.3855,1.2557,0.6262,0.5777,0.2483,0.4548
0.2346,0.3864,0.3864,1.2825,0.5919,0.5977,0.6588,0.5292,0.7141,0.3091,0.4596,0.4596,0.7392,0.6236,0.5025,0.5986,0.5763,1.7323,0.7613,0.7181,0.436,0.6276
0.3428,0.5892,0.5892,1.4113,0.5641,0.7046,0.672,0.6031,0.8186,0.5142,0.4992,0.4992,0.8328,0.769,0.5692,0.681,0.7191,2.064,0.8219,0.8055,0.5944,0.7476
0.4299,0.738,0.738,1.4364,0.4654,0.7692,0.6288,0.6524,0.8714,0.6803,0.4872,0.4872,0.8724,0.7946,0.5683,0.687,0.8053,2.2753,0.8339,0.8329,0.7232,0.816
0.4746,0.8316,0.8316,1.3746,0.369,0.792,0.5664,0.6316,0.8714,0.833,0.4188,0.4188,0.8712,0.7507,0.5069,0.6307,0.8298,2.375,0.773,0.8052,0.787,0.8292
0.4974,0.8748,0.8748,1.2221,0.2808,0.7497,0.5052,0.6064,0.8254,0.9228,0.3216,0.3216,0.8136,0.664,0.41,0.5376,0.7978,2.3182,0.6631,0.7394,0.7786,0.7932
0.484,0.8712,0.8712,0.9756,0.1908,0.64,0.4584,0.5616,0.7315,0.9536,0.228,0.228,0.7044,0.5302,0.3051,0.3932,0.6674,2.1122,0.4977,0.6285,0.7423,0.7068
0.4326,0.8196,0.8196,0.6496,0.1107,0.4907,0.3648,0.4558,0.5874,0.9039,0.1404,0.1404,0.5472,0.3539,0.1942,0.2618,0.5023,1.7331,0.3089,0.4719,0.6983,0.5724
0.3327,0.7104,0.7104,0.3275,0.0437,0.3087,0.2484,0.3161,0.4058,0.8007,0.066,0.066,0.3504,0.1593,0.094,0.149,0.3634,1.2263,0.1471,0.2842,0.5978,0.3948
0.2265,0.5484,0.5484,0.0552,0.0043,0.1473,0.0972,0.1432,0.2038,0.6459,0.0108,0.0108,0.1488,0.0294,0.0196,0.0478,0.2578,0.6791,0.0301,0.1052,0.4261,0.1956
0.1257,0.3432,0.3432,0.0003,0,0.0305,0.006,0.0201,0.0477,0.4478,0,0,0.024,0,0,0.0011,0.1367,0.1965,0,0.0071,0.2272,0.0384
0.0436,0.1308,0.1308,0,0,0,0,0,2.00E-04,0.2308,0,0,0,0,0,0,0.0288,7.60E-03,0,0,0.0564,0
0.0014,0.0096,0.0096,0,0,0,0,0,0,0.0559,0,0,0,0,0,0,0,0,0,0,3.00E-04,0
0,0,0,0,0,0,0,0,0,5.00E-04,0,0,0,0,0,0,0,0,0,0,0,0
0,0,0,0,0,0,0,0,0,0,0,0,0,0,0,0,0,0,0,0,0,0
0,0,0,0,0,0,0,0,0,0,0,0,0,0,0,0,0,0,0,0,0,0
0,0,0,0,0,0,0,0,0,0,0,0,0,0,0,0,0,0,0,0,0,0
0,0,0,0,0,0,0,0,0,0,0,0,0,0,0,0,0,0,0,0,0,0
0,0,0,0,0,0,0,0,0,0,0,0,0,0,0,0,0,0,0,0,0,0
0,0,0,0,0,0,0,0,0,0,0,0,0,0,0,0,0,0,0,0,0,0
0,0,0,0,0.0529,0,0.0036,0,0,0,0.0372,0.0372,0,0.0114,0.0192,0.0025,0,0,0,2.00E-04,0,0
0,0,0,0.1141,0.204,0.0321,0.072,0.0038,0.0273,0,0.1332,0.1332,0.0468,0.0697,0.0746,0.0435,0,0.0147,0.0696,0.0441,0,0
0.0013,0,0,0.4108,0.4009,0.1634,0.2448,0.0811,0.1463,0.0013,0.1716,0.1716,0.1956,0.1373,0.1131,0.1437,0.016,0.2367,0.2323,0.1915,0.0023,0.0612
0.0384,0.018,0.018,0.7308,0.5631,0.3594,0.4536,0.2409,0.3506,0.0395,0.2112,0.2112,0.4092,0.186,0.1695,0.2671,0.1279,0.7388,0.4076,0.3931,0.0656,0.246
0.1391,0.1572,0.1572,1.0053,0.6706,0.5359,0.6252,0.4085,0.5437,0.1618,0.2208,0.2208,0.6012,0.2439,0.2251,0.3867,0.3425,1.2795,0.5844,0.5747,0.2132,0.4524
0.296,0.3816,0.3816,1.2196,0.6926,0.675,0.7788,0.5733,0.6954,0.3534,0.228,0.228,0.7464,0.2933,0.2635,0.4676,0.5761,1.737,0.7157,0.7021,0.3924,0.624
0.4503,0.5832,0.5832,1.3376,0.6558,0.7679,0.8484,0.6813,0.7892,0.5867,0.2508,0.2508,0.84,0.306,0.3034,0.5342,0.7427,2.0457,0.7812,0.7917,0.559,0.7416
0.556,0.7332,0.7332,1.3688,0.5665,0.8093,0.888,0.7453,0.8269,0.7568,0.204,0.204,0.882,0.3527,0.3179,0.5835,0.8398,2.2025,0.8016,0.8246,0.6901,0.8064
0.6287,0.8352,0.8352,1.3029,0.504,0.7938,0.8676,0.7566,0.8328,0.894,0.2232,0.2232,0.8748,0.4003,0.3269,0.5741,0.8433,2.2415,0.7663,0.8147,0.7828,0.8184
0.674,0.8772,0.8772,1.1432,0.4246,0.7422,0.7956,0.7086,0.7592,0.9537,0.1728,0.1728,0.816,0.427,0.2944,0.5384,0.7957,2.2268,0.6805,0.7547,0.8154,0.7836
0.6699,0.8676,0.8676,0.9017,0.2922,0.6435,0.6696,0.6185,0.6828,0.9553,0.1104,0.1104,0.7068,0.3772,0.2384,0.4598,0.6667,2.0205,0.5591,0.6329,0.777,0.6996
0.6122,0.8088,0.8088,0.588,0.1574,0.5103,0.4956,0.4937,0.5653,0.8973,0.0672,0.0672,0.5472,0.2543,0.1642,0.3302,0.4538,1.6862,0.3815,0.4701,0.6951,0.5688
0.5071,0.7008,0.7008,0.2946,0.0529,0.3506,0.2892,0.3333,0.3783,0.7846,0.03,0.03,0.3492,0.1397,0.0875,0.1874,0.279,1.2351,0.206,0.263,0.5708,0.3936
0.3799,0.5364,0.5364,0.0459,0.0042,0.1579,0.0948,0.1534,0.1883,0.6106,0.0024,0.0024,0.1464,0.0299,0.0173,0.0504,0.1631,0.6687,0.0469,0.0888,0.4023,0.1956
0.2374,0.3324,0.3324,0.0003,0,0.0306,0.0072,0.0219,0.0483,0.4035,0,0,0.024,0,0,0.0013,0.0829,0.1956,0,0.0047,0.2089,0.0384
0.0847,0.1284,0.1284,0,0,0,0,0,2.00E-04,0.208,0,0,0,0,0,0,0.0145,0.0072,0,0,0.0522,0
0.0038,0.0096,0.0096,0,0,0,0,0,0,0.0564,0,0,0,0,0,0,0,0,0,0,3.00E-04,0
0,0,0,0,0,0,0,0,0,5.00E-04,0,0,0,0,0,0,0,0,0,0,0,0
0,0,0,0,0,0,0,0,0,0,0,0,0,0,0,0,0,0,0,0,0,0
0,0,0,0,0,0,0,0,0,0,0,0,0,0,0,0,0,0,0,0,0,0
0,0,0,0,0,0,0,0,0,0,0,0,0,0,0,0,0,0,0,0,0,0
0,0,0,0,0,0,0,0,0,0,0,0,0,0,0,0,0,0,0,0,0,0
0,0,0,0,0,0,0,0,0,0,0,0,0,0,0,0,0,0,0,0,0,0
0,0,0,0,0,0,0,0,0,0,0,0,0,0,0,0,0,0,0,0,0,0
0,0,0,0,0.0426,0,0.0024,0,0,0,0.0348,0.0348,0,0.0126,0.0258,0.0112,0,0,0.0012,3.00E-04,0,0
0,0,0,0.0949,0.174,0.0327,0.0684,0.0048,0.0186,0,0.1668,0.1668,0.048,0.1142,0.1498,0.1066,0,0.0081,0.0726,0.0419,0,0
0.0013,0,0,0.3232,0.3549,0.1612,0.2196,0.0922,0.1053,0.0011,0.3648,0.3648,0.1944,0.274,0.348,0.3002,0.0228,0.1854,0.2527,0.1869,0.0022,0.0624
0.0566,0.0168,0.0168,0.5853,0.5118,0.3237,0.4452,0.2616,0.1975,0.0373,0.5532,0.5532,0.3972,0.4413,0.5389,0.5007,0.14,0.5337,0.4424,0.3802,0.0672,0.2376
0.2256,0.1572,0.1572,0.8315,0.6345,0.4616,0.6192,0.423,0.2874,0.1587,0.7032,0.7032,0.5736,0.569,0.6897,0.6613,0.3141,1.0105,0.5985,0.5507,0.2429,0.438
0.4452,0.384,0.384,1.0168,0.7229,0.5839,0.6408,0.5404,0.38,0.3537,0.8112,0.8112,0.7152,0.6728,0.7926,0.7692,0.4931,1.5612,0.7102,0.6854,0.4412,0.6192
0.6394,0.5856,0.5856,1.1384,0.7631,0.6498,0.5304,0.5248,0.5819,0.5157,0.8532,0.8532,0.7056,0.6877,0.8268,0.8138,0.6695,1.93,0.7816,0.784,0.6035,0.7392
0.7741,0.7344,0.7344,1.1579,0.7588,0.6879,0.4476,0.549,0.7798,0.6906,0.8412,0.8412,0.6888,0.667,0.8213,0.819,0.7377,2.1316,0.8014,0.8234,0.725,0.8064
0.8499,0.8316,0.8316,1.1291,0.717,0.7089,0.4212,0.5454,0.8293,0.7826,0.774,0.774,0.7464,0.6194,0.754,0.77,0.725,2.1393,0.7612,0.8108,0.8071,0.8196
0.8795,0.8724,0.8724,1.0018,0.6173,0.7007,0.3516,0.523,0.7815,0.8149,0.6456,0.6456,0.7704,0.5304,0.6412,0.6803,0.6342,2.0499,0.6717,0.7458,0.8394,0.7848
0.8602,0.8664,0.8664,0.794,0.4579,0.6307,0.2916,0.4795,0.6856,0.818,0.4656,0.4656,0.6492,0.4057,0.4828,0.5481,0.5165,1.8627,0.5226,0.6291,0.8096,0.7008
0.7904,0.8076,0.8076,0.57,0.2814,0.4982,0.2688,0.4208,0.5441,0.7625,0.294,0.294,0.4716,0.2725,0.3134,0.3786,0.3636,1.5328,0.3758,0.4674,0.7278,0.564
0.6696,0.6972,0.6972,0.2887,0.1258,0.3236,0.2004,0.3234,0.3654,0.6685,0.1332,0.1332,0.318,0.1306,0.1481,0.1965,0.3016,1.0815,0.1915,0.2713,0.5973,0.3876
0.4983,0.5376,0.5376,0.0455,0.0169,0.1476,0.0792,0.154,0.1874,0.5555,0.0228,0.0228,0.1344,0.0229,0.0282,0.0491,0.1645,0.5883,0.0445,0.0936,0.4234,0.192
0.2893,0.336,0.336,0.0003,0,0.027,0.0036,0.0216,0.0442,0.3983,0,0,0.018,0,0,0.001,0.0618,0.1821,0,0.0056,0.2199,0.0372
0.0881,0.1296,0.1296,0,0,0,0,0,3.00E-04,0.2087,0,0,0,0,0,0,0.0135,0.0073,0,0,0.0523,0
0.0038,0.0096,0.0096,0,0,0,0,0,0,0.0536,0,0,0,0,0,0,0,0,0,0,3.00E-04,0
0,0,0,0,0,0,0,0,0,5.00E-04,0,0,0,0,0,0,0,0,0,0,0,0
0,0,0,0,0,0,0,0,0,0,0,0,0,0,0,0,0,0,0,0,0,0
0,0,0,0,0,0,0,0,0,0,0,0,0,0,0,0,0,0,0,0,0,0
0,0,0,0,0,0,0,0,0,0,0,0,0,0,0,0,0,0,0,0,0,0
0,0,0,0,0,0,0,0,0,0,0,0,0,0,0,0,0,0,0,0,0,0
0,0,0,0,0,0,0,0,0,0,0,0,0,0,0,0,0,0,0,0,0,0
0,0,0,0,0,0,0,0,0,0,0,0,0,0,0,0,0,0,0,0,0,0
0,0,0,0,0.0397,0,0.0024,0,0,0,0.0372,0.0372,0,0.0126,0.0265,0.011,0,0,6.00E-04,3.00E-04,0,0
0,0,0,0.1165,0.1551,0.0288,0.0708,0.0047,0.0243,0,0.1668,0.1668,0.0432,0.1246,0.1482,0.1004,0,0.0126,0.0738,0.02,0,0
8.00E-04,0,0,0.4132,0.3212,0.1524,0.2484,0.0932,0.1439,7.00E-04,0.3288,0.3288,0.192,0.3192,0.3146,0.26,0.0182,0.2162,0.2442,0.0842,0.0022,0.0612
0.0502,0.018,0.018,0.6895,0.4891,0.3564,0.4524,0.2658,0.338,0.0366,0.426,0.426,0.4044,0.5122,0.435,0.4396,0.1621,0.6696,0.4267,0.1784,0.0656,0.2328
0.2342,0.1584,0.1584,0.8754,0.6185,0.539,0.6252,0.4544,0.5048,0.1638,0.4536,0.4536,0.594,0.6748,0.5015,0.5761,0.3949,1.1834,0.5866,0.3096,0.2461,0.4332
0.4536,0.3384,0.3384,0.9538,0.7123,0.6825,0.7512,0.6026,0.649,0.3894,0.4896,0.4896,0.7356,0.7867,0.5522,0.6746,0.6025,1.6579,0.6994,0.4977,0.4499,0.6096
0.6405,0.4932,0.4932,0.8886,0.7428,0.7587,0.8172,0.7179,0.7605,0.5978,0.552,0.552,0.828,0.8405,0.6044,0.7302,0.7633,2.0117,0.7303,0.6194,0.6222,0.7308
0.776,0.594,0.594,0.8062,0.7243,0.7639,0.8316,0.7751,0.786,0.7568,0.5448,0.5448,0.8688,0.8443,0.5925,0.724,0.8677,2.2013,0.7168,0.6939,0.7435,0.8028
0.8541,0.684,0.684,0.6781,0.6661,0.7309,0.798,0.7445,0.7341,0.8698,0.4824,0.4824,0.8616,0.7977,0.5091,0.649,0.9121,2.2153,0.6777,0.7092,0.8107,0.8196
0.8805,0.7308,0.7308,0.5516,0.5725,0.6654,0.72,0.6864,0.6863,0.926,0.3696,0.3696,0.8016,0.6996,0.4013,0.5482,0.8954,2.1406,0.5942,0.6488,0.8258,0.7872
0.8563,0.7416,0.7416,0.4242,0.4307,0.5605,0.6,0.5861,0.6406,0.9303,0.252,0.252,0.6912,0.5496,0.2976,0.4349,0.8295,1.9178,0.4649,0.5215,0.7913,0.7056
0.781,0.7044,0.7044,0.2626,0.2468,0.4624,0.45,0.4378,0.5477,0.882,0.1452,0.1452,0.5328,0.3602,0.1847,0.3016,0.7038,1.6195,0.3136,0.3808,0.7063,0.5712
0.6597,0.6096,0.6096,0.1219,0.0961,0.3232,0.258,0.2755,0.3767,0.7827,0.0576,0.0576,0.336,0.1627,0.0823,0.1601,0.4851,1.1871,0.1616,0.2304,0.5789,0.3948
0.4898,0.4656,0.4656,0.0167,0.0111,0.1524,0.0876,0.1183,0.1884,0.6341,0.0072,0.0072,0.1392,0.0257,0.0132,0.042,0.2573,0.6468,0.033,0.086,0.41,0.1944
0.2852,0.2952,0.2952,0.0002,0,0.0292,0.0036,0.0182,0.0473,0.4402,0,0,0.0216,0,0,0.0011,0.1028,0.1835,0,0.0045,0.2167,0.0408
0.0871,0.1212,0.1212,0,0,0,0,0,2.00E-04,0.2237,0,0,0,0,0,0,0.017,0.0043,0,0,0.05,0
0.0031,0.0084,0.0084,0,0,0,0,0,0,0.0486,0,0,0,0,0,0,0,0,0,0,2.00E-04,0
0,0,0,0,0,0,0,0,0,0,0,0,0,0,0,0,0,0,0,0,0,0
0,0,0,0,0,0,0,0,0,0,0,0,0,0,0,0,0,0,0,0,0,0
0,0,0,0,0,0,0,0,0,0,0,0,0,0,0,0,0,0,0,0,0,0
0,0,0,0,0,0,0,0,0,0,0,0,0,0,0,0,0,0,0,0,0,0
0,0,0,0,0,0,0,0,0,0,0,0,0,0,0,0,0,0,0,0,0,0
0,0,0,0,0,0,0,0,0,0,0,0,0,0,0,0,0,0,0,0,0,0
0,0,0,0,0,0,0,0,0,0,0,0,0,0,0,0,0,0,0,0,0,0
0,0,0,0,0.0494,0,0.0024,0,0,0,0.0312,0.0312,0,0.0114,0.0228,0.0101,0,0,0,2.00E-04,0,0
0,0,0,0.0878,0.1909,0.0308,0.0696,0.0031,0.0231,0,0.1596,0.1596,0.0456,0.122,0.1444,0.1073,0,0.0073,0.0672,0.0392,0,0
8.00E-04,0,0,0.3595,0.3764,0.1543,0.2532,0.062,0.1139,9.00E-04,0.3576,0.3576,0.1884,0.3078,0.3356,0.2828,0.0218,0.1786,0.2185,0.1757,0.0019,0.048
0.0497,0.0192,0.0192,0.6798,0.5401,0.306,0.456,0.1522,0.2235,0.0362,0.5472,0.5472,0.384,0.4844,0.5185,0.4566,0.1444,0.491,0.3961,0.363,0.0611,0.1644
0.2334,0.1512,0.1512,0.9934,0.6618,0.4381,0.6264,0.2537,0.3158,0.1673,0.7008,0.7008,0.5592,0.6222,0.6617,0.5857,0.382,0.8672,0.5593,0.5265,0.2473,0.2976
0.4484,0.3216,0.3216,1.2049,0.7305,0.5799,0.7392,0.3459,0.426,0.3967,0.8088,0.8088,0.6804,0.713,0.7581,0.6937,0.618,1.3157,0.6743,0.6432,0.4538,0.3948
0.6249,0.4872,0.4872,1.2726,0.7405,0.7189,0.8004,0.4412,0.524,0.6051,0.8568,0.8568,0.744,0.7465,0.7991,0.7437,0.7801,1.9164,0.7408,0.715,0.6232,0.4644
0.7505,0.6228,0.6228,1.2653,0.7087,0.7686,0.798,0.523,0.5606,0.7636,0.8568,0.8568,0.7992,0.7471,0.7958,0.7523,0.8833,2.2095,0.7587,0.7313,0.7418,0.516
0.8341,0.7212,0.7212,1.1745,0.64,0.7668,0.7848,0.5697,0.7128,0.8686,0.7968,0.7968,0.7956,0.6986,0.7435,0.707,0.9313,2.2698,0.7298,0.6813,0.8036,0.546
0.8704,0.7704,0.7704,1.035,0.5504,0.6889,0.6816,0.5412,0.697,0.918,0.6912,0.6912,0.7056,0.6034,0.6464,0.623,0.9241,2.13,0.6512,0.5451,0.818,0.5352
0.8608,0.7788,0.7788,0.7774,0.4164,0.5212,0.486,0.4705,0.5942,0.9173,0.5364,0.5364,0.486,0.4699,0.4999,0.4833,0.8665,1.9162,0.5318,0.399,0.7791,0.4836
0.7949,0.7512,0.7512,0.5359,0.2792,0.3164,0.3168,0.371,0.4494,0.8637,0.3492,0.3492,0.2748,0.3081,0.3351,0.3194,0.7573,1.5744,0.3675,0.238,0.6837,0.3912
0.6706,0.6744,0.6744,0.2593,0.1194,0.1744,0.1788,0.2604,0.3145,0.7642,0.1524,0.1524,0.1188,0.1415,0.152,0.1583,0.5799,1.1147,0.1786,0.1103,0.5192,0.2904
0.4938,0.5388,0.5388,0.0391,0.0145,0.069,0.0672,0.1221,0.1712,0.6145,0.024,0.024,0.0384,0.0248,0.0267,0.0369,0.3818,0.5973,0.0396,0.0328,0.3348,0.1476
0.2862,0.3372,0.3372,0.0001,0,0.0137,0.0012,0.0152,0.0395,0.4224,0,0,0.0012,0,0,0,0.1693,0.1595,0,1.00E-04,0.1723,0.0288
0.0866,0.126,0.126,0,0,0,0,0,2.00E-04,0.2136,0,0,0,0,0,0,0.0276,0.0042,0,0,0.0461,0
0.003,0.0072,0.0072,0,0,0,0,0,0,0.0485,0,0,0,0,0,0,0,0,0,0,2.00E-04,0
0,0,0,0,0,0,0,0,0,0,0,0,0,0,0,0,0,0,0,0,0,0
0,0,0,0,0,0,0,0,0,0,0,0,0,0,0,0,0,0,0,0,0,0
0,0,0,0,0,0,0,0,0,0,0,0,0,0,0,0,0,0,0,0,0,0
0,0,0,0,0,0,0,0,0,0,0,0,0,0,0,0,0,0,0,0,0,0
0,0,0,0,0,0,0,0,0,0,0,0,0,0,0,0,0,0,0,0,0,0
0,0,0,0,0,0,0,0,0,0,0,0,0,0,0,0,0,0,0,0,0,0
0,0,0,0,0,0,0,0,0,0,0,0,0,0,0,0,0,0,0,0,0,0
0,0,0,0,0.0432,0,0,0,0,0,0.0324,0.0324,0,0.0114,0.024,0.0099,0,0,0,2.00E-04,0,0
0,0,0,0.0809,0.1922,0.0202,0.0432,0.0044,0.0205,0,0.1632,0.1632,0.0408,0.1209,0.1458,0.0931,0,0.0089,0.0672,0.0222,0,0
8.00E-04,0,0,0.311,0.3928,0.1242,0.1596,0.0798,0.1433,6.00E-04,0.3492,0.3492,0.192,0.2993,0.3257,0.2259,0.0182,0.207,0.2409,0.1147,0.0014,0.0288
0.0502,0.0144,0.0144,0.5661,0.5744,0.3164,0.3168,0.2125,0.3727,0.0343,0.522,0.522,0.4212,0.4724,0.5018,0.3652,0.1633,0.7487,0.4289,0.2227,0.0506,0.1116
0.2323,0.1536,0.1536,0.738,0.7201,0.5027,0.4716,0.3504,0.5889,0.162,0.6576,0.6576,0.6204,0.6162,0.6551,0.4968,0.3903,1.3405,0.5785,0.2779,0.1844,0.2052
0.4436,0.3852,0.3852,0.8882,0.8067,0.6676,0.6048,0.4711,0.7578,0.3752,0.7488,0.7488,0.7692,0.7232,0.7563,0.595,0.5861,1.8356,0.6753,0.3176,0.3269,0.3156
0.6151,0.5904,0.5904,0.9797,0.8403,0.7809,0.7344,0.5484,0.8716,0.5781,0.7848,0.7848,0.8664,0.782,0.7991,0.6604,0.7197,2.1797,0.7311,0.3749,0.4057,0.4104
0.7315,0.7428,0.7428,0.9663,0.8192,0.8402,0.8448,0.6063,0.9292,0.7259,0.7704,0.7704,0.912,0.7879,0.7932,0.7043,0.8016,2.3832,0.7318,0.3863,0.4325,0.498
0.8086,0.8388,0.8388,0.8522,0.7468,0.8415,0.8424,0.6205,0.9316,0.8186,0.6972,0.6972,0.9048,0.7681,0.7262,0.6855,0.8307,2.4325,0.7012,0.3719,0.499,0.5388
0.8492,0.882,0.882,0.7152,0.6297,0.7981,0.792,0.5719,0.8832,0.8834,0.6072,0.6072,0.846,0.6845,0.6141,0.571,0.8034,2.3401,0.6279,0.3232,0.5259,0.5388
0.8345,0.876,0.876,0.5611,0.4567,0.7036,0.6696,0.4888,0.7822,0.8772,0.4452,0.4452,0.7332,0.5433,0.4171,0.3837,0.7211,2.1165,0.5101,0.2697,0.4598,0.516
0.746,0.8196,0.8196,0.3639,0.2627,0.5623,0.4956,0.3685,0.6294,0.7481,0.2556,0.2556,0.5688,0.3575,0.2166,0.2246,0.5576,1.7373,0.3416,0.1962,0.3952,0.4308
0.5983,0.7092,0.7092,0.1714,0.1002,0.3746,0.2904,0.245,0.4312,0.6469,0.0804,0.0804,0.3612,0.1573,0.0676,0.1036,0.3917,1.2276,0.1783,0.1149,0.3702,0.3108
0.3998,0.5472,0.5472,0.026,0.0085,0.1682,0.0936,0.112,0.2097,0.567,0.0048,0.0048,0.1452,0.0239,0.0053,0.0279,0.2512,0.6554,0.0415,0.0412,0.3223,0.162
0.1991,0.3408,0.3408,0.0001,0,0.024,0.0036,0.0141,0.0388,0.4094,0,0,0.018,0,0,7.00E-04,0.1217,0.1596,0,8.00E-04,0.1886,0.0324
0.0639,0.1236,0.1236,0,0,0,0,0,2.00E-04,0.1956,0,0,0,0,0,0,0.0228,0.0041,0,0,0.0459,0
0.0011,0.006,0.006,0,0,0,0,0,0,0.0375,0,0,0,0,0,0,0,0,0,0,2.00E-04,0
0,0,0,0,0,0,0,0,0,0,0,0,0,0,0,0,0,0,0,0,0,0
0,0,0,0,0,0,0,0,0,0,0,0,0,0,0,0,0,0,0,0,0,0
0,0,0,0,0,0,0,0,0,0,0,0,0,0,0,0,0,0,0,0,0,0
0,0,0,0,0,0,0,0,0,0,0,0,0,0,0,0,0,0,0,0,0,0
0,0,0,0,0,0,0,0,0,0,0,0,0,0,0,0,0,0,0,0,0,0
0,0,0,0,0,0,0,0,0,0,0,0,0,0,0,0,0,0,0,0,0,0
0,0,0,0,0,0,0,0,0,0,0,0,0,0,0,0,0,0,0,0,0,0
0,0,0,0,0.0374,0,0.0012,0,0,0,0.024,0.024,0,0.0046,0.0148,0.0032,0,0,0,1.00E-04,0,0
0,0,0,0.0405,0.1792,0.0259,0.0552,0.0034,0.0191,0,0.1176,0.1176,0.0384,0.0578,0.0956,0.0646,0,0.0082,0.0677,0.0362,0,0
4.00E-04,0,0,0.1566,0.3883,0.1599,0.2748,0.0727,0.1444,8.00E-04,0.2472,0.2472,0.1968,0.1519,0.2235,0.211,0.0216,0.2173,0.2213,0.1719,0.0015,0.0336
0.0417,0.012,0.012,0.293,0.5794,0.3873,0.5052,0.1912,0.3737,0.0269,0.378,0.378,0.426,0.2556,0.3593,0.3736,0.1531,0.7829,0.3768,0.3558,0.0618,0.1284
0.1686,0.1524,0.1524,0.4107,0.7154,0.5872,0.6936,0.3171,0.5803,0.139,0.4788,0.4788,0.6276,0.347,0.4715,0.5225,0.3019,1.368,0.5154,0.5138,0.237,0.2352
0.3373,0.384,0.384,0.5228,0.7717,0.7434,0.8268,0.412,0.7388,0.2884,0.5316,0.5316,0.7776,0.4319,0.5427,0.6262,0.3907,1.8126,0.6109,0.6435,0.436,0.3168
0.4833,0.5844,0.5844,0.5934,0.7908,0.8474,0.9048,0.483,0.8431,0.4389,0.5208,0.5208,0.8736,0.4613,0.565,0.6816,0.495,2.1487,0.6331,0.7318,0.6067,0.3804
0.6,0.7296,0.7296,0.6179,0.7632,0.8935,0.9288,0.5164,0.8936,0.6009,0.5316,0.5316,0.9144,0.4645,0.5601,0.6816,0.6669,2.3466,0.6179,0.7541,0.7313,0.4128
0.7007,0.8244,0.8244,0.6103,0.6854,0.8883,0.9012,0.5091,0.8932,0.7375,0.5436,0.5436,0.9036,0.4287,0.5298,0.6338,0.7439,2.3836,0.5662,0.7427,0.7976,0.4056
0.7965,0.8676,0.8676,0.5307,0.5851,0.8333,0.822,0.4782,0.8428,0.8305,0.5016,0.5016,0.8412,0.3422,0.4622,0.5504,0.6711,2.2701,0.4899,0.6793,0.8144,0.3684
0.8313,0.8616,0.8616,0.4031,0.4463,0.7276,0.69,0.4271,0.7421,0.855,0.384,0.384,0.726,0.2251,0.3482,0.4353,0.509,2.0223,0.3754,0.5554,0.783,0.3144
0.7857,0.8028,0.8028,0.2412,0.2716,0.5721,0.5088,0.3555,0.5926,0.8225,0.2352,0.2352,0.5604,0.1263,0.2239,0.3037,0.3472,1.6446,0.2611,0.4086,0.7014,0.2472
0.6659,0.6972,0.6972,0.1122,0.1103,0.3737,0.2916,0.2513,0.4011,0.7298,0.1128,0.1128,0.3528,0.0422,0.1139,0.1689,0.2315,1.1663,0.1413,0.2479,0.5769,0.1728
0.4965,0.5352,0.5352,0.0142,0.0112,0.162,0.0864,0.1116,0.1928,0.5874,0.0156,0.0156,0.1392,0.0037,0.0211,0.0443,0.1603,0.6102,0.0324,0.0897,0.4073,0.084
0.2868,0.3348,0.3348,0.0001,0,0.026,0.0024,0.0122,0.0401,0.4083,0,0,0.018,0,0,7.00E-04,0.077,0.1629,0,0.0035,0.212,0.0144
0.0835,0.1212,0.1212,0,0,0,0,0,2.00E-04,0.2107,0,0,0,0,0,0,0.0085,0.0047,0,0,0.0473,0
0.0025,0.006,0.006,0,0,0,0,0,0,0.0512,0,0,0,0,0,0,0,0,0,0,2.00E-04,0
0,0,0,0,0,0,0,0,0,0,0,0,0,0,0,0,0,0,0,0,0,0
0,0,0,0,0,0,0,0,0,0,0,0,0,0,0,0,0,0,0,0,0,0
0,0,0,0,0,0,0,0,0,0,0,0,0,0,0,0,0,0,0,0,0,0
0,0,0,0,0,0,0,0,0,0,0,0,0,0,0,0,0,0,0,0,0,0
0,0,0,0,0,0,0,0,0,0,0,0,0,0,0,0,0,0,0,0,0,0
0,0,0,0,0,0,0,0,0,0,0,0,0,0,0,0,0,0,0,0,0,0
0,0,0,0,0,0,0,0,0,0,0,0,0,0,0,0,0,0,0,0,0,0
0,0,0,0,0.0373,0,0.0012,0,0,0,0.0312,0.0312,0,0,0.0206,0.0063,0,0,0,0,0,0
0,0,0,0.0476,0.203,0.026,0.0576,0.0043,0.02,0,0.1644,0.1644,0.0384,0.0125,0.1261,0.0738,0,0.0085,0.0264,0.0339,0,0
4.00E-04,0,0,0.2327,0.4305,0.1555,0.2676,0.0944,0.1405,7.00E-04,0.3504,0.3504,0.1908,0.041,0.271,0.2102,0.018,0.2146,0.0915,0.1735,0.0016,0.048
0.0459,0.0132,0.0132,0.4739,0.624,0.3489,0.4884,0.257,0.3526,0.0266,0.4956,0.4956,0.4056,0.0789,0.4,0.3539,0.1538,0.682,0.1869,0.3695,0.0594,0.1812
0.2295,0.1488,0.1488,0.722,0.766,0.5321,0.672,0.4172,0.5501,0.128,0.5964,0.5964,0.5952,0.1484,0.5062,0.4833,0.3783,1.1909,0.2985,0.5495,0.2431,0.3228
0.4464,0.3696,0.3696,0.9439,0.8514,0.6685,0.8028,0.5561,0.7028,0.2983,0.6432,0.6432,0.7404,0.1953,0.5746,0.5822,0.5704,1.5765,0.3554,0.6816,0.4486,0.456
0.6294,0.5544,0.5544,1.1296,0.8841,0.7412,0.8772,0.6422,0.8073,0.3802,0.6696,0.6696,0.8316,0.2024,0.6295,0.6597,0.7346,1.8221,0.3694,0.7653,0.6197,0.5616
0.7607,0.6984,0.6984,1.2324,0.863,0.7633,0.8988,0.6745,0.8557,0.4663,0.6828,0.6828,0.87,0.2168,0.647,0.6834,0.8425,1.9641,0.3548,0.798,0.7399,0.6144
0.841,0.7896,0.7896,1.2344,0.7781,0.7405,0.8688,0.669,0.8424,0.5707,0.6552,0.6552,0.8592,0.2232,0.5958,0.6376,0.8929,2.033,0.3215,0.7871,0.8052,0.6204
0.8577,0.8352,0.8352,1.1003,0.6506,0.6865,0.7884,0.6208,0.7621,0.6539,0.564,0.564,0.798,0.1932,0.4873,0.54,0.8775,1.9645,0.2657,0.7277,0.8189,0.576
0.8276,0.8328,0.8328,0.8822,0.4868,0.6054,0.6576,0.5432,0.6263,0.6632,0.4248,0.4248,0.6852,0.1527,0.3506,0.4115,0.7869,1.6254,0.1975,0.6135,0.7859,0.5088
0.7371,0.7776,0.7776,0.6112,0.2869,0.494,0.48,0.4266,0.4908,0.6321,0.2196,0.2196,0.5256,0.1005,0.199,0.283,0.6552,1.2306,0.1336,0.4649,0.7086,0.402
0.6208,0.6816,0.6816,0.2943,0.1042,0.3439,0.2736,0.2796,0.3208,0.5821,0.0912,0.0912,0.33,0.045,0.0865,0.1494,0.4898,0.8796,0.0617,0.2753,0.5878,0.2616
0.4626,0.528,0.528,0.0433,0.009,0.1548,0.084,0.1227,0.1652,0.4342,0.012,0.012,0.1332,0.0051,0.0136,0.0373,0.3058,0.4875,0.0108,0.0957,0.4156,0.1296
0.2697,0.3276,0.3276,0.0002,0,0.0249,0.0024,0.0145,0.0369,0.2995,0,0,0.0168,0,0,7.00E-04,0.136,0.1321,0,0.0036,0.2163,0.0228
0.0812,0.12,0.12,0,0,0,0,0,2.00E-04,0.1483,0,0,0,0,0,0,0.0205,0.0049,0,0,0.0464,0
0.0014,0.006,0.006,0,0,0,0,0,0,0.0367,0,0,0,0,0,0,0,0,0,0,2.00E-04,0
0,0,0,0,0,0,0,0,0,0,0,0,0,0,0,0,0,0,0,0,0,0
0,0,0,0,0,0,0,0,0,0,0,0,0,0,0,0,0,0,0,0,0,0
0,0,0,0,0,0,0,0,0,0,0,0,0,0,0,0,0,0,0,0,0,0
0,0,0,0,0,0,0,0,0,0,0,0,0,0,0,0,0,0,0,0,0,0
0,0,0,0,0,0,0,0,0,0,0,0,0,0,0,0,0,0,0,0,0,0
0,0,0,0,0,0,0,0,0,0,0,0,0,0,0,0,0,0,0,0,0,0
0,0,0,0,0,0,0,0,0,0,0,0,0,0,0,0,0,0,0,0,0,0
0,0,0,0,0.0387,0,0,0,0,0,0.018,0.018,0,0.0011,0.0112,0.0035,0,0,0,0,0,0
0,0,0,0.0927,0.1745,0.0273,0.0636,0.0025,0.0173,0,0.1032,0.1032,0.0408,0.0359,0.0856,0.0608,0,0.0059,0.0434,0.0356,0,0
4.00E-04,0,0,0.3847,0.3598,0.1572,0.2292,0.0754,0.1093,6.00E-04,0.2268,0.2268,0.1932,0.0958,0.1959,0.1844,0.0157,0.2211,0.1505,0.1856,0.0019,0.0588
0.0484,0.0132,0.0132,0.7382,0.5356,0.3469,0.4344,0.2116,0.2477,0.0276,0.3396,0.3396,0.4068,0.1565,0.3099,0.3274,0.1514,0.6965,0.2782,0.3934,0.0586,0.2208
0.2055,0.1476,0.1476,1.0582,0.6717,0.5083,0.612,0.3502,0.4039,0.1498,0.4152,0.4152,0.582,0.2063,0.412,0.4602,0.3818,1.205,0.3931,0.5743,0.242,0.3984
0.4109,0.3696,0.3696,1.2704,0.7427,0.618,0.7188,0.4721,0.5234,0.3407,0.4572,0.4572,0.6828,0.249,0.4984,0.5773,0.5762,1.6649,0.5055,0.714,0.4443,0.5604
0.6001,0.5676,0.5676,1.3746,0.7376,0.667,0.756,0.5594,0.5918,0.5415,0.4572,0.4572,0.6972,0.2973,0.5489,0.6623,0.7358,1.9646,0.5655,0.8025,0.6113,0.6792
0.7428,0.7164,0.7164,1.4156,0.6773,0.6931,0.7284,0.5969,0.6417,0.6724,0.4272,0.4272,0.66,0.3587,0.5533,0.7018,0.8413,2.1732,0.5672,0.8349,0.7307,0.738
0.8236,0.8184,0.8184,1.3706,0.5574,0.7008,0.7464,0.5498,0.6839,0.7587,0.3864,0.3864,0.6036,0.3918,0.5421,0.7025,0.8986,2.2578,0.5251,0.8191,0.8002,0.7548
0.8517,0.8616,0.8616,1.2268,0.414,0.6612,0.7056,0.4843,0.6532,0.8045,0.3672,0.3672,0.5664,0.3038,0.4915,0.612,0.8962,2.1395,0.4504,0.753,0.8205,0.7188
0.8321,0.8556,0.8556,0.9918,0.2824,0.5425,0.5292,0.4124,0.5753,0.8127,0.3444,0.3444,0.4464,0.2325,0.4114,0.4782,0.8422,1.9337,0.3632,0.6387,0.7863,0.6372
0.7582,0.7992,0.7992,0.6631,0.1801,0.3829,0.378,0.3148,0.4588,0.7762,0.2412,0.2412,0.27,0.1548,0.2776,0.3122,0.7485,1.5961,0.2574,0.4747,0.6972,0.5016
0.6361,0.6912,0.6912,0.3197,0.0804,0.2548,0.2424,0.2172,0.3221,0.6814,0.1104,0.1104,0.1884,0.083,0.1309,0.1531,0.5901,1.1643,0.1315,0.2795,0.5639,0.3456
0.4583,0.5316,0.5316,0.0453,0.008,0.1222,0.0816,0.1064,0.1586,0.5439,0.0156,0.0156,0.0924,0.0123,0.0212,0.0355,0.3838,0.6443,0.0278,0.0933,0.3912,0.1752
0.2594,0.3288,0.3288,0.0002,0,0.0188,0.0012,0.0138,0.0324,0.3701,0,0,0.0084,0,0,1.00E-04,0.1572,0.1645,0,0.003,0.2,0.0312
0.0786,0.1188,0.1188,0,0,0,0,0,2.00E-04,0.1818,0,0,0,0,0,0,0.0216,0.0047,0,0,0.0451,0
0.0013,0.006,0.006,0,0,0,0,0,0,0.0434,0,0,0,0,0,0,0,0,0,0,2.00E-04,0
0,0,0,0,0,0,0,0,0,0,0,0,0,0,0,0,0,0,0,0,0,0
0,0,0,0,0,0,0,0,0,0,0,0,0,0,0,0,0,0,0,0,0,0
0,0,0,0,0,0,0,0,0,0,0,0,0,0,0,0,0,0,0,0,0,0
0,0,0,0,0,0,0,0,0,0,0,0,0,0,0,0,0,0,0,0,0,0
0,0,0,0,0,0,0,0,0,0,0,0,0,0,0,0,0,0,0,0,0,0
0,0,0,0,0,0,0,0,0,0,0,0,0,0,0,0,0,0,0,0,0,0
0,0,0,0,0,0,0,0,0,0,0,0,0,0,0,0,0,0,0,0,0,0
0,0,0,0,0.0382,0,0,0,0,0,0.0228,0.0228,0,0.0069,0.0166,0.0075,0,0,0,1.00E-04,0,0
0,0,0,0.0998,0.1878,0.0212,0.012,0.0034,0.0168,0,0.1572,0.1572,0.0372,0.0937,0.1406,0.0872,0,0.0071,0.0454,0.0329,0,0
4.00E-04,0,0,0.3984,0.3995,0.1344,0.0468,0.0901,0.1264,6.00E-04,0.354,0.354,0.1812,0.2231,0.3344,0.2312,0.0157,0.2214,0.151,0.1729,0.0017,0.0576
0.0468,0.012,0.012,0.7216,0.5888,0.3062,0.0924,0.2508,0.3017,0.0266,0.5436,0.5436,0.3408,0.3768,0.5225,0.4065,0.1502,0.8013,0.2623,0.3535,0.0594,0.2316
0.2212,0.1476,0.1476,0.9742,0.7319,0.4207,0.1272,0.4065,0.4709,0.118,0.6936,0.6936,0.3996,0.5284,0.6709,0.5952,0.3759,1.4251,0.3585,0.5333,0.2354,0.4164
0.4367,0.366,0.366,1.1194,0.8237,0.4841,0.1992,0.5285,0.5976,0.2474,0.7896,0.7896,0.3528,0.6818,0.7673,0.7056,0.5786,1.9359,0.4264,0.6665,0.4098,0.5664
0.621,0.5604,0.5604,1.2206,0.8575,0.551,0.2844,0.6074,0.6689,0.3584,0.8232,0.8232,0.3288,0.7457,0.8063,0.7566,0.7357,2.2884,0.435,0.7335,0.5682,0.6744
0.7534,0.6996,0.6996,1.2093,0.8314,0.6123,0.3228,0.6391,0.6809,0.4477,0.7872,0.7872,0.3684,0.7493,0.7936,0.7369,0.8377,2.4947,0.4145,0.7536,0.7283,0.738
0.8323,0.7992,0.7992,1.1402,0.7337,0.6462,0.2796,0.6273,0.6287,0.5733,0.7212,0.7212,0.438,0.7338,0.7314,0.6519,0.8819,2.5397,0.3811,0.7134,0.7994,0.756
0.8583,0.828,0.828,1.0016,0.5989,0.6416,0.2496,0.5515,0.6062,0.6414,0.612,0.612,0.456,0.5986,0.6298,0.5551,0.8617,2.428,0.4074,0.6341,0.8187,0.7068
0.8356,0.8208,0.8208,0.7616,0.4129,0.5681,0.2088,0.4661,0.5491,0.6662,0.438,0.438,0.3744,0.4579,0.4531,0.4213,0.8077,2.1916,0.3264,0.524,0.7925,0.6348
0.7675,0.7584,0.7584,0.4937,0.2491,0.4426,0.1572,0.3635,0.4381,0.6719,0.282,0.282,0.2676,0.2891,0.2745,0.258,0.6769,1.8083,0.2139,0.3932,0.7191,0.5292
0.6469,0.6552,0.6552,0.2162,0.095,0.2714,0.06,0.2415,0.3074,0.5983,0.1164,0.1164,0.1284,0.1223,0.1171,0.1204,0.501,1.2782,0.085,0.2334,0.594,0.3636
0.4778,0.5088,0.5088,0.0261,0.0073,0.1139,0.0132,0.1044,0.1488,0.4784,0.0132,0.0132,0.0312,0.0166,0.0155,0.0237,0.2854,0.6759,0.0108,0.0864,0.4203,0.1812
0.2737,0.3168,0.3168,0.0002,0,0.0166,0,0.012,0.0339,0.3479,0,0,0,0,0,1.00E-04,0.1038,0.1638,0,0.0026,0.2162,0.0312
0.0793,0.1164,0.1164,0,0,0,0,0,2.00E-04,0.1973,0,0,0,0,0,0,0.0119,0.0043,0,0,0.0439,0
0.0014,0.0048,0.0048,0,0,0,0,0,0,0.0432,0,0,0,0,0,0,0,0,0,0,1.00E-04,0
0,0,0,0,0,0,0,0,0,0,0,0,0,0,0,0,0,0,0,0,0,0
0,0,0,0,0,0,0,0,0,0,0,0,0,0,0,0,0,0,0,0,0,0
0,0,0,0,0,0,0,0,0,0,0,0,0,0,0,0,0,0,0,0,0,0
0,0,0,0,0,0,0,0,0,0,0,0,0,0,0,0,0,0,0,0,0,0
0,0,0,0,0,0,0,0,0,0,0,0,0,0,0,0,0,0,0,0,0,0
0,0,0,0,0,0,0,0,0,0,0,0,0,0,0,0,0,0,0,0,0,0
0,0,0,0,0,0,0,0,0,0,0,0,0,0,0,0,0,0,0,0,0,0
0,0,0,0,0.0361,0,0,0,0,0,0.006,0.006,0,0.0034,0.0032,5.00E-04,0,0,0,1.00E-04,0,0
0,0,0,0.0594,0.1433,0.0231,0.0276,0.0034,0.0095,0,0.0492,0.0492,0.0336,0.0515,0.0382,0.0341,0,0.006,0.0468,0.0268,0,0
4.00E-04,0,0,0.2252,0.2697,0.132,0.0984,0.0937,0.0978,6.00E-04,0.1032,0.1032,0.1344,0.1079,0.093,0.1173,0.0157,0.2162,0.1746,0.1211,0.0016,0.054
0.0453,0.0132,0.0132,0.3788,0.3266,0.3303,0.1992,0.2688,0.2791,0.024,0.1656,0.1656,0.27,0.1687,0.1545,0.2256,0.1513,0.8128,0.3184,0.2696,0.0567,0.2052
0.2183,0.1392,0.1392,0.5423,0.3444,0.5083,0.3288,0.438,0.4769,0.141,0.2136,0.2136,0.384,0.2278,0.2338,0.3607,0.3791,1.4524,0.4209,0.5005,0.2435,0.3504
0.4311,0.3456,0.3456,0.7024,0.3691,0.6734,0.4368,0.5727,0.6295,0.3582,0.2556,0.2556,0.5496,0.2867,0.2878,0.456,0.581,1.9832,0.5055,0.693,0.454,0.4896
0.6118,0.5436,0.5436,0.7707,0.351,0.7833,0.5892,0.66,0.7495,0.566,0.2676,0.2676,0.6864,0.3752,0.3493,0.5496,0.7274,2.3552,0.545,0.7819,0.6276,0.5892
0.7351,0.702,0.702,0.7973,0.3169,0.7658,0.6408,0.7045,0.8571,0.7321,0.2556,0.2556,0.5988,0.4601,0.3715,0.6005,0.8056,2.5706,0.5576,0.7963,0.7489,0.6684
0.8044,0.804,0.804,0.7527,0.2446,0.7183,0.6444,0.6903,0.8816,0.8383,0.2328,0.2328,0.5088,0.4137,0.3809,0.6169,0.8217,2.6239,0.5177,0.7893,0.8188,0.7356
0.7991,0.852,0.852,0.6495,0.1955,0.6549,0.6192,0.5968,0.8405,0.8959,0.2772,0.2772,0.4584,0.3235,0.4036,0.5716,0.7539,2.5284,0.4388,0.7098,0.8368,0.7452
0.7531,0.8508,0.8508,0.4479,0.1477,0.5752,0.51,0.4861,0.7422,0.9097,0.3192,0.3192,0.3864,0.2288,0.3901,0.4803,0.6476,2.2831,0.3435,0.5905,0.806,0.6912
0.6971,0.798,0.798,0.2425,0.1048,0.461,0.3432,0.3522,0.5926,0.8637,0.2556,0.2556,0.2988,0.1449,0.2611,0.3149,0.4847,1.8749,0.2198,0.4362,0.7225,0.5556
0.5988,0.69,0.69,0.0962,0.0479,0.3141,0.1776,0.2136,0.401,0.757,0.1092,0.1092,0.1884,0.065,0.1121,0.15,0.2817,1.326,0.1052,0.2671,0.593,0.378
0.4531,0.5304,0.5304,0.0096,0.004,0.144,0.0624,0.0961,0.194,0.5962,0.0084,0.0084,0.0876,0.0058,0.0123,0.0332,0.1599,0.6922,0.0199,0.0888,0.4157,0.1812
0.2734,0.3264,0.3264,0.0001,0,0.0198,0,0.0123,0.036,0.4008,0,0,0.0084,0,0,2.00E-04,0.0643,0.1638,0,0.0023,0.213,0.0288
0.0789,0.1164,0.1164,0,0,0,0,0,0,0.1937,0,0,0,0,0,0,0.0072,0.0038,0,0,0.0429,0
0.0013,0.0048,0.0048,0,0,0,0,0,0,0.0416,0,0,0,0,0,0,0,0,0,0,1.00E-04,0
0,0,0,0,0,0,0,0,0,0,0,0,0,0,0,0,0,0,0,0,0,0
0,0,0,0,0,0,0,0,0,0,0,0,0,0,0,0,0,0,0,0,0,0
0,0,0,0,0,0,0,0,0,0,0,0,0,0,0,0,0,0,0,0,0,0
0,0,0,0,0,0,0,0,0,0,0,0,0,0,0,0,0,0,0,0,0,0
0,0,0,0,0,0,0,0,0,0,0,0,0,0,0,0,0,0,0,0,0,0
0,0,0,0,0,0,0,0,0,0,0,0,0,0,0,0,0,0,0,0,0,0
0,0,0,0,0,0,0,0,0,0,0,0,0,0,0,0,0,0,0,0,0,0
0,0,0,0,0.0168,0,0,0,0,0,0.0108,0.0108,0,0.0023,0.0087,0.0036,0,0,0,0,0,0
0,0,0,0.0381,0.0787,0.0235,0.0408,0.001,0.0157,0,0.0804,0.0804,0.0348,0.0598,0.0757,0.0634,0,0.0047,0.0324,0.0266,0,0
0,0,0,0.1759,0.1526,0.157,0.1536,0.0481,0.1258,2.00E-04,0.18,0.18,0.1932,0.1667,0.1702,0.1864,0.0156,0.2182,0.1532,0.1886,0.0015,0.0492
0.0467,0.012,0.012,0.3542,0.2331,0.3805,0.3132,0.1617,0.3327,0.0194,0.2604,0.2604,0.4248,0.2856,0.2534,0.319,0.1431,0.783,0.2666,0.4061,0.0567,0.2064
0.2151,0.1428,0.1428,0.5275,0.3081,0.5895,0.5148,0.2837,0.5393,0.1388,0.3372,0.3372,0.6288,0.3831,0.3421,0.4514,0.3427,1.394,0.3644,0.5979,0.2378,0.4068
0.4294,0.3648,0.3648,0.6973,0.368,0.7483,0.69,0.4025,0.7191,0.3409,0.444,0.444,0.7752,0.4129,0.4093,0.4995,0.5738,1.9168,0.4337,0.7396,0.4471,0.5856
0.6199,0.5628,0.5628,0.8231,0.4111,0.8352,0.8148,0.4875,0.8428,0.5525,0.4608,0.4608,0.8304,0.4225,0.4267,0.5156,0.7428,2.2779,0.4851,0.8288,0.6217,0.7128
0.7514,0.7116,0.7116,0.9002,0.4042,0.8843,0.8412,0.5536,0.9029,0.7267,0.4176,0.4176,0.8784,0.4348,0.4057,0.4752,0.8415,2.41,0.4566,0.8658,0.7437,0.7836
0.8055,0.8112,0.8112,0.855,0.3686,0.8899,0.7836,0.5735,0.9029,0.8615,0.4116,0.4116,0.9048,0.3765,0.4368,0.4814,0.8591,2.369,0.437,0.8483,0.7997,0.8016
0.8052,0.8544,0.8544,0.7779,0.3342,0.8281,0.6348,0.559,0.8396,0.9189,0.3468,0.3468,0.8508,0.2846,0.4257,0.5007,0.7453,2.2565,0.3948,0.7814,0.8173,0.7476
0.7666,0.8412,0.8412,0.6235,0.241,0.712,0.456,0.4825,0.722,0.9243,0.2436,0.2436,0.7344,0.1865,0.3149,0.4105,0.6363,2.0785,0.3045,0.6637,0.787,0.6756
0.7031,0.7752,0.7752,0.4182,0.1478,0.5396,0.3444,0.3785,0.4951,0.8753,0.1236,0.1236,0.564,0.1109,0.1716,0.2689,0.5132,1.6204,0.2011,0.4974,0.7168,0.5412
0.5907,0.6744,0.6744,0.1905,0.0553,0.3369,0.1992,0.2445,0.2539,0.7748,0.0348,0.0348,0.3516,0.0466,0.0711,0.1502,0.3963,1.0884,0.1003,0.2956,0.5877,0.3648
0.4374,0.516,0.516,0.022,0.0027,0.1446,0.0708,0.1033,0.1075,0.6209,0.0012,0.0012,0.1344,0.0027,0.009,0.0354,0.263,0.5442,0.0143,0.0953,0.4087,0.1632
0.2567,0.312,0.312,0.0002,0,0.0213,0,0.0121,0.02,0.4224,0,0,0.012,0,0,2.00E-04,0.1227,0.1375,0,0.0031,0.1938,0.0264
0.076,0.1116,0.1116,0,0,0,0,0,2.00E-04,0.2037,0,0,0,0,0,0,0.0168,0.0032,0,0,0.0411,0
5.00E-04,0.0036,0.0036,0,0,0,0,0,0,0.0393,0,0,0,0,0,0,0,0,0,0,1.00E-04,0
0,0,0,0,0,0,0,0,0,0,0,0,0,0,0,0,0,0,0,0,0,0
0,0,0,0,0,0,0,0,0,0,0,0,0,0,0,0,0,0,0,0,0,0
0,0,0,0,0,0,0,0,0,0,0,0,0,0,0,0,0,0,0,0,0,0
0,0,0,0,0,0,0,0,0,0,0,0,0,0,0,0,0,0,0,0,0,0
0,0,0,0,0,0,0,0,0,0,0,0,0,0,0,0,0,0,0,0,0,0
0,0,0,0,0,0,0,0,0,0,0,0,0,0,0,0,0,0,0,0,0,0
0,0,0,0,0,0,0,0,0,0,0,0,0,0,0,0,0,0,0,0,0,0
0,0,0,0,0.0141,0,0,0,0,0,0.0072,0.0072,0,0.0011,0.0068,0.0034,0,0,0,0,0,0
0,0,0,0.0689,0.0769,0.0229,0.0624,0.0028,0.0123,0,0.0732,0.0732,0.0348,0.0396,0.0807,0.0712,0,0.0012,0.0553,0.0284,0,0
0,0,0,0.2756,0.1584,0.1379,0.2508,0.0915,0.0844,5.00E-04,0.204,0.204,0.1644,0.112,0.2194,0.2255,0.012,0.1818,0.2143,0.1981,0.0015,0.054
0.0462,0.012,0.012,0.5109,0.2429,0.3033,0.4752,0.2709,0.2013,0.0207,0.3492,0.3492,0.3132,0.1936,0.3829,0.4161,0.1502,0.6422,0.3889,0.4274,0.0562,0.228
0.2143,0.1392,0.1392,0.6959,0.339,0.4414,0.6708,0.4598,0.3164,0.1505,0.5016,0.5016,0.3648,0.2495,0.5404,0.5833,0.3902,1.1662,0.5537,0.6171,0.2235,0.4188
0.4138,0.36,0.36,0.8348,0.392,0.5146,0.798,0.6221,0.3973,0.3708,0.6096,0.6096,0.3204,0.3036,0.6417,0.687,0.6062,1.6121,0.6862,0.7573,0.4043,0.5748
0.5944,0.5544,0.5544,0.9416,0.3876,0.5625,0.8556,0.7333,0.4287,0.5804,0.6684,0.6684,0.3756,0.3458,0.6891,0.7315,0.7717,1.9248,0.7747,0.8452,0.5684,0.678
0.7238,0.7032,0.7032,0.9854,0.3712,0.6304,0.7812,0.7918,0.4043,0.7436,0.6708,0.6708,0.5148,0.3819,0.6876,0.7371,0.8772,2.1718,0.8093,0.8771,0.6905,0.7296
0.8142,0.8064,0.8064,0.9639,0.3489,0.7109,0.7356,0.7954,0.3849,0.8434,0.5412,0.5412,0.6648,0.3766,0.6175,0.7222,0.93,2.3089,0.7868,0.843,0.7827,0.7416
0.804,0.8508,0.8508,0.8819,0.3001,0.7102,0.708,0.7482,0.3318,0.8937,0.4572,0.4572,0.7176,0.313,0.5472,0.6542,0.9252,2.169,0.7105,0.748,0.813,0.6984
0.7497,0.846,0.846,0.7181,0.2479,0.6257,0.5616,0.6345,0.3098,0.8934,0.3336,0.3336,0.6132,0.2514,0.4263,0.4909,0.8664,1.9848,0.5701,0.5545,0.7832,0.6288
0.6753,0.7932,0.7932,0.489,0.1616,0.4579,0.3744,0.4681,0.2709,0.852,0.2064,0.2064,0.456,0.1876,0.2793,0.2955,0.7559,1.5706,0.3835,0.3337,0.6936,0.5112
0.5775,0.6852,0.6852,0.2353,0.0718,0.2745,0.1728,0.3055,0.1881,0.7504,0.096,0.096,0.2652,0.104,0.1273,0.1603,0.5904,1.087,0.187,0.1941,0.5686,0.3492
0.4266,0.5256,0.5256,0.0314,0.0048,0.1202,0.0312,0.1326,0.094,0.5991,0.0108,0.0108,0.1128,0.0133,0.0175,0.0382,0.3792,0.5727,0.0325,0.0788,0.4008,0.1692
0.2472,0.324,0.324,0.0002,0,0.0178,0,0.013,0.0181,0.4046,0,0,0.0108,0,0,2.00E-04,0.1584,0.1424,0,0.002,0.2053,0.0264
0.0731,0.1152,0.1152,0,0,0,0,0,2.00E-04,0.1954,0,0,0,0,0,0,0.0157,0.0032,0,0,0.0412,0
3.00E-04,0.0036,0.0036,0,0,0,0,0,0,0.0381,0,0,0,0,0,0,0,0,0,0,1.00E-04,0
0,0,0,0,0,0,0,0,0,0,0,0,0,0,0,0,0,0,0,0,0,0
0,0,0,0,0,0,0,0,0,0,0,0,0,0,0,0,0,0,0,0,0,0
0,0,0,0,0,0,0,0,0,0,0,0,0,0,0,0,0,0,0,0,0,0
0,0,0,0,0,0,0,0,0,0,0,0,0,0,0,0,0,0,0,0,0,0
0,0,0,0,0,0,0,0,0,0,0,0,0,0,0,0,0,0,0,0,0,0
0,0,0,0,0,0,0,0,0,0,0,0,0,0,0,0,0,0,0,0,0,0
0,0,0,0,0,0,0,0,0,0,0,0,0,0,0,0,0,0,0,0,0,0
0,0,0,0,0.0317,0,0,0,0,0,0.018,0.018,0,0.0069,0.013,0.0052,0,0,0,1.00E-04,0,0
0,0,0,0.0736,0.1894,0.0094,0.0648,6.00E-04,0.0102,0,0.1464,0.1464,0.006,0.1045,0.1322,0.0976,0,1.80E-03,0.0612,0.0304,0,0
0,0,0,0.3124,0.4174,0.0839,0.246,0.0546,0.1057,5.00E-04,0.36,0.36,0.0528,0.3211,0.3372,0.2912,0.0157,0.1955,0.2581,0.1834,0.0013,0.0456
0.0376,0.0108,0.0108,0.5509,0.6143,0.1957,0.4296,0.1834,0.2821,0.0193,0.5808,0.5808,0.15,0.5394,0.5468,0.4845,0.1491,0.7561,0.4688,0.3732,0.0549,0.1956
0.1764,0.1416,0.1416,0.8041,0.7659,0.2978,0.6048,0.3367,0.4674,0.1435,0.744,0.744,0.2124,0.7089,0.7015,0.6346,0.3235,1.3895,0.6505,0.4801,0.2262,0.3732
0.3464,0.3288,0.3288,0.9661,0.8606,0.3806,0.72,0.4677,0.6046,0.359,0.8352,0.8352,0.198,0.8201,0.788,0.7215,0.5062,1.9256,0.7735,0.4716,0.4199,0.5436
0.5028,0.48,0.48,1.033,0.8954,0.4454,0.5904,0.5709,0.684,0.559,0.8328,0.8328,0.2592,0.8783,0.8007,0.7452,0.6354,2.2945,0.8467,0.477,0.5936,0.6828
0.6529,0.612,0.612,1.0413,0.8589,0.5461,0.5232,0.6311,0.7371,0.7059,0.7872,0.7872,0.3732,0.8769,0.7878,0.776,0.53,2.4961,0.8635,0.4276,0.716,0.75
0.6757,0.7356,0.7356,0.9488,0.7521,0.5882,0.4692,0.6539,0.7709,0.8367,0.6444,0.6444,0.4596,0.8281,0.6982,0.7521,0.3204,2.5577,0.8257,0.3211,0.7822,0.7584
0.6416,0.8208,0.8208,0.7721,0.5814,0.5798,0.3732,0.6333,0.7437,0.9126,0.4992,0.4992,0.504,0.7075,0.583,0.6262,0.3034,2.466,0.7375,0.3035,0.8045,0.7188
0.6232,0.8376,0.8376,0.5416,0.3846,0.5132,0.216,0.5478,0.6706,0.9109,0.4068,0.4068,0.4116,0.5476,0.4642,0.4749,0.2987,2.2491,0.5965,0.2492,0.7762,0.6336
0.5603,0.7944,0.7944,0.3199,0.2066,0.4014,0.1524,0.427,0.544,0.8531,0.2436,0.2436,0.2808,0.3431,0.2825,0.2859,0.2488,1.8547,0.4063,0.1785,0.7005,0.5028
0.4755,0.6852,0.6852,0.1532,0.0836,0.2754,0.0888,0.264,0.3695,0.743,0.1164,0.1164,0.1812,0.1402,0.1332,0.1357,0.18,1.3098,0.1981,0.1075,0.5721,0.342
0.3694,0.5256,0.5256,0.0168,0.0052,0.1263,0.024,0.1124,0.1786,0.5797,0.0108,0.0108,0.0756,0.0132,0.0158,0.024,0.1089,0.6795,0.0331,0.039,0.3992,0.1632
0.2277,0.324,0.324,0.0001,0,0.0179,0,0.0109,0.0325,0.3839,0,0,0.0036,0,0,1.00E-04,0.0446,0.1586,0,2.00E-04,0.202,0.024
0.0693,0.1128,0.1128,0,0,0,0,0,2.00E-04,0.1848,0,0,0,0,0,0,0.0072,0.0029,0,0,0.04,0
4.00E-04,0.0036,0.0036,0,0,0,0,0,0,0.0354,0,0,0,0,0,0,0,0,0,0,1.00E-04,0
0,0,0,0,0,0,0,0,0,0,0,0,0,0,0,0,0,0,0,0,0,0
0,0,0,0,0,0,0,0,0,0,0,0,0,0,0,0,0,0,0,0,0,0
0,0,0,0,0,0,0,0,0,0,0,0,0,0,0,0,0,0,0,0,0,0
0,0,0,0,0,0,0,0,0,0,0,0,0,0,0,0,0,0,0,0,0,0
0,0,0,0,0,0,0,0,0,0,0,0,0,0,0,0,0,0,0,0,0,0
0,0,0,0,0,0,0,0,0,0,0,0,0,0,0,0,0,0,0,0,0,0
0,0,0,0,0,0,0,0,0,0,0,0,0,0,0,0,0,0,0,0,0,0
0,0,0,0,0.0335,0,0,0,0,0,0.0168,0.0168,0,0.0057,0.009,0.0019,0,0,0,1.00E-04,0,0
0,0,0,0.057,0.1749,0.0207,0.0228,0.0019,0.0135,0,0.09,0.09,0.0312,0.1033,0.0705,0.0554,0,0.0013,0.0618,0.0267,0,0
0,0,0,0.2684,0.3493,0.132,0.0996,0.0867,0.1239,4.00E-04,0.2148,0.2148,0.1824,0.3167,0.1706,0.1653,0.0109,0.1612,0.235,0.1747,0.0014,0.0504
0.0427,0.0096,0.0096,0.5319,0.5292,0.2912,0.2076,0.2709,0.3091,0.019,0.3576,0.3576,0.408,0.5338,0.2697,0.2573,0.117,0.5791,0.4299,0.3819,0.0551,0.228
0.2036,0.1452,0.1452,0.7645,0.6595,0.4375,0.3372,0.4442,0.4877,0.1458,0.3732,0.3732,0.612,0.7027,0.3449,0.3783,0.3072,1.053,0.6077,0.5496,0.2314,0.4344
0.4112,0.3708,0.3708,0.9125,0.6925,0.5402,0.5616,0.5662,0.6454,0.3592,0.3468,0.3468,0.7644,0.8071,0.4492,0.5805,0.5018,1.4024,0.7384,0.7177,0.4328,0.6108
0.5965,0.5736,0.5736,1.0051,0.6226,0.6122,0.7104,0.6665,0.7468,0.5655,0.3492,0.3492,0.8592,0.8531,0.507,0.7004,0.6874,1.6611,0.7195,0.7976,0.604,0.7344
0.7297,0.7272,0.7272,1.0801,0.5517,0.6687,0.7752,0.704,0.7868,0.7259,0.438,0.438,0.9,0.8457,0.5563,0.7376,0.8142,1.8271,0.5811,0.8102,0.7222,0.8064
0.8287,0.8292,0.8292,1.0635,0.4629,0.7002,0.7284,0.6924,0.8206,0.8369,0.5676,0.5676,0.8784,0.7683,0.5535,0.6503,0.9041,1.9302,0.4737,0.7635,0.8033,0.8256
0.8534,0.876,0.876,0.9574,0.3825,0.6947,0.6528,0.6437,0.7502,0.877,0.48,0.48,0.8016,0.646,0.4402,0.5291,0.8954,1.9317,0.3677,0.7134,0.8244,0.7908
0.8277,0.8676,0.8676,0.7327,0.3027,0.6335,0.5472,0.5319,0.6192,0.8564,0.2844,0.2844,0.642,0.4818,0.3077,0.4318,0.834,1.8202,0.2698,0.5739,0.7938,0.7056
0.7487,0.8028,0.8028,0.4523,0.2003,0.4712,0.4128,0.4075,0.4767,0.812,0.15,0.15,0.3924,0.2717,0.1841,0.2975,0.6746,1.5809,0.189,0.3702,0.7059,0.5628
0.6266,0.69,0.69,0.2089,0.0751,0.2996,0.246,0.3006,0.2985,0.7191,0.0552,0.0552,0.2532,0.101,0.0799,0.1505,0.4606,1.1824,0.103,0.1999,0.5764,0.3828
0.4565,0.528,0.528,0.021,0.0029,0.1331,0.0756,0.1335,0.1427,0.5904,0.0036,0.0036,0.1032,0.0096,0.01,0.0318,0.2639,0.6249,0.02,0.0653,0.4014,0.18
0.2518,0.3084,0.3084,0.0001,0,0.0164,0,0.0114,0.0264,0.4052,0,0,0.0072,0,0,1.00E-04,0.096,0.1402,0,9.00E-04,0.2052,0.0252
0.0702,0.1068,0.1068,0,0,0,0,0,2.00E-04,0.1941,0,0,0,0,0,0,0.0072,0.0027,0,0,0.0407,0
2.00E-04,0.0036,0.0036,0,0,0,0,0,0,0.0343,0,0,0,0,0,0,0,0,0,0,1.00E-04,0
0,0,0,0,0,0,0,0,0,0,0,0,0,0,0,0,0,0,0,0,0,0
0,0,0,0,0,0,0,0,0,0,0,0,0,0,0,0,0,0,0,0,0,0
0,0,0,0,0,0,0,0,0,0,0,0,0,0,0,0,0,0,0,0,0,0
0,0,0,0,0,0,0,0,0,0,0,0,0,0,0,0,0,0,0,0,0,0
0,0,0,0,0,0,0,0,0,0,0,0,0,0,0,0,0,0,0,0,0,0
0,0,0,0,0,0,0,0,0,0,0,0,0,0,0,0,0,0,0,0,0,0
0,0,0,0,0,0,0,0,0,0,0,0,0,0,0,0,0,0,0,0,0,0
0,0,0,0,0.0113,0,0,0,0,0,0.0132,0.0132,0,0.0023,0.0081,0.0026,0,0,0,0,0,0
0,0,0,0.0618,0.0789,0.0177,0.0456,0.0013,0.011,0,0.0984,0.0984,0.0228,0.0966,0.0817,0.0552,0,1.30E-03,0.0612,0.0264,0,0
0,0,0,0.2798,0.2058,0.1362,0.1272,0.0638,0.0987,4.00E-04,0.2712,0.2712,0.1452,0.266,0.2255,0.2018,0.012,0.18,0.2364,0.176,0.0012,0.0468
0.0398,0.0084,0.0084,0.5521,0.3228,0.3397,0.2424,0.201,0.2509,0.0148,0.3768,0.3768,0.3384,0.4235,0.3249,0.3538,0.1333,0.6833,0.4046,0.3782,0.0515,0.2088
0.2016,0.1476,0.1476,0.7961,0.4274,0.5474,0.4776,0.3628,0.4153,0.1367,0.4728,0.4728,0.5532,0.5724,0.3825,0.4401,0.3315,1.2709,0.5044,0.5718,0.1959,0.3984
0.4084,0.3792,0.3792,0.9226,0.5928,0.711,0.7296,0.5011,0.5618,0.3596,0.4752,0.4752,0.7284,0.6247,0.4014,0.5223,0.464,1.77,0.5547,0.7088,0.3492,0.5688
0.5837,0.5844,0.5844,0.9718,0.666,0.8147,0.8316,0.5995,0.7335,0.5748,0.4428,0.4428,0.8304,0.6761,0.3927,0.5541,0.6223,2.1328,0.595,0.8048,0.4809,0.6972
0.7041,0.7368,0.7368,0.9505,0.6393,0.8624,0.8508,0.6535,0.8476,0.7408,0.4668,0.4668,0.8724,0.6523,0.4049,0.5465,0.7362,2.3457,0.6683,0.849,0.5684,0.7716
0.7847,0.8352,0.8352,0.8934,0.572,0.8614,0.8052,0.6905,0.8377,0.8584,0.3516,0.3516,0.8664,0.5691,0.3091,0.4916,0.7627,2.4433,0.7126,0.8397,0.5931,0.7932
0.8103,0.8748,0.8748,0.7346,0.4228,0.7978,0.7056,0.6828,0.758,0.9083,0.2316,0.2316,0.7788,0.3836,0.2177,0.4081,0.7498,2.3643,0.6428,0.7685,0.6008,0.768
0.7879,0.87,0.87,0.5385,0.2411,0.6623,0.5652,0.5902,0.6279,0.9057,0.1404,0.1404,0.5796,0.2228,0.1479,0.3272,0.6604,2.0783,0.5208,0.6475,0.6002,0.6852
0.7179,0.8124,0.8124,0.3194,0.1048,0.5306,0.3384,0.4245,0.4245,0.857,0.066,0.066,0.5016,0.1272,0.0967,0.2401,0.5932,1.6399,0.3467,0.4786,0.5495,0.5532
0.6071,0.6912,0.6912,0.1582,0.0292,0.3403,0.1356,0.2591,0.2852,0.7545,0.0204,0.0204,0.324,0.0612,0.0535,0.14,0.4358,1.1324,0.1735,0.2798,0.4416,0.3768
0.4477,0.5172,0.5172,0.016,5.00E-04,0.1396,0.0504,0.1113,0.1471,0.601,0,0,0.1224,0.0053,0.0074,0.0329,0.2593,0.5868,0.0319,0.0874,0.2998,0.1788
0.2509,0.3048,0.3048,0.0001,0,0.0162,0,0.0099,0.0263,0.4049,0,0,0.0084,0,0,1.00E-04,0.1009,0.1344,0,0.0012,0.1352,0.0252
0.0704,0.1044,0.1044,0,0,0,0,0,1.00E-04,0.1917,0,0,0,0,0,0,0.0072,0.0028,0,0,0.0225,0
3.00E-04,0.0024,0.0024,0,0,0,0,0,0,0.0326,0,0,0,0,0,0,0,0,0,0,1.00E-04,0
0,0,0,0,0,0,0,0,0,0,0,0,0,0,0,0,0,0,0,0,0,0
0,0,0,0,0,0,0,0,0,0,0,0,0,0,0,0,0,0,0,0,0,0
0,0,0,0,0,0,0,0,0,0,0,0,0,0,0,0,0,0,0,0,0,0
0,0,0,0,0,0,0,0,0,0,0,0,0,0,0,0,0,0,0,0,0,0
0,0,0,0,0,0,0,0,0,0,0,0,0,0,0,0,0,0,0,0,0,0
0,0,0,0,0,0,0,0,0,0,0,0,0,0,0,0,0,0,0,0,0,0
0,0,0,0,0,0,0,0,0,0,0,0,0,0,0,0,0,0,0,0,0,0
0,0,0,0,0.0174,0,0,0,0,0,0.0144,0.0144,0,0.0046,0.0099,0.0043,0,0,0,1.00E-04,0,0
0,0,0,0.057,0.1193,0.0136,0.0456,3.00E-04,0.0078,0,0.1428,0.1428,0.012,0.101,0.1298,0.0922,0,0.0008,0.0529,0.0258,0,0
0,0,0,0.2653,0.2517,0.0935,0.2028,0.0528,0.0948,3.00E-04,0.3672,0.3672,0.1008,0.3119,0.3513,0.2974,0.0096,0.1652,0.2261,0.1878,0.0013,0.0504
0.0346,0.0096,0.0096,0.4969,0.3409,0.212,0.3984,0.1701,0.25,0.016,0.5796,0.5796,0.2508,0.5304,0.5645,0.5044,0.116,0.6108,0.4066,0.4053,0.0327,0.2292
0.1756,0.1416,0.1416,0.7043,0.4361,0.3233,0.54,0.2913,0.392,0.1433,0.744,0.744,0.3336,0.7059,0.7301,0.6717,0.3002,1.1296,0.5458,0.5933,0.1373,0.4308
0.3687,0.3492,0.3492,0.8928,0.4953,0.452,0.618,0.4002,0.505,0.3631,0.8556,0.8556,0.3996,0.8298,0.8422,0.7957,0.5003,1.5931,0.6612,0.7289,0.2839,0.5928
0.5446,0.5328,0.5328,1.0232,0.5656,0.5885,0.6516,0.4871,0.6535,0.574,0.9048,0.9048,0.4992,0.8903,0.8948,0.8666,0.6747,1.9087,0.7492,0.8122,0.4457,0.7032
0.6755,0.6744,0.6744,1.0645,0.688,0.6378,0.5796,0.5537,0.7474,0.7378,0.9,0.9,0.5772,0.8945,0.8932,0.8771,0.7845,2.0539,0.7755,0.8407,0.5896,0.7656
0.7578,0.762,0.762,1.0289,0.7559,0.6331,0.5604,0.5751,0.7528,0.8534,0.8376,0.8376,0.5304,0.839,0.8337,0.8239,0.8362,2.1831,0.7436,0.804,0.6955,0.768
0.7766,0.7884,0.7884,0.8876,0.6699,0.5318,0.5556,0.5389,0.713,0.9029,0.7236,0.7236,0.3624,0.7332,0.7231,0.7183,0.8158,2.0987,0.6578,0.728,0.7144,0.7176
0.7397,0.7836,0.7836,0.6887,0.5011,0.401,0.4548,0.4668,0.6815,0.9009,0.5544,0.5544,0.2052,0.5723,0.5587,0.5581,0.7509,1.8259,0.5209,0.5998,0.6667,0.618
0.6936,0.7356,0.7356,0.4456,0.2871,0.2886,0.3084,0.3553,0.5753,0.8433,0.3396,0.3396,0.1236,0.3643,0.3509,0.3631,0.6104,1.4452,0.3461,0.4174,0.589,0.4752
0.6016,0.642,0.642,0.1885,0.0963,0.22,0.1524,0.2307,0.3963,0.737,0.12,0.12,0.18,0.1425,0.136,0.1631,0.4435,1.0319,0.1668,0.2183,0.4745,0.2952
0.4456,0.486,0.486,0.0165,0.0042,0.0992,0.0336,0.0879,0.1881,0.5752,0.0084,0.0084,0.0924,0.0108,0.0127,0.0285,0.2686,0.5261,0.0271,0.0666,0.3197,0.1248
0.2479,0.2892,0.2892,0.0001,0,0.0117,0,0.0067,0.0263,0.3767,0,0,0.0048,0,0,0,0.1262,0.1141,0,2.00E-04,0.1596,0.018
0.0681,0.0996,0.0996,0,0,0,0,0,1.00E-04,0.1734,0,0,0,0,0,0,0.0096,0.0019,0,0,0.033,0
3.00E-04,0.0024,0.0024,0,0,0,0,0,0,0.0304,0,0,0,0,0,0,0,0,0,0,1.00E-04,0
0,0,0,0,0,0,0,0,0,0,0,0,0,0,0,0,0,0,0,0,0,0
0,0,0,0,0,0,0,0,0,0,0,0,0,0,0,0,0,0,0,0,0,0
0,0,0,0,0,0,0,0,0,0,0,0,0,0,0,0,0,0,0,0,0,0
0,0,0,0,0,0,0,0,0,0,0,0,0,0,0,0,0,0,0,0,0,0
0,0,0,0,0,0,0,0,0,0,0,0,0,0,0,0,0,0,0,0,0,0
0,0,0,0,0,0,0,0,0,0,0,0,0,0,0,0,0,0,0,0,0,0
0,0,0,0,0,0,0,0,0,0,0,0,0,0,0,0,0,0,0,0,0,0
0,0,0,0,0.0276,0,0,0,0,0,0.0144,0.0144,0,0.0046,0.0093,0.0037,0,0,0,1.00E-04,0,0
0,0,0,0.0498,0.1809,0.0133,0.0504,0,0.0107,0,0.1344,0.1344,0.0168,0.1009,0.1191,0.0759,0,0.0005,0.0564,0.0078,0,0
0,0,0,0.2605,0.3886,0.1456,0.258,0.0444,0.1341,2.00E-04,0.3192,0.3192,0.1872,0.3179,0.3025,0.2403,0.0096,0.1813,0.23,0.0681,9.00E-04,0.0432
0.0308,0.0084,0.0084,0.49,0.5824,0.3793,0.4908,0.1604,0.3732,0.0151,0.4992,0.4992,0.426,0.5335,0.4864,0.4388,0.1466,0.7564,0.4204,0.1663,0.0374,0.186
0.192,0.126,0.126,0.7032,0.7233,0.5993,0.6768,0.293,0.5924,0.1365,0.636,0.636,0.6372,0.7017,0.6335,0.6129,0.3842,1.3576,0.579,0.2708,0.1334,0.3564
0.3965,0.312,0.312,0.8802,0.8217,0.765,0.8052,0.417,0.7647,0.3418,0.7848,0.7848,0.7872,0.8152,0.7586,0.726,0.593,1.909,0.6914,0.3861,0.2252,0.5136
0.5806,0.504,0.504,1.0324,0.8517,0.8756,0.8748,0.5256,0.8855,0.5436,0.828,0.828,0.8928,0.87,0.8018,0.7965,0.7574,2.2896,0.751,0.4942,0.3379,0.618
0.7059,0.6756,0.6756,1.1427,0.8211,0.9258,0.8964,0.6022,0.945,0.7043,0.8076,0.8076,0.936,0.8683,0.7813,0.8038,0.864,2.4889,0.7559,0.5725,0.4329,0.678
0.7833,0.7968,0.7968,1.1096,0.7062,0.9209,0.8676,0.6122,0.9452,0.8393,0.7032,0.7032,0.9252,0.8052,0.7007,0.7603,0.8983,2.5116,0.6895,0.5939,0.5149,0.6948
0.7988,0.84,0.84,0.9684,0.569,0.8645,0.7548,0.5685,0.8888,0.8909,0.5928,0.5928,0.8628,0.6874,0.5942,0.6665,0.8898,2.3744,0.581,0.5534,0.5586,0.672
0.779,0.8184,0.8184,0.7502,0.4055,0.7533,0.6588,0.4737,0.7747,0.891,0.438,0.438,0.744,0.5181,0.4327,0.5106,0.825,2.0931,0.4627,0.4458,0.5811,0.6
0.7008,0.7404,0.7404,0.476,0.2478,0.5872,0.486,0.3325,0.6016,0.8343,0.2724,0.2724,0.5688,0.3151,0.2759,0.349,0.711,1.6916,0.2965,0.3337,0.5614,0.4656
0.6065,0.6348,0.6348,0.2034,0.0837,0.3754,0.2544,0.2045,0.3759,0.7355,0.1044,0.1044,0.3492,0.1221,0.1108,0.1671,0.5196,1.1917,0.127,0.2034,0.4574,0.294
0.4596,0.4896,0.4896,0.0164,0.003,0.1519,0.0624,0.0856,0.1519,0.5856,0.0072,0.0072,0.1248,0.0085,0.0083,0.0296,0.3086,0.6102,0.0149,0.0679,0.301,0.1404
0.2552,0.3036,0.3036,0.0001,0,0.0155,0,0.007,0.0234,0.3889,0,0,0.0072,0,0,1.00E-04,0.1226,0.1261,0,2.00E-04,0.1359,0.0192
0.0684,0.1044,0.1044,0,0,0,0,0,1.00E-04,0.1836,0,0,0,0,0,0,0.0084,0.0022,0,0,0.0253,0
2.00E-04,0.0024,0.0024,0,0,0,0,0,0,0.0337,0,0,0,0,0,0,0,0,0,0,1.00E-04,0
0,0,0,0,0,0,0,0,0,0,0,0,0,0,0,0,0,0,0,0,0,0
0,0,0,0,0,0,0,0,0,0,0,0,0,0,0,0,0,0,0,0,0,0
0,0,0,0,0,0,0,0,0,0,0,0,0,0,0,0,0,0,0,0,0,0
0,0,0,0,0,0,0,0,0,0,0,0,0,0,0,0,0,0,0,0,0,0
0,0,0,0,0,0,0,0,0,0,0,0,0,0,0,0,0,0,0,0,0,0
0,0,0,0,0,0,0,0,0,0,0,0,0,0,0,0,0,0,0,0,0,0
0,0,0,0,0,0,0,0,0,0,0,0,0,0,0,0,0,0,0,0,0,0
0,0,0,0,0.0061,0,0,0,0,0,0.0036,0.0036,0,0,0.0036,0.0023,0,0,0,0,0,0
0,0,0,0.0522,0.0415,0.0142,0.0492,3.00E-04,0.0086,0,0.054,0.054,0.018,0.0369,0.0724,0.0708,0,0.0007,0.051,0.0199,0,0
0,0,0,0.2747,0.0874,0.1537,0.264,0.0664,0.1186,2.00E-04,0.162,0.162,0.186,0.1523,0.2358,0.2599,0.0084,0.1827,0.2025,0.1865,8.00E-04,0.0252
0.0333,0.0084,0.0084,0.5412,0.1455,0.3888,0.5064,0.1803,0.2936,0.0153,0.3336,0.3336,0.4212,0.3534,0.4323,0.4763,0.1394,0.6563,0.3812,0.4164,0.0506,0.1356
0.1885,0.1308,0.1308,0.7969,0.2236,0.5973,0.7044,0.264,0.473,0.1148,0.4764,0.4764,0.6132,0.5242,0.5833,0.6553,0.376,1.159,0.5392,0.6177,0.2306,0.2472
0.3897,0.2988,0.2988,0.972,0.3318,0.7571,0.8448,0.3526,0.6899,0.228,0.552,0.552,0.762,0.625,0.6918,0.7522,0.5982,1.6209,0.6418,0.7615,0.4316,0.36
0.57,0.4536,0.4536,1.0843,0.4499,0.867,0.9252,0.422,0.8337,0.3638,0.5952,0.5952,0.8868,0.6708,0.7384,0.8252,0.7745,1.8118,0.6279,0.8378,0.6018,0.4716
0.7036,0.5796,0.5796,1.1146,0.5026,0.8095,0.9492,0.4554,0.8472,0.5191,0.6576,0.6576,0.9336,0.7192,0.7779,0.8544,0.8896,1.6612,0.5601,0.8598,0.716,0.5448
0.7742,0.7044,0.7044,1.0447,0.5046,0.7382,0.9204,0.4529,0.7326,0.499,0.6516,0.6516,0.9192,0.6884,0.738,0.8299,0.9459,1.4877,0.5169,0.8226,0.7743,0.5508
0.8013,0.7908,0.7908,0.8873,0.418,0.6745,0.8352,0.4518,0.6353,0.4459,0.5964,0.5964,0.8436,0.5726,0.6584,0.7294,0.9423,1.4666,0.5076,0.7384,0.7852,0.5544
0.7725,0.8124,0.8124,0.651,0.2992,0.5969,0.6888,0.3427,0.5544,0.4584,0.4728,0.4728,0.7152,0.4144,0.5201,0.5949,0.8847,1.3982,0.4082,0.5824,0.7497,0.4404
0.7214,0.774,0.774,0.3962,0.1758,0.4573,0.5004,0.2433,0.42,0.4404,0.3192,0.3192,0.4068,0.2773,0.3462,0.3988,0.7707,1.2654,0.2787,0.374,0.6667,0.3252
0.596,0.6768,0.6768,0.177,0.0642,0.2599,0.27,0.1292,0.2889,0.41,0.1236,0.1236,0.1548,0.1201,0.1396,0.1787,0.6015,0.9063,0.1325,0.193,0.5376,0.2028
0.4268,0.5172,0.5172,0.0148,0.0018,0.1118,0.0672,0.0523,0.1423,0.3501,0.0072,0.0072,0.0552,0.0092,0.01,0.0294,0.3854,0.511,0.0181,0.0532,0.369,0.0804
0.2421,0.3144,0.3144,0,0,0.0121,0,0.0026,0.0221,0.2184,0,0,0.0012,0,0,1.00E-04,0.1454,0.1167,0,0,0.1828,0.006
0.0655,0.1056,0.1056,0,0,0,0,0,1.00E-04,0.0992,0,0,0,0,0,0,0.0072,0.0022,0,0,0.0324,0
2.00E-04,0.0012,0.0012,0,0,0,0,0,0,0.0189,0,0,0,0,0,0,0,0,0,0,0,0
0,0,0,0,0,0,0,0,0,0,0,0,0,0,0,0,0,0,0,0,0,0
0,0,0,0,0,0,0,0,0,0,0,0,0,0,0,0,0,0,0,0,0,0
0,0,0,0,0,0,0,0,0,0,0,0,0,0,0,0,0,0,0,0,0,0
0,0,0,0,0,0,0,0,0,0,0,0,0,0,0,0,0,0,0,0,0,0
0,0,0,0,0,0,0,0,0,0,0,0,0,0,0,0,0,0,0,0,0,0
0,0,0,0,0,0,0,0,0,0,0,0,0,0,0,0,0,0,0,0,0,0
0,0,0,0,0,0,0,0,0,0,0,0,0,0,0,0,0,0,0,0,0,0
0,0,0,0,0.0273,0,0,0,0,0,0.0108,0.0108,0,0.0034,0.0073,0.0023,0,0,0,1.00E-04,0,0
0,0,0,0.0498,0.179,0.0093,0.018,3.00E-04,0.0078,0,0.072,0.072,0.0084,0.1003,0.0681,0.0565,0,0.0006,0.018,0.0174,0,0
0,0,0,0.2795,0.3624,0.0963,0.0792,0.0485,0.1195,2.00E-04,0.2952,0.2952,0.0648,0.2647,0.2034,0.1537,0.006,0.1833,0.0719,0.171,7.00E-04,0.0264
0.031,0.0072,0.0072,0.5921,0.4407,0.2498,0.1764,0.1515,0.3419,0.0122,0.2664,0.2664,0.1632,0.4042,0.2301,0.284,0.149,0.7592,0.133,0.3861,0.0468,0.1068
0.2051,0.1392,0.1392,0.9221,0.5024,0.419,0.3,0.244,0.5579,0.1126,0.3324,0.3324,0.2772,0.4995,0.2954,0.3992,0.4047,1.3751,0.2252,0.5749,0.2257,0.1656
0.4299,0.3468,0.3468,1.1828,0.4975,0.5668,0.4416,0.3277,0.7234,0.2874,0.3888,0.3888,0.3744,0.5332,0.3435,0.4793,0.6279,1.8843,0.2956,0.719,0.4337,0.2004
0.612,0.5472,0.5472,1.3534,0.5679,0.6892,0.5808,0.4139,0.8314,0.5168,0.3732,0.3732,0.4428,0.5126,0.3668,0.5512,0.797,2.261,0.3136,0.811,0.6082,0.3168
0.731,0.7068,0.7068,1.4349,0.5698,0.758,0.7428,0.4419,0.8821,0.6941,0.408,0.408,0.4872,0.4072,0.4246,0.6007,0.9038,2.4866,0.332,0.852,0.7263,0.4752
0.8107,0.822,0.822,1.3952,0.4873,0.7749,0.8364,0.4619,0.8588,0.8392,0.4092,0.4092,0.522,0.2866,0.4546,0.6044,0.9565,2.5336,0.3487,0.8426,0.792,0.528
0.8396,0.8652,0.8652,1.2396,0.4176,0.7495,0.7992,0.4485,0.7887,0.9047,0.3648,0.3648,0.5472,0.2034,0.4058,0.5365,0.9517,2.4276,0.3583,0.7832,0.8114,0.5256
0.7996,0.8592,0.8592,0.9754,0.2998,0.6688,0.6672,0.3758,0.6587,0.9011,0.3072,0.3072,0.5196,0.1445,0.3236,0.4247,0.8929,2.1584,0.2989,0.6662,0.7875,0.5004
0.668,0.8064,0.8064,0.625,0.1866,0.5291,0.474,0.2807,0.4919,0.8397,0.2052,0.2052,0.4176,0.0851,0.2212,0.278,0.7801,1.7409,0.1934,0.4946,0.704,0.4224
0.5217,0.6948,0.6948,0.2744,0.069,0.3414,0.2628,0.1891,0.3314,0.7355,0.0864,0.0864,0.2676,0.0351,0.0977,0.1368,0.6109,1.2263,0.0805,0.285,0.5785,0.2988
0.3704,0.5304,0.5304,0.0261,0.002,0.1426,0.0672,0.0817,0.157,0.5886,0.006,0.006,0.108,0.0016,0.0076,0.0254,0.39,0.6225,0.0078,0.0833,0.403,0.1524
0.1983,0.3168,0.3168,0.0001,0,0.0125,0,0.0061,0.0216,0.3937,0,0,0.0036,0,0,1.00E-04,0.1512,0.1212,0,1.00E-04,0.1988,0.0168
0.0528,0.1044,0.1044,0,0,0,0,0,1.00E-04,0.1824,0,0,0,0,0,0,0.0084,0.0022,0,0,0.0334,0
1.00E-04,0.0012,0.0012,0,0,0,0,0,0,0.0297,0,0,0,0,0,0,0,0,0,0,0,0
0,0,0,0,0,0,0,0,0,0,0,0,0,0,0,0,0,0,0,0,0,0
0,0,0,0,0,0,0,0,0,0,0,0,0,0,0,0,0,0,0,0,0,0
0,0,0,0,0,0,0,0,0,0,0,0,0,0,0,0,0,0,0,0,0,0
0,0,0,0,0,0,0,0,0,0,0,0,0,0,0,0,0,0,0,0,0,0
0,0,0,0,0,0,0,0,0,0,0,0,0,0,0,0,0,0,0,0,0,0
0,0,0,0,0,0,0,0,0,0,0,0,0,0,0,0,0,0,0,0,0,0
0,0,0,0,0,0,0,0,0,0,0,0,0,0,0,0,0,0,0,0,0,0
0,0,0,0,0.0205,0,0,0,0,0,0.0048,0.0048,0,0.0011,0.0025,2.00E-04,0,0,0,0,0,0
0,0,0,0.0665,0.1387,0.0111,0.048,1.00E-04,0.007,0,0.0588,0.0588,0.0168,0.0626,0.0444,0.0365,0,0.0003,0.0322,0.0165,0,0
0,0,0,0.3369,0.2883,0.1436,0.2508,0.0574,0.1256,1.00E-04,0.1284,0.1284,0.1728,0.183,0.116,0.1539,0.0049,0.1817,0.1339,0.1675,0.001,0.0456
0.0213,0.0072,0.0072,0.6333,0.4039,0.3686,0.48,0.2086,0.3545,0.0117,0.2184,0.2184,0.396,0.328,0.2225,0.3101,0.0633,0.788,0.2631,0.3826,0.0457,0.2436
0.171,0.1368,0.1368,0.8985,0.495,0.576,0.672,0.3786,0.565,0.1178,0.3192,0.3192,0.5976,0.504,0.3544,0.4828,0.2034,1.4482,0.3977,0.5842,0.2265,0.4608
0.3937,0.3384,0.3384,1.1301,0.5194,0.7322,0.798,0.5308,0.7312,0.3086,0.4248,0.4248,0.7368,0.6448,0.4877,0.6312,0.4001,1.9959,0.5202,0.7461,0.4399,0.6372
0.6022,0.5364,0.5364,1.2461,0.5585,0.8254,0.8724,0.6826,0.8419,0.4945,0.5376,0.5376,0.8088,0.7026,0.6202,0.743,0.6263,2.386,0.6039,0.8477,0.6165,0.762
0.752,0.708,0.708,1.2754,0.5778,0.8513,0.888,0.7718,0.892,0.6092,0.6456,0.6456,0.8184,0.6947,0.7018,0.7847,0.7868,2.5864,0.6197,0.8843,0.7371,0.8316
0.8467,0.8316,0.8316,1.2014,0.5639,0.8149,0.8532,0.7947,0.8572,0.7042,0.6804,0.6804,0.7596,0.6065,0.6966,0.744,0.8053,2.6299,0.5467,0.8609,0.7951,0.852
0.8743,0.876,0.876,1.0382,0.5025,0.7365,0.7476,0.7642,0.8325,0.7337,0.5688,0.5688,0.6504,0.509,0.576,0.629,0.6986,2.5226,0.4465,0.7842,0.8108,0.816
0.8507,0.87,0.87,0.7991,0.3745,0.616,0.6168,0.6671,0.728,0.7329,0.414,0.414,0.5328,0.3913,0.4001,0.4546,0.5743,2.2467,0.319,0.6544,0.7723,0.7236
0.7701,0.8076,0.8076,0.4994,0.2074,0.4797,0.4032,0.5192,0.5407,0.6633,0.2208,0.2208,0.42,0.2405,0.2095,0.2819,0.4486,1.8214,0.2005,0.4682,0.6943,0.5604
0.6423,0.696,0.696,0.211,0.0676,0.3132,0.234,0.3238,0.3463,0.6237,0.0648,0.0648,0.2688,0.1003,0.072,0.1278,0.2995,1.2332,0.0909,0.266,0.5638,0.3696
0.4587,0.5292,0.5292,0.0169,0.001,0.1307,0.0612,0.1257,0.1632,0.5196,0.0024,0.0024,0.0972,0.0054,0.0045,0.0234,0.1982,0.6195,0.0115,0.0764,0.3881,0.1548
0.226,0.3156,0.3156,0.0001,0,0.0113,0,0.0079,0.0208,0.3511,0,0,0.0024,0,0,0,0.0958,0.1152,0,1.00E-04,0.1915,0.018
0.0548,0.1032,0.1032,0,0,0,0,0,1.00E-04,0.1634,0,0,0,0,0,0,0.006,0.0016,0,0,0.033,0
2.00E-04,0.0012,0.0012,0,0,0,0,0,0,0.0259,0,0,0,0,0,0,0,0,0,0,0,0
0,0,0,0,0,0,0,0,0,0,0,0,0,0,0,0,0,0,0,0,0,0
0,0,0,0,0,0,0,0,0,0,0,0,0,0,0,0,0,0,0,0,0,0
0,0,0,0,0,0,0,0,0,0,0,0,0,0,0,0,0,0,0,0,0,0
0,0,0,0,0,0,0,0,0,0,0,0,0,0,0,0,0,0,0,0,0,0
0,0,0,0,0,0,0,0,0,0,0,0,0,0,0,0,0,0,0,0,0,0
0,0,0,0,0,0,0,0,0,0,0,0,0,0,0,0,0,0,0,0,0,0
0,0,0,0,0,0,0,0,0,0,0,0,0,0,0,0,0,0,0,0,0,0
0,0,0,0,0.0154,0,0,0,0,0,0.0024,0.0024,0,0.0011,0.0018,0.0016,0,0,0,0,0,0
0,0,0,0.0404,0.1073,0.01,0.0468,6.00E-04,0.0063,0,0.0504,0.0504,0.0144,0.0699,0.0755,0.0746,0,0.0004,0.0345,0.0175,0,0
0,0,0,0.2064,0.2692,0.1414,0.2364,0.0789,0.1194,2.00E-04,0.1812,0.1812,0.174,0.2105,0.2587,0.2611,0.0072,0.1719,0.1596,0.1846,9.00E-04,0.0348
0.0307,0.006,0.006,0.391,0.4895,0.3703,0.4476,0.2392,0.3418,0.0114,0.3708,0.3708,0.4068,0.3089,0.4653,0.4513,0.1309,0.7381,0.2912,0.4141,0.0334,0.1332
0.2078,0.1404,0.1404,0.5257,0.7007,0.5814,0.6084,0.4127,0.5576,0.1145,0.6,0.6,0.6144,0.3683,0.6581,0.62,0.3494,1.3687,0.4107,0.6092,0.1444,0.2484
0.4249,0.3624,0.3624,0.6657,0.8361,0.7415,0.7164,0.5714,0.7281,0.3096,0.7716,0.7716,0.7764,0.4512,0.7892,0.7492,0.576,1.8945,0.4991,0.7545,0.2893,0.3792
0.6189,0.5676,0.5676,0.7533,0.886,0.8428,0.7596,0.7,0.846,0.5259,0.8364,0.8364,0.876,0.5194,0.8381,0.8173,0.7416,2.3005,0.5692,0.842,0.4458,0.5292
0.7501,0.7296,0.7296,0.7743,0.8606,0.8908,0.7728,0.7645,0.9038,0.674,0.816,0.816,0.9216,0.5198,0.8193,0.7936,0.8484,2.5253,0.6301,0.8736,0.525,0.66
0.8322,0.8364,0.8364,0.7213,0.7578,0.8842,0.7236,0.7626,0.904,0.8068,0.7176,0.7176,0.9108,0.4581,0.7239,0.7048,0.9074,2.5815,0.6019,0.8515,0.5073,0.7452
0.8627,0.8772,0.8772,0.6501,0.6088,0.8289,0.6732,0.6824,0.8528,0.8388,0.5748,0.5748,0.846,0.3693,0.5912,0.6027,0.9002,2.4741,0.5161,0.7776,0.4604,0.75
0.8099,0.8712,0.8712,0.5149,0.4136,0.7196,0.5976,0.5511,0.7501,0.8339,0.396,0.396,0.7272,0.2674,0.4396,0.4754,0.8247,2.2038,0.3868,0.6386,0.4293,0.672
0.69,0.8076,0.8076,0.3273,0.2137,0.5588,0.4368,0.3905,0.5881,0.7596,0.2256,0.2256,0.5544,0.1635,0.2707,0.3164,0.6924,1.7668,0.2579,0.4589,0.376,0.4968
0.5005,0.6876,0.6876,0.1378,0.0722,0.3503,0.2436,0.2266,0.3792,0.6872,0.0804,0.0804,0.3348,0.0666,0.1012,0.1533,0.5198,1.2034,0.1196,0.2525,0.3075,0.2892
0.3535,0.5172,0.5172,0.0082,0.0015,0.1351,0.0612,0.0834,0.1682,0.5144,0.0036,0.0036,0.1128,0.0034,0.0063,0.0254,0.3181,0.5825,0.0157,0.0739,0.2111,0.1032
0.2014,0.3072,0.3072,0,0,0.0104,0,0.0044,0.0208,0.3433,0,0,0.0024,0,0,0,0.1188,0.1032,0,1.00E-04,0.1142,0.0096
0.0592,0.0996,0.0996,0,0,0,0,0,1.00E-04,0.1522,0,0,0,0,0,0,0.006,0.0013,0,0,0.0205,0
1.00E-04,0.0012,0.0012,0,0,0,0,0,0,0.0188,0,0,0,0,0,0,0,0,0,0,0,0
0,0,0,0,0,0,0,0,0,0,0,0,0,0,0,0,0,0,0,0,0,0
0,0,0,0,0,0,0,0,0,0,0,0,0,0,0,0,0,0,0,0,0,0
0,0,0,0,0,0,0,0,0,0,0,0,0,0,0,0,0,0,0,0,0,0
0,0,0,0,0,0,0,0,0,0,0,0,0,0,0,0,0,0,0,0,0,0
0,0,0,0,0,0,0,0,0,0,0,0,0,0,0,0,0,0,0,0,0,0
0,0,0,0,0,0,0,0,0,0,0,0,0,0,0,0,0,0,0,0,0,0
0,0,0,0,0,0,0,0,0,0,0,0,0,0,0,0,0,0,0,0,0,0
0,0,0,0,0.0213,0,0,0,0,0,0.0096,0.0096,0,0.0011,0.0062,0.0018,0,0,0,0,0,0
0,0,0,0.0428,0.1814,0.0089,0.0444,6.00E-04,0.0059,0,0.1056,0.1056,0.0132,0.0707,0.0955,0.0687,0,0.0004,0.0314,0.0162,0,0
0,0,0,0.2375,0.3932,0.1427,0.24,0.079,0.1225,1.00E-04,0.2676,0.2676,0.1764,0.2112,0.2816,0.2658,0.0048,0.1797,0.1286,0.172,9.00E-04,0.042
0.022,0.006,0.006,0.4659,0.5303,0.3715,0.4668,0.2706,0.3414,0.009,0.4668,0.4668,0.4116,0.3917,0.4958,0.4899,0.0926,0.774,0.2427,0.3909,0.043,0.2316
0.1296,0.1296,0.1296,0.6086,0.7114,0.5798,0.6576,0.4619,0.5387,0.1058,0.6096,0.6096,0.6156,0.5159,0.6654,0.668,0.2378,1.4105,0.3799,0.5943,0.2019,0.4476
0.2193,0.3204,0.3204,0.6384,0.8259,0.7374,0.798,0.6141,0.6982,0.2871,0.7212,0.7212,0.7692,0.5796,0.769,0.7815,0.3672,1.9095,0.5156,0.7462,0.3767,0.6156
0.3143,0.5088,0.5088,0.7168,0.8035,0.8409,0.8796,0.6799,0.7722,0.4431,0.7188,0.7188,0.8688,0.5901,0.782,0.8437,0.4699,2.2785,0.5423,0.8451,0.488,0.7428
0.3796,0.7008,0.7008,0.7465,0.7472,0.8893,0.9048,0.6736,0.7809,0.5976,0.7152,0.7152,0.912,0.5725,0.7694,0.8486,0.6124,2.4855,0.4957,0.8766,0.6045,0.816
0.3972,0.8352,0.8352,0.7939,0.657,0.885,0.8772,0.6664,0.7735,0.7012,0.684,0.684,0.9024,0.5534,0.7059,0.7932,0.6203,2.5082,0.4478,0.8517,0.6789,0.8208
0.3877,0.8844,0.8844,0.7048,0.5798,0.8286,0.7956,0.607,0.738,0.7015,0.5136,0.5136,0.8376,0.4748,0.573,0.7021,0.5112,2.3426,0.347,0.7705,0.6703,0.78
0.4078,0.8748,0.8748,0.574,0.4321,0.7199,0.6588,0.5255,0.653,0.7001,0.3816,0.3816,0.7176,0.4187,0.4412,0.5645,0.3488,2.0006,0.2144,0.6436,0.6348,0.6876
0.386,0.81,0.81,0.378,0.2379,0.5564,0.4728,0.4226,0.5179,0.6892,0.2652,0.2652,0.5436,0.285,0.2846,0.3754,0.2621,1.509,0.132,0.4783,0.5651,0.5484
0.4474,0.7008,0.7008,0.1572,0.0797,0.3476,0.2544,0.277,0.3346,0.6374,0.1044,0.1044,0.3276,0.1005,0.115,0.1715,0.2265,0.9745,0.0676,0.2753,0.4601,0.3576
0.323,0.534,0.534,0.0122,0.0015,0.1213,0.0588,0.1186,0.1372,0.5143,0.0036,0.0036,0.1092,0.0041,0.007,0.0259,0.1599,0.4371,0.0091,0.0765,0.3223,0.1548
0.1714,0.3204,0.3204,0.0001,0,0.0077,0,0.0058,0.0159,0.3415,0,0,0.0024,0,0,0,0.0809,0.0758,0,1.00E-04,0.1468,0.0156
0.0448,0.102,0.102,0,0,0,0,0,1.00E-04,0.1544,0,0,0,0,0,0,0.0047,0.0009,0,0,0.0244,0
1.00E-04,0,0,0,0,0,0,0,0,0.0209,0,0,0,0,0,0,0,0,0,0,0,0
0,0,0,0,0,0,0,0,0,0,0,0,0,0,0,0,0,0,0,0,0,0
0,0,0,0,0,0,0,0,0,0,0,0,0,0,0,0,0,0,0,0,0,0
0,0,0,0,0,0,0,0,0,0,0,0,0,0,0,0,0,0,0,0,0,0
0,0,0,0,0,0,0,0,0,0,0,0,0,0,0,0,0,0,0,0,0,0
0,0,0,0,0,0,0,0,0,0,0,0,0,0,0,0,0,0,0,0,0,0
0,0,0,0,0,0,0,0,0,0,0,0,0,0,0,0,0,0,0,0,0,0
0,0,0,0,0,0,0,0,0,0,0,0,0,0,0,0,0,0,0,0,0,0
0,0,0,0,0.0187,0,0,0,0,0,0.0048,0.0048,0,0,0.003,7.00E-04,0,0,0,0,0,0
0,0,0,0.0427,0.1374,0.0065,0.042,6.00E-04,0.0022,0,0.0672,0.0672,0.0072,0.0358,0.0734,0.0599,0,0.0001,0.0259,0.014,0,0
0,0,0,0.2587,0.2839,0.1088,0.2448,0.0864,0.0626,1.00E-04,0.1836,0.1836,0.0828,0.1232,0.2263,0.2412,0.006,0.1501,0.1149,0.1711,9.00E-04,0.0432
0.0298,0.0048,0.0048,0.5392,0.4099,0.2958,0.4764,0.2955,0.2481,0.0089,0.3336,0.3336,0.2208,0.2417,0.4038,0.4543,0.1145,0.5996,0.2233,0.3967,0.0336,0.2208
0.2045,0.1368,0.1368,0.8076,0.5099,0.5128,0.666,0.5068,0.4669,0.1038,0.4692,0.4692,0.462,0.35,0.5726,0.6363,0.2681,1.1068,0.3252,0.5926,0.1669,0.4284
0.4145,0.3804,0.3804,1.0201,0.6213,0.7004,0.8028,0.6732,0.647,0.296,0.654,0.654,0.6924,0.443,0.7427,0.7713,0.4061,1.5398,0.4059,0.7375,0.3409,0.612
0.6117,0.5928,0.5928,1.1602,0.6569,0.8114,0.8844,0.7837,0.7504,0.4784,0.7608,0.7608,0.8028,0.5168,0.8173,0.8417,0.3888,1.8086,0.4524,0.8261,0.5423,0.7272
0.7632,0.7512,0.7512,1.1922,0.6531,0.86,0.9084,0.8295,0.7955,0.6062,0.7968,0.7968,0.8448,0.5392,0.8218,0.8432,0.4375,1.9213,0.4668,0.8598,0.6788,0.7752
0.8553,0.8496,0.8496,1.1566,0.6191,0.8521,0.876,0.8228,0.7507,0.636,0.7272,0.7272,0.8328,0.5044,0.7326,0.778,0.5548,1.8987,0.4245,0.8394,0.7525,0.7608
0.8686,0.8952,0.8952,1.0059,0.5504,0.7938,0.7932,0.7566,0.6362,0.6781,0.618,0.618,0.7728,0.4251,0.6156,0.6732,0.537,1.7348,0.3456,0.7684,0.7638,0.6624
0.8522,0.888,0.888,0.7899,0.4437,0.6864,0.6564,0.6482,0.5196,0.6812,0.4764,0.4764,0.6624,0.3202,0.4646,0.5159,0.4616,1.4682,0.2594,0.6472,0.7323,0.5376
0.7771,0.828,0.828,0.5132,0.2647,0.5263,0.4692,0.4769,0.3926,0.628,0.258,0.258,0.4956,0.1991,0.2524,0.3261,0.3627,1.1611,0.1643,0.4776,0.6673,0.3936
0.6512,0.7092,0.7092,0.2237,0.0826,0.3173,0.2484,0.2948,0.2502,0.57,0.0888,0.0888,0.282,0.0753,0.0907,0.1492,0.2781,0.7739,0.0752,0.2715,0.5696,0.234
0.4717,0.534,0.534,0.0193,7.00E-04,0.1147,0.0552,0.11,0.0979,0.4569,0.0024,0.0024,0.0876,0.0029,0.0046,0.0236,0.1665,0.3543,0.0084,0.0748,0.3901,0.0996
0.2491,0.3192,0.3192,0.0001,0,0.0086,0,0.0053,0.0091,0.2927,0,0,0.0012,0,0,0,0.0504,0.0625,0,1.00E-04,0.1933,0.0108
0.0577,0.1008,0.1008,0,0,0,0,0,1.00E-04,0.1235,0,0,0,0,0,0,0.0013,0.0015,0,0,0.0288,0
1.00E-04,0,0,0,0,0,0,0,0,0.0149,0,0,0,0,0,0,0,0,0,0,0,0
0,0,0,0,0,0,0,0,0,0,0,0,0,0,0,0,0,0,0,0,0,0
0,0,0,0,0,0,0,0,0,0,0,0,0,0,0,0,0,0,0,0,0,0
0,0,0,0,0,0,0,0,0,0,0,0,0,0,0,0,0,0,0,0,0,0
0,0,0,0,0,0,0,0,0,0,0,0,0,0,0,0,0,0,0,0,0,0
0,0,0,0,0,0,0,0,0,0,0,0,0,0,0,0,0,0,0,0,0,0
0,0,0,0,0,0,0,0,0,0,0,0,0,0,0,0,0,0,0,0,0,0
0,0,0,0,0,0,0,0,0,0,0,0,0,0,0,0,0,0,0,0,0,0
0,0,0,0,0.0177,0,0,0,0,0,0.0072,0.0072,0,0,0.0039,5.00E-04,0,0,0,0,0,0
0,0,0,0.0522,0.1584,0.0081,0.0408,6.00E-04,0.005,0,0.1104,0.1104,0.012,0.039,0.0891,0.0563,0,0.0002,0.0223,0.0133,0,0
0,0,0,0.2943,0.3688,0.1303,0.234,0.0795,0.1075,1.00E-04,0.2772,0.2772,0.1644,0.1058,0.2553,0.2224,0.0013,0.1368,0.1095,0.1701,5.00E-04,0.0228
0.0262,0.0048,0.0048,0.5602,0.5645,0.3103,0.4584,0.265,0.2625,0.0081,0.4632,0.4632,0.3456,0.1937,0.4223,0.3988,0.0577,0.5525,0.2221,0.3891,0.042,0.12
0.2152,0.1392,0.1392,0.825,0.7113,0.4601,0.6468,0.4485,0.4483,0.1108,0.6612,0.6612,0.5004,0.2982,0.5728,0.5311,0.202,1.0072,0.3547,0.5784,0.2145,0.2436
0.4458,0.3744,0.3744,1.0347,0.8126,0.6038,0.7836,0.5945,0.6214,0.3298,0.8028,0.8028,0.6804,0.4321,0.6818,0.639,0.3884,1.4095,0.512,0.7238,0.4077,0.3708
0.6395,0.5916,0.5916,1.1181,0.8622,0.713,0.864,0.7164,0.7275,0.5398,0.8424,0.8424,0.7884,0.5086,0.7405,0.7165,0.5256,1.7886,0.6335,0.8154,0.5876,0.5532
0.7774,0.7536,0.7536,1.1172,0.8436,0.7686,0.8892,0.7675,0.7815,0.7063,0.7824,0.7824,0.8208,0.5287,0.73,0.7639,0.5661,1.9788,0.6884,0.8471,0.7159,0.63
0.8669,0.8652,0.8652,1.0083,0.7421,0.7727,0.8592,0.7408,0.7828,0.8123,0.6348,0.6348,0.7896,0.4854,0.6212,0.7201,0.5669,1.9962,0.6644,0.7952,0.7729,0.618
0.8976,0.9108,0.9108,0.8,0.5735,0.728,0.7764,0.6825,0.7176,0.8877,0.5328,0.5328,0.7164,0.3787,0.4996,0.5873,0.5325,1.9101,0.5823,0.6409,0.7838,0.5916
0.8696,0.9024,0.9024,0.546,0.3628,0.6166,0.6408,0.5583,0.6206,0.9366,0.4368,0.4368,0.5976,0.2459,0.379,0.4386,0.483,1.6804,0.4303,0.4694,0.7225,0.5088
0.7831,0.8436,0.8436,0.3378,0.2132,0.4569,0.456,0.4152,0.4865,0.9055,0.2724,0.2724,0.4428,0.1288,0.2199,0.2735,0.4009,1.3266,0.29,0.3503,0.6512,0.4056
0.6535,0.7272,0.7272,0.1428,0.0621,0.2712,0.2412,0.2447,0.3242,0.8024,0.0948,0.0948,0.27,0.0427,0.0799,0.1275,0.3275,0.841,0.1376,0.232,0.5353,0.2688
0.473,0.5544,0.5544,0.0087,6.00E-04,0.1017,0.0528,0.0886,0.138,0.6361,0.0024,0.0024,0.096,0.0011,0.0031,0.0201,0.2252,0.3796,0.0181,0.0701,0.3747,0.12
0.252,0.33,0.33,0,0,0.0064,0,0.0032,0.0161,0.4223,0,0,0.0012,0,0,0,0.0953,0.067,0,0,0.1884,0.0108
0.0563,0.1008,0.1008,0,0,0,0,0,1.00E-04,0.1834,0,0,0,0,0,0,0.0036,0.0015,0,0,0.0278,0
0,0,0,0,0,0,0,0,0,0.0197,0,0,0,0,0,0,0,0,0,0,0,0
0,0,0,0,0,0,0,0,0,0,0,0,0,0,0,0,0,0,0,0,0,0
0,0,0,0,0,0,0,0,0,0,0,0,0,0,0,0,0,0,0,0,0,0
0,0,0,0,0,0,0,0,0,0,0,0,0,0,0,0,0,0,0,0,0,0
0,0,0,0,0,0,0,0,0,0,0,0,0,0,0,0,0,0,0,0,0,0
0,0,0,0,0,0,0,0,0,0,0,0,0,0,0,0,0,0,0,0,0,0
0,0,0,0,0,0,0,0,0,0,0,0,0,0,0,0,0,0,0,0,0,0
0,0,0,0,0,0,0,0,0,0,0,0,0,0,0,0,0,0,0,0,0,0
0,0,0,0,0.0145,0,0,0,0,0,0.0036,0.0036,0,0,0.0012,0,0,0,0,0,0,0
0,0,0,0.0142,0.1238,0.0081,0.0384,0,0.0039,0,0.0636,0.0636,0.012,0.0206,0.0459,0.031,0,0,0.0462,0.013,0,0
0,0,0,0.1145,0.282,0.11,0.2136,0.036,0.0793,1.00E-04,0.1596,0.1596,0.1584,0.0968,0.1284,0.1447,0.0036,0.0581,0.2586,0.1426,6.00E-04,0.0288
0.0253,0.0036,0.0036,0.2631,0.4376,0.2724,0.4344,0.1356,0.1918,0.0083,0.2712,0.2712,0.3768,0.2118,0.2298,0.2823,0.1393,0.3108,0.4931,0.3329,0.0416,0.1608
0.2056,0.1416,0.1416,0.4004,0.599,0.4286,0.6312,0.2895,0.2811,0.128,0.4008,0.4008,0.5688,0.3214,0.3302,0.4036,0.3937,0.6675,0.6832,0.5215,0.2332,0.3336
0.4274,0.3816,0.3816,0.5194,0.7212,0.558,0.768,0.3929,0.3563,0.3667,0.4548,0.4548,0.7128,0.4125,0.3833,0.49,0.6252,1.0484,0.8189,0.669,0.4525,0.5064
0.6175,0.6012,0.6012,0.5857,0.7609,0.6692,0.8484,0.4651,0.4354,0.5962,0.4584,0.4584,0.8124,0.5348,0.4104,0.5483,0.7991,1.4119,0.8903,0.7578,0.6368,0.624
0.7632,0.7656,0.7656,0.6107,0.7061,0.7265,0.8748,0.5077,0.4809,0.7716,0.4824,0.4824,0.8556,0.5836,0.4228,0.5597,0.9107,1.6412,0.9059,0.7974,0.7656,0.7008
0.8494,0.876,0.876,0.6161,0.5862,0.7422,0.8496,0.4955,0.4661,0.8942,0.4692,0.4692,0.8388,0.5657,0.3967,0.5243,0.9599,1.7781,0.8663,0.7745,0.8371,0.7296
0.8762,0.924,0.924,0.5904,0.4654,0.7059,0.7704,0.4564,0.3935,0.9483,0.396,0.396,0.7728,0.4916,0.3266,0.4535,0.9515,1.7004,0.771,0.6976,0.8561,0.696
0.8486,0.918,0.918,0.4879,0.356,0.6121,0.636,0.3893,0.3156,0.9467,0.2652,0.2652,0.6336,0.3554,0.2211,0.3554,0.8891,1.412,0.6192,0.5805,0.8242,0.6048
0.7747,0.8568,0.8568,0.3291,0.2105,0.4541,0.4524,0.3161,0.253,0.8883,0.1392,0.1392,0.4044,0.2338,0.1306,0.2482,0.7692,1.1282,0.4153,0.4327,0.742,0.4788
0.6459,0.7392,0.7392,0.1479,0.063,0.2596,0.2388,0.2147,0.1843,0.7741,0.054,0.054,0.2064,0.0971,0.0538,0.1216,0.5941,0.7736,0.1831,0.2453,0.6063,0.3204
0.4548,0.5652,0.5652,0.0092,1.00E-04,0.088,0.0504,0.09,0.0736,0.6049,0.0012,0.0012,0.0648,0.0045,0.0012,0.0185,0.3579,0.3783,0.0169,0.0681,0.4184,0.1428
0.2453,0.3384,0.3384,0,0,0.0046,0,0.0035,0.006,0.3874,0,0,0,0,0,0,0.1297,0.0598,0,0,0.2032,0.012
0.0527,0.102,0.102,0,0,0,0,0,1.00E-04,0.1659,0,0,0,0,0,0,0.0036,0.0013,0,0,0.0267,0
0,0,0,0,0,0,0,0,0,0.0192,0,0,0,0,0,0,0,0,0,0,0,0
0,0,0,0,0,0,0,0,0,0,0,0,0,0,0,0,0,0,0,0,0,0
0,0,0,0,0,0,0,0,0,0,0,0,0,0,0,0,0,0,0,0,0,0
0,0,0,0,0,0,0,0,0,0,0,0,0,0,0,0,0,0,0,0,0,0
0,0,0,0,0,0,0,0,0,0,0,0,0,0,0,0,0,0,0,0,0,0
0,0,0,0,0,0,0,0,0,0,0,0,0,0,0,0,0,0,0,0,0,0
0,0,0,0,0,0,0,0,0,0,0,0,0,0,0,0,0,0,0,0,0,0
0,0,0,0,0,0,0,0,0,0,0,0,0,0,0,0,0,0,0,0,0,0
0,0,0,0,0.0145,0,0,0,0,0,0.0072,0.0072,0,0.0011,0.0032,4.00E-04,0,0,0,0,0,0
0,0,0,0.0403,0.1622,0.0073,0.0384,0,0.0025,0,0.1308,0.1308,0.0096,0.0865,0.0936,0.0515,0,0,0.0426,0.014,0,0
0,0,0,0.1992,0.3916,0.0818,0.2244,0.0783,0.0523,0,0.3432,0.3432,0.0888,0.2804,0.2638,0.2026,0.0025,0.1041,0.252,0.1683,6.00E-04,0.0264
0.0226,0.0036,0.0036,0.3643,0.5978,0.2046,0.444,0.2656,0.1618,0.0058,0.5232,0.5232,0.1992,0.4962,0.4287,0.376,0.1392,0.5108,0.4872,0.3842,0.0399,0.1428
0.2037,0.1464,0.1464,0.4485,0.7494,0.3559,0.6264,0.4628,0.2905,0.1005,0.6468,0.6468,0.3552,0.6754,0.5585,0.5303,0.392,1.068,0.6761,0.5791,0.2365,0.2832
0.4393,0.402,0.402,0.3548,0.8471,0.4962,0.7512,0.6182,0.4105,0.3035,0.7104,0.7104,0.4968,0.7901,0.6234,0.6311,0.6115,1.5797,0.8057,0.7218,0.4564,0.4116
0.6404,0.6276,0.6276,0.411,0.8841,0.5705,0.8256,0.7319,0.5233,0.5025,0.7308,0.7308,0.4512,0.8426,0.6506,0.6862,0.777,2.0071,0.8765,0.8118,0.6325,0.5328
0.7883,0.7932,0.7932,0.439,0.8716,0.6051,0.8472,0.7888,0.5995,0.6523,0.7152,0.7152,0.3888,0.8284,0.6605,0.7122,0.8816,2.2754,0.8903,0.8445,0.7496,0.6012
0.8698,0.9048,0.9048,0.3823,0.7977,0.5792,0.7848,0.7962,0.6289,0.7511,0.624,0.624,0.3168,0.7443,0.6059,0.6755,0.9294,2.3339,0.8519,0.8299,0.809,0.6312
0.8967,0.9504,0.9504,0.3432,0.6534,0.5196,0.6696,0.7508,0.6051,0.7643,0.4752,0.4752,0.2508,0.582,0.5013,0.5988,0.9232,2.2461,0.7431,0.759,0.8315,0.6252
0.8589,0.9432,0.9432,0.1794,0.4621,0.4141,0.57,0.6522,0.5377,0.722,0.3228,0.3228,0.1644,0.3866,0.3631,0.4676,0.8641,2.0147,0.5938,0.6356,0.8122,0.564
0.7882,0.882,0.882,0.1046,0.2568,0.2813,0.432,0.4953,0.4222,0.6073,0.186,0.186,0.0996,0.2083,0.22,0.2987,0.7523,1.6306,0.4075,0.4603,0.727,0.4572
0.6493,0.762,0.762,0.0406,0.0732,0.1634,0.222,0.2927,0.2831,0.4893,0.0708,0.0708,0.0492,0.081,0.0866,0.1263,0.5817,1.119,0.1801,0.2457,0.5943,0.312
0.4679,0.5832,0.5832,0.0025,3.00E-04,0.0648,0.0408,0.1079,0.1262,0.3825,0.0012,0.0012,0.012,0.0031,0.0034,0.0142,0.3576,0.5552,0.0144,0.0619,0.4105,0.1428
0.2475,0.3516,0.3516,0,0,0.0055,0,0.0044,0.0116,0.2632,0,0,0,0,0,0,0.1233,0.0884,0,0,0.1993,0.012
0.0516,0.1032,0.1032,0,0,0,0,0,1.00E-04,0.1316,0,0,0,0,0,0,0.0036,0.0012,0,0,0.0247,0
0,0,0,0,0,0,0,0,0,0.0132,0,0,0,0,0,0,0,0,0,0,0,0
0,0,0,0,0,0,0,0,0,0,0,0,0,0,0,0,0,0,0,0,0,0
0,0,0,0,0,0,0,0,0,0,0,0,0,0,0,0,0,0,0,0,0,0
0,0,0,0,0,0,0,0,0,0,0,0,0,0,0,0,0,0,0,0,0,0
0,0,0,0,0,0,0,0,0,0,0,0,0,0,0,0,0,0,0,0,0,0
0,0,0,0,0,0,0,0,0,0,0,0,0,0,0,0,0,0,0,0,0,0
0,0,0,0,0,0,0,0,0,0,0,0,0,0,0,0,0,0,0,0,0,0
0,0,0,0,0,0,0,0,0,0,0,0,0,0,0,0,0,0,0,0,0,0
0,0,0,0,0.0135,0,0,0,0,0,0.0048,0.0048,0,0,0.0025,2.00E-04,0,0,0,0,0,0
0,0,0,0.0142,0.1742,0.0043,0.0072,0,0.0025,0,0.1092,0.1092,0.0096,0.0659,0.0938,0.0616,0,0,0.036,0.0129,0,0
0,0,0,0.1234,0.4079,0.0959,0.048,0.0626,0.1073,0,0.2928,0.2928,0.1548,0.2234,0.2816,0.2248,0.0036,0.1439,0.2052,0.158,7.00E-04,0.0324
0.0218,0.0024,0.0024,0.2827,0.6079,0.2764,0.0936,0.2151,0.3242,0.0066,0.462,0.462,0.384,0.3957,0.4624,0.3989,0.1131,0.6892,0.3972,0.3713,0.0394,0.1788
0.2197,0.1476,0.1476,0.4465,0.7571,0.4561,0.1704,0.405,0.5349,0.1167,0.6048,0.6048,0.5964,0.5521,0.6213,0.5248,0.3079,1.3553,0.5596,0.5611,0.2332,0.366
0.4574,0.4032,0.4032,0.557,0.8453,0.597,0.2808,0.5655,0.6967,0.3392,0.6948,0.6948,0.756,0.6701,0.7332,0.6086,0.506,1.9017,0.6601,0.7025,0.4498,0.5568
0.6536,0.6216,0.6216,0.6235,0.8767,0.7059,0.3972,0.6889,0.8063,0.5494,0.738,0.738,0.8568,0.7558,0.7837,0.6839,0.6904,2.2809,0.7197,0.7902,0.6277,0.6684
0.7931,0.78,0.78,0.5439,0.8536,0.7728,0.5496,0.7824,0.8632,0.7146,0.7416,0.7416,0.9024,0.7918,0.7862,0.7108,0.7973,2.4891,0.7246,0.816,0.7539,0.7152
0.8746,0.8772,0.8772,0.4745,0.7787,0.7811,0.6708,0.8068,0.87,0.8195,0.702,0.702,0.894,0.7649,0.7481,0.6391,0.8324,2.5428,0.6957,0.7866,0.8272,0.7248
0.9009,0.9204,0.9204,0.411,0.6429,0.7387,0.6912,0.7398,0.8213,0.8718,0.576,0.576,0.8292,0.6358,0.6242,0.5521,0.8027,2.4196,0.6157,0.6817,0.8463,0.6864
0.8732,0.9096,0.9096,0.3515,0.4499,0.6408,0.5796,0.6245,0.7182,0.9011,0.4272,0.4272,0.7092,0.4685,0.4792,0.4613,0.71,2.1418,0.4923,0.5554,0.8139,0.5616
0.7992,0.8448,0.8448,0.2367,0.2472,0.4932,0.4104,0.4378,0.5625,0.8307,0.258,0.258,0.534,0.2926,0.2978,0.3115,0.5919,1.7,0.3207,0.3788,0.7293,0.3804
0.6708,0.7272,0.7272,0.0995,0.0695,0.3133,0.2244,0.2293,0.3616,0.7044,0.09,0.09,0.3168,0.1069,0.1096,0.1348,0.4272,1.1461,0.1347,0.2091,0.5952,0.216
0.4866,0.5532,0.5532,0.0071,0,0.1173,0.0516,0.0715,0.1471,0.5761,0.0012,0.0012,0.0984,0.003,0.0034,0.0165,0.2377,0.5462,0.0126,0.0562,0.4105,0.084
0.2595,0.3312,0.3312,0,0,0.0055,0,0.0023,0.0109,0.3906,0,0,0,0,0,0,0.0889,0.0846,0,0,0.1965,0.006
0.0508,0.0972,0.0972,0,0,0,0,0,1.00E-04,0.1676,0,0,0,0,0,0,0.0024,0.0009,0,0,0.0173,0
0,0,0,0,0,0,0,0,0,0.0121,0,0,0,0,0,0,0,0,0,0,0,0
0,0,0,0,0,0,0,0,0,0,0,0,0,0,0,0,0,0,0,0,0,0
0,0,0,0,0,0,0,0,0,0,0,0,0,0,0,0,0,0,0,0,0,0
0,0,0,0,0,0,0,0,0,0,0,0,0,0,0,0,0,0,0,0,0,0
0,0,0,0,0,0,0,0,0,0,0,0,0,0,0,0,0,0,0,0,0,0
0,0,0,0,0,0,0,0,0,0,0,0,0,0,0,0,0,0,0,0,0,0
0,0,0,0,0,0,0,0,0,0,0,0,0,0,0,0,0,0,0,0,0,0
0,0,0,0,0,0,0,0,0,0,0,0,0,0,0,0,0,0,0,0,0,0
0,0,0,0,0.0109,0,0,0,0,0,0.0012,0.0012,0,0,6.00E-04,0,0,0,0,0,0,0
0,0,0,0.0166,0.1147,0.0059,0.0348,0,0.0028,0,0.0516,0.0516,0.0084,0.0895,0.0603,0.058,0,0,0.0194,0.0118,0,0
0,0,0,0.1208,0.2209,0.129,0.2376,0.0766,0.0988,0,0.168,0.168,0.1572,0.2738,0.2285,0.2523,0.0024,0.1432,0.1004,0.1487,8.00E-04,0.0372
0.0199,0.0024,0.0024,0.2728,0.318,0.3495,0.4716,0.275,0.2939,0.0064,0.426,0.426,0.3828,0.4857,0.4706,0.475,0.1214,0.6958,0.1776,0.3561,0.0363,0.2136
0.2015,0.1404,0.1404,0.4416,0.4478,0.559,0.6672,0.4495,0.4418,0.1117,0.648,0.648,0.5892,0.6653,0.6679,0.6629,0.3353,1.3379,0.2402,0.5437,0.2124,0.4164
0.436,0.3828,0.3828,0.5522,0.6134,0.7123,0.8088,0.5127,0.5887,0.3027,0.7788,0.7788,0.75,0.7727,0.8012,0.7997,0.5429,1.8593,0.2847,0.6881,0.4335,0.612
0.6394,0.5916,0.5916,0.6138,0.7353,0.8176,0.8904,0.5304,0.628,0.5257,0.8448,0.8448,0.8484,0.7993,0.8694,0.8745,0.7119,2.2225,0.3055,0.7751,0.6272,0.744
0.7802,0.744,0.744,0.6316,0.7408,0.8677,0.9156,0.5662,0.6359,0.6847,0.8544,0.8544,0.8916,0.7845,0.8818,0.8897,0.7995,2.4183,0.3108,0.8002,0.7639,0.8136
0.8581,0.8412,0.8412,0.6386,0.6736,0.8517,0.8832,0.5683,0.6668,0.8011,0.8196,0.8196,0.8736,0.7189,0.8357,0.844,0.812,2.4283,0.2994,0.7485,0.8359,0.8268
0.8869,0.8844,0.8844,0.5564,0.6047,0.7961,0.7992,0.5405,0.667,0.8568,0.7152,0.7152,0.81,0.6041,0.7299,0.7483,0.7781,2.3069,0.2694,0.6893,0.8527,0.786
0.8634,0.876,0.876,0.446,0.4691,0.6841,0.6624,0.4641,0.5616,0.8157,0.546,0.546,0.6864,0.4501,0.5636,0.5964,0.687,2.0621,0.2105,0.5882,0.8143,0.6744
0.7944,0.8184,0.8184,0.2693,0.2554,0.5247,0.4644,0.3527,0.4936,0.7167,0.3108,0.3108,0.5148,0.2494,0.3365,0.3922,0.5512,1.7248,0.1406,0.4346,0.7289,0.51
0.665,0.7032,0.7032,0.1111,0.0707,0.3081,0.234,0.22,0.327,0.6429,0.096,0.096,0.2664,0.08,0.1144,0.1682,0.368,1.1923,0.064,0.2399,0.5755,0.342
0.4812,0.5292,0.5292,0.0047,0,0.1091,0.0444,0.0844,0.1356,0.5325,0.0012,0.0012,0.0828,0.0028,0.0028,0.0188,0.2036,0.5675,0.0061,0.0632,0.3902,0.1512
0.2571,0.3156,0.3156,0,0,0.005,0,0.0035,0.0095,0.3301,0,0,0,0,0,0,0.0724,0.0822,0,0,0.194,0.0096
0.0493,0.0936,0.0936,0,0,0,0,0,0,0.1465,0,0,0,0,0,0,0,0.0008,0,0,0.0162,0
0,0,0,0,0,0,0,0,0,0.011,0,0,0,0,0,0,0,0,0,0,0,0
0,0,0,0,0,0,0,0,0,0,0,0,0,0,0,0,0,0,0,0,0,0
0,0,0,0,0,0,0,0,0,0,0,0,0,0,0,0,0,0,0,0,0,0
0,0,0,0,0,0,0,0,0,0,0,0,0,0,0,0,0,0,0,0,0,0
0,0,0,0,0,0,0,0,0,0,0,0,0,0,0,0,0,0,0,0,0,0
0,0,0,0,0,0,0,0,0,0,0,0,0,0,0,0,0,0,0,0,0,0
0,0,0,0,0,0,0,0,0,0,0,0,0,0,0,0,0,0,0,0,0,0
0,0,0,0,0,0,0,0,0,0,0,0,0,0,0,0,0,0,0,0,0,0
0,0,0,0,0.0098,0,0,0,0,0,0.0036,0.0036,0,0,0.002,3.00E-04,0,0,0,0,0,0
0,0,0,0.0498,0.1846,0.0055,0.0336,0,0.0024,0,0.1344,0.1344,0.0072,0.0658,0.115,0.0715,0,0,0.026,0.0112,0,0
0,0,0,0.3619,0.441,0.1179,0.2388,0.0363,0.0949,0,0.3816,0.3816,0.1464,0.2163,0.356,0.2888,0.0024,0.1304,0.1424,0.1624,8.00E-04,0.0384
0.0207,0.0024,0.0024,0.7709,0.6635,0.3298,0.4764,0.1627,0.2908,0.0049,0.606,0.606,0.3648,0.4114,0.5831,0.5173,0.1261,0.6564,0.2697,0.3792,0.0325,0.24
0.2121,0.1056,0.1056,1.1799,0.8267,0.5383,0.6732,0.3092,0.4915,0.0985,0.7752,0.7752,0.5688,0.5982,0.755,0.701,0.3446,1.2771,0.3866,0.571,0.1933,0.4632
0.4492,0.2832,0.2832,1.504,0.9269,0.6997,0.8148,0.4125,0.655,0.2636,0.8844,0.8844,0.7236,0.7741,0.8668,0.8284,0.5421,1.8026,0.4989,0.7145,0.4112,0.6432
0.6439,0.4692,0.4692,1.6758,0.9668,0.8079,0.8976,0.4897,0.7689,0.4921,0.9348,0.9348,0.8256,0.874,0.9208,0.8972,0.7193,2.1913,0.5524,0.8013,0.5931,0.7692
0.785,0.6276,0.6276,1.7229,0.9498,0.86,0.924,0.5213,0.8336,0.6184,0.9276,0.9276,0.8712,0.8948,0.918,0.9086,0.8387,2.4274,0.5493,0.8305,0.732,0.84
0.8615,0.7548,0.7548,1.6491,0.876,0.8558,0.888,0.5349,0.8463,0.6829,0.864,0.864,0.8568,0.8458,0.8558,0.8595,0.8831,2.516,0.4827,0.8044,0.8272,0.8532
0.8896,0.8112,0.8112,1.4634,0.7445,0.798,0.804,0.5085,0.7979,0.6862,0.744,0.744,0.7908,0.7323,0.7456,0.7633,0.8454,2.4143,0.3902,0.7246,0.8567,0.816
0.8653,0.8208,0.8208,1.1652,0.5535,0.6865,0.6636,0.4559,0.6957,0.6406,0.5652,0.5652,0.6696,0.5556,0.5674,0.6002,0.7792,2.1516,0.2794,0.5953,0.8242,0.7272
0.7741,0.768,0.768,0.7601,0.3134,0.5197,0.4716,0.3459,0.5319,0.6079,0.3396,0.3396,0.4968,0.3312,0.3453,0.3914,0.6704,1.7162,0.1639,0.3961,0.7445,0.5832
0.6344,0.6756,0.6756,0.3101,0.0783,0.3143,0.2436,0.2116,0.3357,0.5788,0.1044,0.1044,0.2856,0.1156,0.1159,0.1665,0.5001,1.1676,0.0757,0.2254,0.6064,0.39
0.4349,0.5052,0.5052,0.0148,0,0.1097,0.0432,0.0805,0.1355,0.5218,0.0012,0.0012,0.0852,0.0029,0.0028,0.0183,0.3006,0.5518,0.0067,0.0569,0.4167,0.1716
0.215,0.288,0.288,0,0,0.0046,0,0.0038,0.0089,0.3484,0,0,0,0,0,0,0.0996,0.0771,0,0,0.1949,0.0108
0.041,0.0816,0.0816,0,0,0,0,0,0,0.1433,0,0,0,0,0,0,0.0012,0.0006,0,0,0.0167,0
0,0,0,0,0,0,0,0,0,0.0104,0,0,0,0,0,0,0,0,0,0,0,0
0,0,0,0,0,0,0,0,0,0,0,0,0,0,0,0,0,0,0,0,0,0
0,0,0,0,0,0,0,0,0,0,0,0,0,0,0,0,0,0,0,0,0,0
0,0,0,0,0,0,0,0,0,0,0,0,0,0,0,0,0,0,0,0,0,0
0,0,0,0,0,0,0,0,0,0,0,0,0,0,0,0,0,0,0,0,0,0
0,0,0,0,0,0,0,0,0,0,0,0,0,0,0,0,0,0,0,0,0,0
0,0,0,0,0,0,0,0,0,0,0,0,0,0,0,0,0,0,0,0,0,0
0,0,0,0,0,0,0,0,0,0,0,0,0,0,0,0,0,0,0,0,0,0
0,0,0,0,0.0097,0,0,0,0,0,0.0036,0.0036,0,0,0.0019,2.00E-04,0,0,0,0,0,0
0,0,0,0.0522,0.1812,0.0048,0.0324,0,0.0024,0,0.1368,0.1368,0.0072,0.0855,0.1152,0.0708,0,0,0.0168,0.0095,0,0
0,0,0,0.4225,0.4313,0.1268,0.2268,0.0276,0.0955,0,0.3876,0.3876,0.1536,0.2941,0.3545,0.2904,0.0012,0.1293,0.089,0.1409,8.00E-04,0.0372
0.0201,0.0024,0.0024,0.8601,0.6394,0.3538,0.4572,0.1308,0.2897,0.0052,0.6096,0.6096,0.3852,0.5083,0.5769,0.5201,0.1205,0.6845,0.1816,0.3392,0.0303,0.24
0.1766,0.1284,0.1284,1.2148,0.794,0.5659,0.654,0.2603,0.4766,0.1047,0.7788,0.7788,0.5928,0.6803,0.7476,0.701,0.3388,1.3311,0.2778,0.5221,0.175,0.4608
0.3784,0.3492,0.3492,1.4819,0.8626,0.7226,0.798,0.3886,0.6342,0.293,0.8844,0.8844,0.738,0.7914,0.8579,0.8242,0.5377,1.8601,0.3567,0.6581,0.3561,0.6336
0.5656,0.5412,0.5412,1.6014,0.8706,0.8276,0.8832,0.4515,0.7344,0.4866,0.93,0.93,0.8388,0.8428,0.9101,0.89,0.6993,2.1971,0.3947,0.7232,0.5348,0.7536
0.7023,0.6936,0.6936,1.614,0.8402,0.8761,0.9108,0.4497,0.7472,0.6539,0.9144,0.9144,0.882,0.839,0.9025,0.8983,0.8113,2.3543,0.3869,0.7371,0.673,0.8196
0.8012,0.7944,0.7944,1.5169,0.773,0.858,0.8736,0.4288,0.7258,0.8045,0.834,0.834,0.852,0.7758,0.8262,0.8396,0.8751,2.3762,0.3672,0.6922,0.7687,0.8436
0.8139,0.8616,0.8616,1.3099,0.6733,0.8007,0.7884,0.42,0.6852,0.8395,0.6984,0.6984,0.7872,0.653,0.7023,0.7368,0.8574,2.2928,0.3363,0.604,0.7995,0.8064
0.7644,0.8472,0.8472,1.0289,0.4887,0.6895,0.648,0.3757,0.5783,0.8372,0.5124,0.5124,0.6672,0.4821,0.5263,0.5787,0.7631,2.0429,0.2733,0.4746,0.7789,0.6828
0.6407,0.8076,0.8076,0.6501,0.2582,0.528,0.4536,0.2817,0.4603,0.7299,0.288,0.288,0.4968,0.2983,0.3058,0.3711,0.6207,1.6534,0.1829,0.3338,0.6932,0.4788
0.4926,0.6924,0.6924,0.2694,0.0655,0.3223,0.2304,0.1665,0.3117,0.6028,0.0864,0.0864,0.288,0.1022,0.1004,0.1553,0.458,1.1297,0.0852,0.1827,0.562,0.2952
0.3431,0.5232,0.5232,0.0123,0,0.1118,0.0396,0.0589,0.1271,0.5391,0,0,0.084,0.0018,0.0016,0.0163,0.2526,0.5378,0.0073,0.0426,0.3875,0.1272
0.1867,0.3072,0.3072,0,0,0.0064,0,0.002,0.0081,0.3712,0,0,0,0,0,0,0.0788,0.0712,0,0,0.1834,0.0084
0.0411,0.0876,0.0876,0,0,0,0,0,0,0.1442,0,0,0,0,0,0,0.0012,0.0006,0,0,0.0169,0
0,0,0,0,0,0,0,0,0,0.0093,0,0,0,0,0,0,0,0,0,0,0,0
0,0,0,0,0,0,0,0,0,0,0,0,0,0,0,0,0,0,0,0,0,0
0,0,0,0,0,0,0,0,0,0,0,0,0,0,0,0,0,0,0,0,0,0
0,0,0,0,0,0,0,0,0,0,0,0,0,0,0,0,0,0,0,0,0,0
0,0,0,0,0,0,0,0,0,0,0,0,0,0,0,0,0,0,0,0,0,0
0,0,0,0,0,0,0,0,0,0,0,0,0,0,0,0,0,0,0,0,0,0
0,0,0,0,0,0,0,0,0,0,0,0,0,0,0,0,0,0,0,0,0,0
0,0,0,0,0,0,0,0,0,0,0,0,0,0,0,0,0,0,0,0,0,0
0,0,0,0,0.0099,0,0,0,0,0,0.0024,0.0024,0,0,0.0013,2.00E-04,0,0,0,0,0,0
0,0,0,0.0522,0.1622,0.0051,0.03,0,0.0021,0,0.1236,0.1236,0.006,0.0816,0.1036,0.0644,0,0,0.0366,0.0098,0,0
0,0,0,0.4002,0.3934,0.1137,0.2112,0.0221,0.0932,0,0.3636,0.3636,0.1392,0.2955,0.3408,0.2792,0.0012,0.111,0.2224,0.1104,6.00E-04,0.0264
0.0168,0.0012,0.0012,0.7645,0.5928,0.2867,0.4344,0.1024,0.2971,0.0041,0.5832,0.5832,0.3516,0.5199,0.5659,0.5021,0.1304,0.5625,0.4486,0.2308,0.0304,0.1536
0.1139,0.1284,0.1284,1.0766,0.7124,0.4237,0.6228,0.1956,0.4964,0.0829,0.7488,0.7488,0.5496,0.6974,0.7346,0.6748,0.3789,1.0683,0.6424,0.3237,0.2076,0.3012
0.229,0.3708,0.3708,1.25,0.7554,0.4958,0.7512,0.2777,0.6479,0.2615,0.8556,0.8556,0.7008,0.8105,0.8459,0.7898,0.6004,1.4726,0.7689,0.409,0.4104,0.444
0.354,0.5904,0.5904,1.3529,0.84,0.5283,0.8268,0.3341,0.7594,0.4756,0.9048,0.9048,0.792,0.8705,0.8988,0.8488,0.7653,1.7473,0.8319,0.493,0.5773,0.5364
0.499,0.756,0.756,1.3935,0.8346,0.5229,0.8472,0.3618,0.8148,0.6782,0.8964,0.8964,0.8136,0.8729,0.896,0.8534,0.8703,1.9004,0.8325,0.5372,0.6905,0.5868
0.6714,0.8604,0.8604,1.3333,0.7056,0.4816,0.8124,0.3743,0.8196,0.8417,0.8292,0.8292,0.762,0.8122,0.8322,0.7974,0.9091,1.9591,0.7954,0.5413,0.7733,0.6216
0.7503,0.9084,0.9084,1.2132,0.5967,0.3959,0.7308,0.36,0.7599,0.8718,0.708,0.708,0.6156,0.6926,0.7161,0.6935,0.8785,1.8775,0.6824,0.4868,0.8049,0.6048
0.7326,0.9012,0.9012,0.967,0.4387,0.2979,0.5976,0.3057,0.6314,0.8616,0.528,0.528,0.456,0.5033,0.5436,0.5206,0.8116,1.663,0.5332,0.3952,0.7761,0.5172
0.6444,0.84,0.84,0.5973,0.2396,0.1951,0.4164,0.2424,0.4521,0.777,0.3036,0.3036,0.2904,0.3102,0.3243,0.3086,0.6801,1.3294,0.3483,0.2677,0.6868,0.4092
0.5011,0.7212,0.7212,0.2268,0.0591,0.1031,0.2052,0.1592,0.2618,0.6792,0.0888,0.0888,0.1464,0.1084,0.1055,0.1117,0.5048,0.9047,0.1461,0.1461,0.5485,0.2736
0.3487,0.5148,0.5148,0.0106,0,0.0299,0.0336,0.0666,0.0969,0.541,0,0,0.036,0.0017,0.0016,0.0075,0.2956,0.4339,0.0096,0.0362,0.3593,0.1272
0.1811,0.2976,0.2976,0,0,5.00E-04,0,0.0029,0.0051,0.3709,0,0,0,0,0,0,0.0985,0.056,0,0,0.1614,0.0096
0.037,0.0864,0.0864,0,0,0,0,0,0,0.1523,0,0,0,0,0,0,0.0012,0.0005,0,0,0.0169,0
0,0,0,0,0,0,0,0,0,0.0082,0,0,0,0,0,0,0,0,0,0,0,0
0,0,0,0,0,0,0,0,0,0,0,0,0,0,0,0,0,0,0,0,0,0
0,0,0,0,0,0,0,0,0,0,0,0,0,0,0,0,0,0,0,0,0,0
0,0,0,0,0,0,0,0,0,0,0,0,0,0,0,0,0,0,0,0,0,0
0,0,0,0,0,0,0,0,0,0,0,0,0,0,0,0,0,0,0,0,0,0
0,0,0,0,0,0,0,0,0,0,0,0,0,0,0,0,0,0,0,0,0,0
0,0,0,0,0,0,0,0,0,0,0,0,0,0,0,0,0,0,0,0,0,0
0,0,0,0,0,0,0,0,0,0,0,0,0,0,0,0,0,0,0,0,0,0
0,0,0,0,0.0083,0,0,0,0,0,0.0024,0.0024,0,0,0.0012,0,0,0,0,0,0,0
0,0,0,0.0498,0.148,8.00E-04,0.0228,0,0.0016,0,0.1068,0.1068,0.0012,0.0668,0.0809,0.0405,0,0,0.036,0.0079,0,0
0,0,0,0.4167,0.3816,0.0297,0.1416,0.0349,0.0661,0,0.3048,0.3048,0.0432,0.2277,0.2297,0.1327,0.0012,0.0826,0.2232,0.1156,3.00E-04,0.0156
0.0103,0.0012,0.0012,0.8689,0.5971,0.0856,0.3156,0.1615,0.2133,0.004,0.5208,0.5208,0.114,0.355,0.3917,0.2307,0.1249,0.481,0.4446,0.2681,0.019,0.1092
0.167,0.144,0.144,1.2692,0.7619,0.1534,0.5028,0.3138,0.3653,0.093,0.6996,0.6996,0.198,0.4821,0.5399,0.3368,0.3659,0.9748,0.6257,0.4068,0.1127,0.2196
0.3928,0.402,0.402,1.5193,0.8673,0.2232,0.642,0.444,0.5014,0.283,0.8124,0.8124,0.2772,0.6062,0.6432,0.4213,0.5853,1.4125,0.7485,0.4966,0.2459,0.3036
0.6073,0.6264,0.6264,1.6664,0.9061,0.2769,0.7008,0.5302,0.5991,0.4921,0.8676,0.8676,0.3264,0.6337,0.6961,0.4669,0.74,1.7383,0.8054,0.5329,0.3743,0.372
0.7261,0.7908,0.7908,1.7053,0.8714,0.3006,0.6972,0.577,0.6418,0.756,0.8616,0.8616,0.3336,0.5037,0.6927,0.4671,0.843,1.9224,0.8004,0.5104,0.4711,0.3936
0.7907,0.8964,0.8964,1.6289,0.7459,0.2915,0.6168,0.5844,0.6292,0.8745,0.7956,0.7956,0.3048,0.3607,0.6178,0.4058,0.8604,1.9886,0.7402,0.4765,0.6079,0.3828
0.8097,0.9432,0.9432,1.4348,0.5795,0.2907,0.4548,0.5458,0.574,0.9217,0.6684,0.6684,0.2652,0.2588,0.516,0.3404,0.8079,1.9492,0.6284,0.4293,0.7222,0.3468
0.7737,0.9372,0.9372,1.1427,0.4029,0.2776,0.2928,0.4669,0.4843,0.918,0.4128,0.4128,0.216,0.1993,0.3426,0.255,0.708,1.7826,0.4533,0.3668,0.7242,0.2844
0.6846,0.8748,0.8748,0.7471,0.2157,0.2311,0.162,0.3511,0.3737,0.8671,0.2256,0.2256,0.1404,0.1408,0.1969,0.1599,0.5521,1.4673,0.2806,0.2686,0.6323,0.2028
0.5627,0.756,0.756,0.3,0.0561,0.1593,0.0684,0.219,0.2443,0.7117,0.0648,0.0648,0.0564,0.0522,0.0582,0.0604,0.3569,1.0292,0.113,0.1601,0.4914,0.1248
0.4225,0.5772,0.5772,0.0128,0,0.0715,0.0108,0.0699,0.1061,0.5747,0,0,0.0156,3.00E-04,1.00E-04,0.0044,0.1968,0.4885,0.0072,0.0418,0.3741,0.0504
0.2394,0.342,0.342,0,0,0.0036,0,9.00E-04,0.0062,0.3707,0,0,0,0,0,0,0.0626,0.0508,0,0,0.1829,0.0024
0.0411,0.0924,0.0924,0,0,0,0,0,0,0.1373,0,0,0,0,0,0,0,0.0003,0,0,0.0149,0
0,0,0,0,0,0,0,0,0,0.0071,0,0,0,0,0,0,0,0,0,0,0,0
0,0,0,0,0,0,0,0,0,0,0,0,0,0,0,0,0,0,0,0,0,0
0,0,0,0,0,0,0,0,0,0,0,0,0,0,0,0,0,0,0,0,0,0
0,0,0,0,0,0,0,0,0,0,0,0,0,0,0,0,0,0,0,0,0,0
0,0,0,0,0,0,0,0,0,0,0,0,0,0,0,0,0,0,0,0,0,0
0,0,0,0,0,0,0,0,0,0,0,0,0,0,0,0,0,0,0,0,0,0
0,0,0,0,0,0,0,0,0,0,0,0,0,0,0,0,0,0,0,0,0,0
0,0,0,0,0,0,0,0,0,0,0,0,0,0,0,0,0,0,0,0,0,0
0,0,0,0,0.0042,0,0,0,0,0,0.0012,0.0012,0,0,6.00E-04,0,0,0,0,0,0,0
0,0,0,0.0498,0.0841,7.00E-04,0.0216,0,0.0016,0,0.0984,0.0984,0,0.053,0.0623,0.0244,0,0,0.0288,0.0043,0,0
0,0,0,0.3981,0.2187,0.0564,0.15,0.05,0.0929,0,0.2868,0.2868,0.0396,0.2106,0.1976,0.1107,0,0.1212,0.1972,0.0634,6.00E-04,0.0276
0.0165,0.0012,0.0012,0.806,0.345,0.2073,0.2964,0.1999,0.31,0.004,0.492,0.492,0.1344,0.3844,0.3431,0.2121,0.0942,0.6872,0.409,0.1579,0.0289,0.1788
0.2191,0.1428,0.1428,1.2091,0.494,0.3761,0.4044,0.3617,0.5215,0.0717,0.6696,0.6696,0.2376,0.5482,0.4541,0.2994,0.3177,1.3444,0.5931,0.2719,0.2208,0.3564
0.4682,0.402,0.402,1.4785,0.5981,0.5141,0.4668,0.4994,0.6807,0.216,0.7488,0.7488,0.3432,0.6249,0.5105,0.3426,0.5479,1.8899,0.7262,0.3894,0.4437,0.51
0.6711,0.624,0.624,1.59,0.5905,0.5969,0.5304,0.6273,0.7832,0.3774,0.7356,0.7356,0.4356,0.6395,0.497,0.3578,0.7372,2.2705,0.7916,0.4909,0.625,0.606
0.8144,0.786,0.786,1.5838,0.5202,0.6213,0.4968,0.6953,0.8367,0.5825,0.7092,0.7092,0.4848,0.627,0.4917,0.3486,0.8333,2.4837,0.8002,0.5324,0.7553,0.6756
0.899,0.8868,0.8868,1.5004,0.4074,0.6159,0.4356,0.7248,0.8254,0.7166,0.5952,0.5952,0.516,0.5364,0.4174,0.3192,0.854,2.5436,0.7708,0.5138,0.8281,0.7224
0.9276,0.9312,0.9312,1.3164,0.3249,0.5895,0.3624,0.7053,0.738,0.6987,0.4344,0.4344,0.558,0.412,0.3128,0.2696,0.7511,2.4362,0.6719,0.4069,0.8478,0.7308
0.9026,0.9228,0.9228,0.9935,0.2367,0.5041,0.2928,0.63,0.6514,0.7196,0.2952,0.2952,0.492,0.2827,0.2112,0.1857,0.6319,2.183,0.532,0.2742,0.8162,0.6756
0.8228,0.8604,0.8604,0.5938,0.1284,0.3904,0.1956,0.49,0.5092,0.7786,0.1392,0.1392,0.39,0.1512,0.1032,0.108,0.4293,1.7658,0.3399,0.1761,0.7264,0.5484
0.6884,0.7416,0.7416,0.2097,0.036,0.2416,0.1092,0.3006,0.3183,0.7711,0.0336,0.0336,0.2292,0.0449,0.0296,0.0426,0.2396,1.1886,0.1435,0.0867,0.585,0.3708
0.4966,0.564,0.564,0.0113,0,0.0874,0.0204,0.11,0.124,0.6081,0,0,0.0636,5.00E-04,0,0.0033,0.0987,0.5481,0.0084,0.019,0.3976,0.1596
0.2583,0.3324,0.3324,0,0,0.0032,0,0.0023,0.0065,0.3897,0,0,0,0,0,0,0.0303,0.0598,0,0,0.1824,0.0072
0.0389,0.09,0.09,0,0,0,0,0,0,0.1522,0,0,0,0,0,0,0,0.0003,0,0,0.0148,0
0,0,0,0,0,0,0,0,0,0.006,0,0,0,0,0,0,0,0,0,0,0,0
0,0,0,0,0,0,0,0,0,0,0,0,0,0,0,0,0,0,0,0,0,0
0,0,0,0,0,0,0,0,0,0,0,0,0,0,0,0,0,0,0,0,0,0
0,0,0,0,0,0,0,0,0,0,0,0,0,0,0,0,0,0,0,0,0,0
0,0,0,0,0,0,0,0,0,0,0,0,0,0,0,0,0,0,0,0,0,0
0,0,0,0,0,0,0,0,0,0,0,0,0,0,0,0,0,0,0,0,0,0
0,0,0,0,0,0,0,0,0,0,0,0,0,0,0,0,0,0,0,0,0,0
0,0,0,0,0,0,0,0,0,0,0,0,0,0,0,0,0,0,0,0,0,0
0,0,0,0,0.0065,0,0,0,0,0,0,0,0,0,0,0,0,0,0,0,0,0
0,0,0,0.0498,0.1663,0.0026,0.024,0,0.0013,0,0.066,0.066,0.0036,0.0368,0.0421,0.0169,0,0,0.0205,0.0061,0,0
0,0,0,0.3863,0.4087,0.0966,0.2004,0.0646,0.076,0,0.1824,0.1824,0.1356,0.1649,0.1273,0.0795,0,0.1094,0.1501,0.1159,7.00E-04,0.0324
0.0153,0.0012,0.0012,0.766,0.6195,0.2958,0.4212,0.2565,0.2324,0.0038,0.3024,0.3024,0.3576,0.3418,0.219,0.1682,0.1236,0.6393,0.3488,0.2765,0.0293,0.2304
0.2151,0.126,0.126,1.0671,0.7767,0.493,0.6084,0.4559,0.3926,0.1019,0.3972,0.3972,0.564,0.4765,0.2978,0.2391,0.3754,1.1558,0.547,0.4339,0.2041,0.4476
0.4631,0.3384,0.3384,1.2248,0.8716,0.646,0.7488,0.6239,0.5313,0.3281,0.4656,0.4656,0.7236,0.6018,0.3524,0.2893,0.5984,1.5571,0.6763,0.5812,0.4145,0.624
0.6632,0.5304,0.5304,1.2887,0.9018,0.7583,0.828,0.7387,0.6557,0.5776,0.5076,0.5076,0.8244,0.6841,0.4014,0.3441,0.7674,1.8812,0.7374,0.6716,0.6042,0.7392
0.8014,0.6984,0.6984,1.2399,0.8782,0.8318,0.8484,0.7934,0.7072,0.7317,0.5208,0.5208,0.8676,0.671,0.4234,0.3682,0.8705,2.0915,0.7238,0.6802,0.7471,0.798
0.8811,0.8196,0.8196,1.1281,0.8049,0.8223,0.8112,0.7949,0.6661,0.8743,0.5064,0.5064,0.8532,0.5653,0.409,0.341,0.9101,2.173,0.6822,0.6548,0.8224,0.8004
0.9085,0.87,0.87,0.9371,0.6797,0.7634,0.7332,0.7419,0.6026,0.9371,0.432,0.432,0.7896,0.3987,0.3195,0.2565,0.8829,2.0912,0.5245,0.5712,0.8434,0.7596
0.884,0.87,0.87,0.681,0.4987,0.6592,0.5904,0.6359,0.5428,0.9377,0.3252,0.3252,0.6732,0.2639,0.2248,0.1873,0.7948,1.8689,0.4069,0.4505,0.8127,0.6708
0.8043,0.8124,0.8124,0.4213,0.2734,0.4896,0.3984,0.4741,0.4162,0.8788,0.1872,0.1872,0.4968,0.1413,0.1249,0.1219,0.6514,1.5382,0.2525,0.3156,0.73,0.5352
0.6694,0.6852,0.6852,0.156,0.0614,0.2896,0.1788,0.2863,0.2104,0.7657,0.0468,0.0468,0.2784,0.0426,0.0355,0.0592,0.5102,1.0246,0.1008,0.1707,0.5887,0.3576
0.4804,0.5076,0.5076,0.0044,0,0.0966,0.0276,0.0996,0.072,0.598,0,0,0.0708,1.00E-04,0,0.0069,0.3214,0.4426,0.0042,0.0398,0.3976,0.1536
0.2485,0.2916,0.2916,0,0,0.0032,0,0.0017,0.0038,0.3789,0,0,0,0,0,0,0.108,0.0453,0,0,0.1786,0.006
0.0363,0.078,0.078,0,0,0,0,0,0,0.1445,0,0,0,0,0,0,0,0.0003,0,0,0.0145,0
0,0,0,0,0,0,0,0,0,0.0055,0,0,0,0,0,0,0,0,0,0,0,0
0,0,0,0,0,0,0,0,0,0,0,0,0,0,0,0,0,0,0,0,0,0
0,0,0,0,0,0,0,0,0,0,0,0,0,0,0,0,0,0,0,0,0,0
0,0,0,0,0,0,0,0,0,0,0,0,0,0,0,0,0,0,0,0,0,0
0,0,0,0,0,0,0,0,0,0,0,0,0,0,0,0,0,0,0,0,0,0
0,0,0,0,0,0,0,0,0,0,0,0,0,0,0,0,0,0,0,0,0,0
0,0,0,0,0,0,0,0,0,0,0,0,0,0,0,0,0,0,0,0,0,0
0,0,0,0,0,0,0,0,0,0,0,0,0,0,0,0,0,0,0,0,0,0
0,0,0,0,0.0023,0,0,0,0,0,0.0012,0.0012,0,0,0,0,0,0,0,0,0,0
0,0,0,0.0095,0.0682,0.0017,0.0192,0,9.00E-04,0,0.0924,0.0924,0,0.0255,0.0607,0.0265,0,0,0.0208,0.0047,0,0
0,0,0,0.1111,0.1885,0.0768,0.144,0.0571,0.0816,0,0.2604,0.2604,0.054,0.1096,0.1953,0.1393,0,0.113,0.1536,0.1195,6.00E-04,0.0276
0.0148,0,0,0.2865,0.3233,0.2777,0.2952,0.2576,0.2832,0.0035,0.4044,0.4044,0.24,0.2188,0.3337,0.2843,0.1261,0.6889,0.3256,0.2879,0.0297,0.2364
0.2023,0.1188,0.1188,0.5212,0.4253,0.499,0.3912,0.4751,0.4842,0.1039,0.5112,0.5112,0.4788,0.3629,0.4269,0.3993,0.3852,1.363,0.4823,0.4958,0.2087,0.4644
0.4433,0.354,0.354,0.7054,0.478,0.6775,0.33,0.6591,0.6346,0.341,0.6048,0.6048,0.6708,0.4643,0.4907,0.4663,0.6108,1.9035,0.6069,0.6699,0.4169,0.6492
0.6455,0.5736,0.5736,0.7388,0.4967,0.7787,0.4032,0.7753,0.7284,0.5743,0.6492,0.6492,0.7692,0.5702,0.5079,0.504,0.7812,2.2252,0.6643,0.7618,0.5801,0.774
0.79,0.7344,0.7344,0.733,0.4807,0.8153,0.528,0.8326,0.741,0.7547,0.6468,0.6468,0.7968,0.6217,0.4721,0.4842,0.8892,2.4339,0.6738,0.8022,0.6873,0.8436
0.8742,0.8364,0.8364,0.6852,0.4099,0.7727,0.5076,0.8342,0.7341,0.8765,0.5592,0.5592,0.7692,0.6201,0.4131,0.4216,0.9384,2.4404,0.6227,0.7857,0.757,0.8556
0.9034,0.8784,0.8784,0.5984,0.3276,0.6264,0.468,0.783,0.7024,0.9318,0.4344,0.4344,0.6984,0.558,0.335,0.3423,0.9336,2.1993,0.5462,0.7201,0.7776,0.8184
0.8792,0.8664,0.8664,0.4559,0.2265,0.477,0.3696,0.6799,0.6289,0.9306,0.3084,0.3084,0.5676,0.413,0.2699,0.2937,0.8618,1.9347,0.4334,0.6029,0.7562,0.7296
0.8073,0.81,0.81,0.2882,0.127,0.3763,0.2568,0.5197,0.4926,0.8737,0.1776,0.1776,0.3684,0.2531,0.1578,0.1857,0.7572,1.6921,0.2812,0.4371,0.6898,0.5844
0.67,0.6876,0.6876,0.1131,0.0357,0.2356,0.1188,0.3192,0.3006,0.7626,0.06,0.06,0.138,0.0826,0.0536,0.0808,0.5773,1.1969,0.1159,0.2331,0.5701,0.3888
0.478,0.5136,0.5136,0.0019,0,0.0855,0.018,0.1101,0.111,0.5957,0,0,0.0348,2.00E-04,0,0.0086,0.3433,0.5423,0.0054,0.0474,0.3924,0.1644
0.2464,0.2928,0.2928,0,0,0.0027,0,0.0017,0.0044,0.3771,0,0,0,0,0,0,0.1116,0.0526,0,0,0.1781,0.006
0.0344,0.0792,0.0792,0,0,0,0,0,0,0.1423,0,0,0,0,0,0,0,0.0003,0,0,0.0135,0
0,0,0,0,0,0,0,0,0,0.0044,0,0,0,0,0,0,0,0,0,0,0,0
0,0,0,0,0,0,0,0,0,0,0,0,0,0,0,0,0,0,0,0,0,0
0,0,0,0,0,0,0,0,0,0,0,0,0,0,0,0,0,0,0,0,0,0
0,0,0,0,0,0,0,0,0,0,0,0,0,0,0,0,0,0,0,0,0,0
0,0,0,0,0,0,0,0,0,0,0,0,0,0,0,0,0,0,0,0,0,0
0,0,0,0,0,0,0,0,0,0,0,0,0,0,0,0,0,0,0,0,0,0
0,0,0,0,0,0,0,0,0,0,0,0,0,0,0,0,0,0,0,0,0,0
0,0,0,0,0,0,0,0,0,0,0,0,0,0,0,0,0,0,0,0,0,0
0,0,0,0,8.00E-04,0,0,0,0,0,0,0,0,0,0,0,0,0,0,0,0,0
0,0,0,0.0142,0.0394,0.0029,0.0192,0,5.00E-04,0,0.066,0.066,0.0036,0.0681,0.0607,0.0449,0,0,0.0245,0.0056,0,0
0,0,0,0.161,0.1033,0.1003,0.1824,0.062,0.0613,0,0.1968,0.1968,0.1164,0.2302,0.1828,0.1877,0,0.1089,0.1707,0.131,6.00E-04,0.0264
0.0144,0,0,0.3534,0.2014,0.2973,0.3852,0.2504,0.2352,0.0039,0.3072,0.3072,0.288,0.3961,0.2942,0.3517,0.1212,0.6834,0.347,0.3425,0.0288,0.2316
0.1982,0.0588,0.0588,0.5291,0.2674,0.4535,0.5628,0.4595,0.4384,0.1004,0.3468,0.3468,0.3492,0.5565,0.3765,0.5032,0.384,1.3622,0.5136,0.5242,0.2169,0.4596
0.4336,0.1728,0.1728,0.6798,0.2964,0.5582,0.6756,0.6249,0.6372,0.332,0.3708,0.3708,0.4044,0.7008,0.426,0.589,0.6228,1.9257,0.6639,0.6475,0.4327,0.6348
0.634,0.2988,0.2988,0.7676,0.3247,0.6368,0.7116,0.7516,0.7554,0.559,0.3456,0.3456,0.546,0.7774,0.4325,0.6331,0.7968,2.3112,0.7973,0.7347,0.6082,0.7596
0.7816,0.4224,0.4224,0.7711,0.3725,0.6921,0.654,0.8048,0.8097,0.7338,0.33,0.33,0.708,0.7734,0.4301,0.6235,0.906,2.5248,0.8592,0.7789,0.7299,0.834
0.8544,0.4956,0.4956,0.7022,0.3756,0.6788,0.5436,0.8108,0.8044,0.8521,0.3588,0.3588,0.6864,0.7157,0.4471,0.5894,0.954,2.5875,0.8312,0.748,0.7925,0.8472
0.8631,0.4956,0.4956,0.5775,0.3363,0.6325,0.246,0.7451,0.7403,0.9051,0.3768,0.3768,0.618,0.6269,0.4351,0.5181,0.9468,2.4721,0.7394,0.6598,0.8169,0.8112
0.7574,0.4356,0.4356,0.4278,0.2609,0.5472,0.1344,0.6366,0.6266,0.9013,0.306,0.306,0.4956,0.4724,0.3483,0.385,0.8856,2.1935,0.5889,0.5229,0.7929,0.7212
0.6203,0.4032,0.4032,0.2581,0.1609,0.4073,0.0936,0.4697,0.4803,0.8461,0.1872,0.1872,0.3348,0.2792,0.2186,0.2373,0.7703,1.7472,0.3722,0.3496,0.7094,0.576
0.5162,0.3948,0.3948,0.0969,0.0448,0.2468,0.0492,0.2752,0.3051,0.7354,0.0552,0.0552,0.1692,0.0932,0.0734,0.0936,0.5963,1.1533,0.1531,0.1804,0.5717,0.3816
0.3963,0.33,0.33,0.002,0,0.0864,0.0048,0.0903,0.1158,0.5634,0,0,0.048,5.00E-04,5.00E-04,0.0062,0.3671,0.5063,0.0078,0.0372,0.3903,0.1596
0.2146,0.1992,0.1992,0,0,0.0023,0,0.0014,0.0043,0.3459,0,0,0,0,0,0,0.1152,0.0492,0,0,0.1725,0.006
0.0283,0.0528,0.0528,0,0,0,0,0,0,0.1286,0,0,0,0,0,0,0,0.0001,0,0,0.0137,0
0,0,0,0,0,0,0,0,0,0.0038,0,0,0,0,0,0,0,0,0,0,0,0
0,0,0,0,0,0,0,0,0,0,0,0,0,0,0,0,0,0,0,0,0,0
0,0,0,0,0,0,0,0,0,0,0,0,0,0,0,0,0,0,0,0,0,0
0,0,0,0,0,0,0,0,0,0,0,0,0,0,0,0,0,0,0,0,0,0
0,0,0,0,0,0,0,0,0,0,0,0,0,0,0,0,0,0,0,0,0,0
0,0,0,0,0,0,0,0,0,0,0,0,0,0,0,0,0,0,0,0,0,0
0,0,0,0,0,0,0,0,0,0,0,0,0,0,0,0,0,0,0,0,0,0
0,0,0,0,0,0,0,0,0,0,0,0,0,0,0,0,0,0,0,0,0,0
0,0,0,0,0.0051,0,0,0,0,0,0,0,0,0,0,0,0,0,0,0,0,0
0,0,0,0.0285,0.1082,0.0018,0.0108,0,8.00E-04,0,0.0732,0.0732,0.0024,0.0777,0.0517,0.0312,0,0,0.0287,0.006,0,0
0,0,0,0.2154,0.29,0.0979,0.132,0.0664,0.0888,0,0.2004,0.2004,0.1332,0.2898,0.1529,0.1526,0,0.1061,0.2096,0.1342,6.00E-04,0.0264
0.0128,0,0,0.4315,0.4204,0.3112,0.33,0.2796,0.3193,0.0013,0.2772,0.2772,0.3624,0.5077,0.2262,0.2848,0.1273,0.6763,0.4273,0.3262,0.0279,0.2316
0.1639,0.114,0.114,0.6023,0.4688,0.5278,0.468,0.4979,0.5417,0.0846,0.3156,0.3156,0.5736,0.6627,0.2706,0.3831,0.389,1.3581,0.6225,0.5222,0.1796,0.4596
0.3887,0.3456,0.3456,0.7009,0.4797,0.6923,0.5652,0.6727,0.7048,0.3045,0.3384,0.3384,0.7416,0.7481,0.306,0.4531,0.5956,1.8789,0.74,0.6748,0.3433,0.648
0.5869,0.5616,0.5616,0.7647,0.4531,0.8015,0.6408,0.7876,0.8158,0.5322,0.3432,0.3432,0.846,0.7555,0.3349,0.5034,0.7362,2.2367,0.7884,0.7684,0.4698,0.774
0.7391,0.726,0.726,0.7609,0.4116,0.8614,0.7224,0.8463,0.8698,0.7095,0.3552,0.3552,0.8928,0.6291,0.3591,0.5254,0.7652,2.4515,0.7731,0.7947,0.5651,0.8436
0.8408,0.8364,0.8364,0.6918,0.368,0.8517,0.726,0.8468,0.8622,0.8195,0.3276,0.3276,0.8772,0.4693,0.3573,0.5243,0.9096,2.4962,0.7165,0.7701,0.6039,0.8568
0.8723,0.8844,0.8844,0.5648,0.3348,0.7926,0.6492,0.791,0.8007,0.8768,0.264,0.264,0.81,0.3326,0.3422,0.5103,0.9302,2.4269,0.6126,0.6986,0.5717,0.8184
0.7823,0.8772,0.8772,0.4177,0.2095,0.6756,0.5088,0.6844,0.6841,0.8835,0.1896,0.1896,0.6852,0.2231,0.2869,0.4428,0.8287,2.1667,0.471,0.574,0.5035,0.7272
0.5959,0.8184,0.8184,0.2644,0.0997,0.5182,0.2988,0.5259,0.5104,0.8445,0.1152,0.1152,0.5076,0.1186,0.1981,0.3141,0.6546,1.7574,0.3071,0.4095,0.4091,0.582
0.5117,0.7008,0.7008,0.1032,0.0236,0.3047,0.138,0.3206,0.2728,0.7326,0.0444,0.0444,0.282,0.0376,0.0752,0.132,0.4641,1.1726,0.1276,0.2111,0.2977,0.3852
0.435,0.5244,0.5244,0.0017,0,0.094,0.0168,0.1079,0.0964,0.5685,0,0,0.0684,3.00E-04,5.00E-04,0.0088,0.2939,0.5217,0.006,0.0416,0.1831,0.1596
0.2238,0.3012,0.3012,0,0,0.0027,0,0.0014,0.0029,0.3545,0,0,0,0,0,0,0.0994,0.0483,0,0,0.073,0.0048
0.0307,0.0756,0.0756,0,0,0,0,0,0,0.129,0,0,0,0,0,0,0,0.0001,0,0,0.0051,0
0,0,0,0,0,0,0,0,0,0.0033,0,0,0,0,0,0,0,0,0,0,0,0
0,0,0,0,0,0,0,0,0,0,0,0,0,0,0,0,0,0,0,0,0,0
0,0,0,0,0,0,0,0,0,0,0,0,0,0,0,0,0,0,0,0,0,0
0,0,0,0,0,0,0,0,0,0,0,0,0,0,0,0,0,0,0,0,0,0
0,0,0,0,0,0,0,0,0,0,0,0,0,0,0,0,0,0,0,0,0,0
0,0,0,0,0,0,0,0,0,0,0,0,0,0,0,0,0,0,0,0,0,0
0,0,0,0,0,0,0,0,0,0,0,0,0,0,0,0,0,0,0,0,0,0
0,0,0,0,0,0,0,0,0,0,0,0,0,0,0,0,0,0,0,0,0,0
0,0,0,0,0.0014,0,0,0,0,0,0,0,0,0,0,0,0,0,0,0,0,0
0,0,0,0.0356,0.0585,0.0022,0.0156,0,5.00E-04,0,0.0864,0.0864,0.0024,0.0743,0.0776,0.0519,0,0,0.027,0.006,0,0
0,0,0,0.3103,0.1658,0.0867,0.168,0.0634,0.0319,0,0.288,0.288,0.0852,0.3021,0.2864,0.2526,0,0.0774,0.2203,0.146,5.00E-04,0.0252
0.011,0,0,0.638,0.2995,0.2272,0.3708,0.27,0.0718,0.0035,0.4884,0.4884,0.1068,0.5346,0.5,0.4788,0.0759,0.5132,0.4471,0.3702,0.017,0.2292
0.1959,0.1176,0.1176,0.9276,0.4454,0.365,0.6252,0.4804,0.1595,0.0981,0.6492,0.6492,0.1524,0.7162,0.6659,0.6554,0.2801,1.0988,0.6301,0.5672,0.1041,0.4572
0.4331,0.3408,0.3408,1.1378,0.5966,0.4691,0.7332,0.6378,0.2723,0.334,0.7548,0.7548,0.2352,0.8421,0.775,0.7662,0.5599,1.4999,0.763,0.7048,0.206,0.642
0.6364,0.5592,0.5592,1.2612,0.7111,0.5155,0.7416,0.7452,0.4841,0.5657,0.7968,0.7968,0.27,0.9013,0.8193,0.8126,0.7325,1.6448,0.8225,0.7758,0.3139,0.7668
0.7838,0.7344,0.7344,1.2954,0.714,0.5215,0.7488,0.7901,0.6049,0.7436,0.7872,0.7872,0.312,0.9047,0.8029,0.8119,0.8275,1.7617,0.8364,0.7882,0.3689,0.8352
0.8745,0.846,0.846,1.2219,0.637,0.5428,0.786,0.8092,0.5287,0.8608,0.7296,0.7296,0.4632,0.8494,0.744,0.7561,0.8857,1.6797,0.7939,0.7476,0.3764,0.8508
0.9057,0.8928,0.8928,1.0545,0.5295,0.3744,0.5796,0.7605,0.4088,0.9159,0.6156,0.6156,0.3888,0.7364,0.6308,0.6443,0.8684,1.4708,0.6873,0.6614,0.3593,0.8136
0.8773,0.8856,0.8856,0.791,0.3684,0.2299,0.2616,0.658,0.3168,0.915,0.4416,0.4416,0.1416,0.5648,0.4664,0.4965,0.7794,1.3961,0.5302,0.5358,0.2872,0.7224
0.7893,0.8244,0.8244,0.4552,0.1883,0.1987,0.1464,0.5065,0.2565,0.8574,0.2472,0.2472,0.1032,0.3391,0.2659,0.2995,0.6797,1.2925,0.341,0.3742,0.226,0.5748
0.6431,0.7056,0.7056,0.1489,0.0379,0.1026,0.0948,0.3026,0.161,0.7447,0.066,0.066,0.0204,0.1039,0.0797,0.099,0.4605,0.8571,0.139,0.1841,0.1684,0.3696
0.4541,0.528,0.528,0.0043,0,0.0436,0.0048,0.0999,0.0913,0.5752,0,0,0.0024,3.00E-04,0,0.0054,0.2451,0.4098,0.0054,0.0345,0.1066,0.15
0.222,0.2964,0.2964,0,0,0.0018,0,0.0014,0.0031,0.3545,0,0,0,0,0,0,0.0794,0.0286,0,0,0.0437,0.006
0.0264,0.0708,0.0708,0,0,0,0,0,0,0.1283,0,0,0,0,0,0,0,0.0001,0,0,0.003,0
0,0,0,0,0,0,0,0,0,0.0028,0,0,0,0,0,0,0,0,0,0,0,0
0,0,0,0,0,0,0,0,0,0,0,0,0,0,0,0,0,0,0,0,0,0
0,0,0,0,0,0,0,0,0,0,0,0,0,0,0,0,0,0,0,0,0,0
0,0,0,0,0,0,0,0,0,0,0,0,0,0,0,0,0,0,0,0,0,0
0,0,0,0,0,0,0,0,0,0,0,0,0,0,0,0,0,0,0,0,0,0
0,0,0,0,0,0,0,0,0,0,0,0,0,0,0,0,0,0,0,0,0,0
0,0,0,0,0,0,0,0,0,0,0,0,0,0,0,0,0,0,0,0,0,0
0,0,0,0,0,0,0,0,0,0,0,0,0,0,0,0,0,0,0,0,0,0
0,0,0,0,0.0029,0,0,0,0,0,0,0,0,0,0,0,0,0,0,0,0,0
0,0,0,0.0427,0.1145,0.0011,0.0132,0,5.00E-04,0,0.0924,0.0924,0.0012,0.0664,0.0833,0.0499,0,0,0.0264,0.0042,0,0
0,0,0,0.3858,0.3329,0.1037,0.192,0.066,0.0896,0,0.324,0.324,0.1452,0.2564,0.2981,0.2153,0,0.1104,0.2132,0.0799,5.00E-04,0.024
0.011,0,0,0.7803,0.5401,0.3505,0.4692,0.2784,0.333,0.0036,0.5172,0.5172,0.3972,0.4738,0.4561,0.3845,0.113,0.7555,0.4316,0.2374,0.0168,0.2064
0.1682,0.1056,0.1056,1.0983,0.6861,0.5926,0.696,0.4936,0.566,0.0896,0.6684,0.6684,0.624,0.6463,0.62,0.5677,0.3723,1.4695,0.6242,0.4446,0.117,0.39
0.3797,0.3252,0.3252,1.3136,0.7855,0.7687,0.8532,0.649,0.7463,0.3089,0.7548,0.7548,0.7908,0.7559,0.7584,0.7588,0.6182,2.0444,0.764,0.6872,0.24,0.504
0.591,0.5244,0.5244,1.4658,0.838,0.8796,0.9324,0.7389,0.864,0.5221,0.756,0.756,0.894,0.8044,0.7977,0.8475,0.7994,2.4262,0.8269,0.8465,0.3201,0.5424
0.7663,0.6444,0.6444,1.5102,0.8015,0.9323,0.9456,0.7838,0.8478,0.6517,0.6864,0.6864,0.936,0.8263,0.7515,0.8448,0.9146,2.6291,0.8311,0.8906,0.4093,0.5772
0.8674,0.7284,0.7284,1.4806,0.7165,0.9236,0.8964,0.7826,0.8284,0.7853,0.6624,0.6624,0.9144,0.7765,0.6446,0.7376,0.9685,2.6731,0.7675,0.8661,0.4705,0.6132
0.898,0.8088,0.8088,1.3449,0.5361,0.8607,0.7992,0.7267,0.8647,0.7792,0.5592,0.5592,0.8544,0.6535,0.4575,0.5512,0.9637,2.571,0.6231,0.7829,0.4506,0.6216
0.8728,0.8304,0.8304,1.0888,0.3384,0.7427,0.6288,0.6102,0.7505,0.6993,0.33,0.33,0.7236,0.4895,0.2416,0.3722,0.9025,2.3067,0.4122,0.6241,0.4115,0.6108
0.7941,0.7716,0.7716,0.7167,0.1624,0.5647,0.3468,0.4232,0.574,0.5927,0.1296,0.1296,0.5364,0.2891,0.0921,0.202,0.7836,1.8579,0.2296,0.4475,0.364,0.486
0.6628,0.654,0.654,0.2855,0.0262,0.3319,0.1464,0.2204,0.3489,0.4412,0.0228,0.0228,0.2916,0.0815,0.0204,0.0756,0.6048,1.2699,0.0836,0.2434,0.2961,0.318
0.4652,0.4776,0.4776,0.0091,0,0.1029,0.0156,0.0718,0.1206,0.341,0,0,0.0696,1.00E-04,0,0.007,0.3684,0.5553,0.0018,0.0454,0.1855,0.1104
0.2302,0.2592,0.2592,0,0,0.0014,0,6.00E-04,0.0023,0.2198,0,0,0,0,0,0,0.1092,0.041,0,0,0.073,0.0024
0.0261,0.0624,0.0624,0,0,0,0,0,0,0.095,0,0,0,0,0,0,0,0.0001,0,0,0.0038,0
0,0,0,0,0,0,0,0,0,0.0022,0,0,0,0,0,0,0,0,0,0,0,0
0,0,0,0,0,0,0,0,0,0,0,0,0,0,0,0,0,0,0,0,0,0
0,0,0,0,0,0,0,0,0,0,0,0,0,0,0,0,0,0,0,0,0,0
0,0,0,0,0,0,0,0,0,0,0,0,0,0,0,0,0,0,0,0,0,0
0,0,0,0,0,0,0,0,0,0,0,0,0,0,0,0,0,0,0,0,0,0
0,0,0,0,0,0,0,0,0,0,0,0,0,0,0,0,0,0,0,0,0,0
0,0,0,0,0,0,0,0,0,0,0,0,0,0,0,0,0,0,0,0,0,0
0,0,0,0,0,0,0,0,0,0,0,0,0,0,0,0,0,0,0,0,0,0
0,0,0,0,3.00E-04,0,0,0,0,0,0,0,0,0,0,0,0,0,0,0,0,0
0,0,0,0.0474,0.0381,0.0014,0.0144,0,1.00E-04,0,0.09,0.09,0.0012,0.0253,0.0844,0.0482,0,0,0.0157,0.0041,0,0
0,0,0,0.4531,0.1342,0.1089,0.2148,0.0584,0.0758,0,0.3312,0.3312,0.1296,0.13,0.3213,0.2474,0,0.1085,0.1586,0.1641,6.00E-04,0.0264
0.009,0,0,0.924,0.2656,0.3522,0.4704,0.2718,0.2923,0.0032,0.5172,0.5172,0.3612,0.1664,0.5336,0.4709,0.1165,0.7774,0.3248,0.4159,0.017,0.2544
0.1711,0.06,0.06,1.3114,0.4176,0.584,0.684,0.5028,0.5387,0.0441,0.5988,0.5988,0.5832,0.3132,0.6813,0.6577,0.3806,1.5181,0.4732,0.6318,0.0953,0.4968
0.412,0.1932,0.1932,1.5836,0.5646,0.7497,0.8304,0.6976,0.7363,0.1462,0.6588,0.6588,0.7236,0.5095,0.7908,0.8082,0.6134,2.1123,0.5952,0.7906,0.2092,0.69
0.6162,0.3624,0.3624,1.7357,0.6496,0.8653,0.918,0.8352,0.8591,0.3247,0.738,0.738,0.8376,0.6719,0.8581,0.8893,0.7873,2.5281,0.7625,0.8882,0.3397,0.8196
0.7662,0.522,0.522,1.7725,0.725,0.9037,0.942,0.9044,0.921,0.505,0.7872,0.7872,0.8412,0.7436,0.8799,0.8847,0.8964,2.7558,0.8551,0.9259,0.4695,0.8868
0.8515,0.6504,0.6504,1.6894,0.6082,0.8616,0.8964,0.9089,0.9261,0.6346,0.7728,0.7728,0.7212,0.7543,0.8346,0.8204,0.9468,2.8029,0.8741,0.907,0.5419,0.8964
0.8786,0.7608,0.7608,1.4982,0.4685,0.8338,0.8052,0.8516,0.8739,0.6898,0.6768,0.6768,0.7572,0.6857,0.7256,0.7151,0.9419,2.6862,0.7911,0.8335,0.5695,0.8508
0.8453,0.7848,0.7848,1.187,0.3514,0.7238,0.666,0.7382,0.7629,0.72,0.4608,0.4608,0.6636,0.5537,0.5273,0.5547,0.8831,2.4024,0.6381,0.7001,0.6069,0.756
0.7633,0.7584,0.7584,0.7701,0.183,0.5495,0.4668,0.5733,0.5913,0.6417,0.2304,0.2304,0.5064,0.3502,0.2932,0.3458,0.7678,1.9421,0.4221,0.5079,0.5872,0.6024
0.6266,0.648,0.648,0.2998,0.0435,0.3192,0.2184,0.355,0.3682,0.5497,0.066,0.066,0.2772,0.1106,0.0888,0.1198,0.5938,1.3116,0.1706,0.2689,0.4493,0.3984
0.4372,0.4728,0.4728,0.007,0,0.0978,0.0192,0.1164,0.1284,0.4049,0,0,0.066,3.00E-04,0,0.0064,0.3633,0.5756,0.0048,0.0446,0.2432,0.1632
0.2134,0.2592,0.2592,0,0,0.0014,0,9.00E-04,0.0022,0.2545,0,0,0,0,0,0,0.1067,0.0401,0,0,0.0841,0.0036
0.0243,0.06,0.06,0,0,0,0,0,0,0.0837,0,0,0,0,0,0,0,0,0,0,0.0047,0
0,0,0,0,0,0,0,0,0,6.00E-04,0,0,0,0,0,0,0,0,0,0,0,0
0,0,0,0,0,0,0,0,0,0,0,0,0,0,0,0,0,0,0,0,0,0
0,0,0,0,0,0,0,0,0,0,0,0,0,0,0,0,0,0,0,0,0,0
0,0,0,0,0,0,0,0,0,0,0,0,0,0,0,0,0,0,0,0,0,0
0,0,0,0,0,0,0,0,0,0,0,0,0,0,0,0,0,0,0,0,0,0
0,0,0,0,0,0,0,0,0,0,0,0,0,0,0,0,0,0,0,0,0,0
0,0,0,0,0,0,0,0,0,0,0,0,0,0,0,0,0,0,0,0,0,0
0,0,0,0,0,0,0,0,0,0,0,0,0,0,0,0,0,0,0,0,0,0
0,0,0,0,0.0028,0,0,0,0,0,0,0,0,0,0,0,0,0,0,0,0,0
0,0,0,0.038,0.1562,0.0011,0.0144,0,1.00E-04,0,0.1176,0.1176,0.0012,0.0777,0.0987,0.0579,0,0,0.0288,0.005,0,0
0,0,0,0.3485,0.4144,0.1112,0.2256,0.0645,0.078,0,0.378,0.378,0.1392,0.3228,0.3577,0.2944,0,0.1026,0.2579,0.1633,5.00E-04,0.0252
0.0041,0,0,0.7385,0.6425,0.3597,0.4896,0.3016,0.296,0.0021,0.6144,0.6144,0.3876,0.5633,0.5973,0.5442,0.1129,0.7479,0.5093,0.4193,0.0216,0.2436
0.0882,0.09,0.09,1.102,0.8089,0.5916,0.7044,0.5473,0.5386,0.0739,0.7908,0.7908,0.6108,0.7512,0.7787,0.7396,0.3709,1.4743,0.7085,0.6372,0.1737,0.4884
0.2691,0.2928,0.2928,1.3883,0.9081,0.7639,0.8568,0.7309,0.7214,0.2987,0.9048,0.9048,0.7728,0.8777,0.8964,0.8732,0.5988,2.055,0.8453,0.798,0.2551,0.6864
0.484,0.504,0.504,1.5546,0.9181,0.8766,0.9444,0.8506,0.835,0.5456,0.9564,0.9564,0.8772,0.942,0.954,0.9448,0.7691,2.4655,0.9204,0.894,0.357,0.8196
0.6484,0.672,0.672,1.6245,0.8167,0.9261,0.9708,0.9094,0.8824,0.724,0.948,0.948,0.9144,0.9474,0.9517,0.9564,0.8782,2.6924,0.9372,0.9316,0.4851,0.8916
0.7329,0.8172,0.8172,1.5912,0.6264,0.922,0.9384,0.9113,0.8934,0.8467,0.882,0.882,0.906,0.8953,0.8918,0.9109,0.9263,2.7454,0.897,0.9119,0.5711,0.9048
0.7364,0.8628,0.8628,1.4141,0.4684,0.8635,0.8484,0.8561,0.8502,0.8757,0.7584,0.7584,0.8472,0.781,0.7732,0.8065,0.912,2.6235,0.7998,0.8362,0.6255,0.8628
0.6518,0.852,0.852,1.0742,0.3482,0.7431,0.6984,0.7401,0.7371,0.8712,0.5724,0.5724,0.7188,0.6045,0.5933,0.6412,0.8213,2.3365,0.6415,0.7009,0.5943,0.7668
0.5122,0.7728,0.7728,0.6618,0.1956,0.5635,0.4872,0.5577,0.5482,0.8252,0.3348,0.3348,0.5292,0.3689,0.3579,0.4168,0.6856,1.8749,0.4219,0.5067,0.487,0.6132
0.3504,0.6456,0.6456,0.2509,0.0408,0.3314,0.2316,0.3326,0.3308,0.6914,0.0828,0.0828,0.2856,0.1106,0.1033,0.1606,0.5002,1.2429,0.1626,0.2652,0.3331,0.4044
0.2229,0.462,0.462,0.0064,0,0.0951,0.0168,0.1057,0.1141,0.4786,0,0,0.0552,3.00E-04,0,0.0075,0.2615,0.5299,0.0042,0.0439,0.2014,0.162
0.1062,0.2472,0.2472,0,0,0.0014,0,9.00E-04,0.002,0.2627,0,0,0,0,0,0,0.0684,0.0312,0,0,0.074,0.0036
0.0132,0.0564,0.0564,0,0,0,0,0,0,0.0766,0,0,0,0,0,0,0,0,0,0,0.0046,0
0,0,0,0,0,0,0,0,0,6.00E-04,0,0,0,0,0,0,0,0,0,0,0,0
0,0,0,0,0,0,0,0,0,0,0,0,0,0,0,0,0,0,0,0,0,0
0,0,0,0,0,0,0,0,0,0,0,0,0,0,0,0,0,0,0,0,0,0
0,0,0,0,0,0,0,0,0,0,0,0,0,0,0,0,0,0,0,0,0,0
0,0,0,0,0,0,0,0,0,0,0,0,0,0,0,0,0,0,0,0,0,0
0,0,0,0,0,0,0,0,0,0,0,0,0,0,0,0,0,0,0,0,0,0
0,0,0,0,0,0,0,0,0,0,0,0,0,0,0,0,0,0,0,0,0,0
0,0,0,0,0,0,0,0,0,0,0,0,0,0,0,0,0,0,0,0,0,0
0,0,0,0,0.0021,0,0,0,0,0,0,0,0,0,0,0,0,0,0,0,0,0
0,0,0,0.0213,0.1673,7.00E-04,0.012,0,1.00E-04,0,0.1236,0.1236,0,0.0834,0.1035,0.0602,0,0,0.0282,0.0047,0,0
0,0,0,0.2415,0.4367,0.1071,0.1728,0.045,0.0746,0,0.3924,0.3924,0.1308,0.3397,0.3702,0.3036,0,0.0922,0.2537,0.1646,5.00E-04,0.0252
0.0031,0,0,0.5364,0.6619,0.3523,0.4128,0.2265,0.3057,0.0024,0.6252,0.6252,0.3804,0.5861,0.6085,0.5549,0.0946,0.6919,0.5075,0.4224,0.0171,0.24
0.1209,0.0948,0.0948,0.8312,0.8239,0.5809,0.5304,0.435,0.5354,0.0689,0.8016,0.8016,0.5952,0.7751,0.7885,0.748,0.3167,1.3569,0.7085,0.639,0.1026,0.4776
0.2998,0.3348,0.3348,1.0511,0.9284,0.7504,0.5568,0.6343,0.7025,0.327,0.9096,0.9096,0.7536,0.9016,0.9027,0.8775,0.5162,1.8925,0.8453,0.7925,0.2083,0.6636
0.456,0.5568,0.5568,1.1818,0.9669,0.8591,0.8016,0.7854,0.7956,0.5777,0.9576,0.9576,0.8568,0.9649,0.9575,0.9422,0.6194,2.2726,0.9124,0.8862,0.2935,0.7872
0.5707,0.7188,0.7188,1.221,0.941,0.9052,0.87,0.8524,0.8152,0.7718,0.93,0.93,0.8892,0.9679,0.9414,0.9481,0.6421,2.4931,0.9274,0.9215,0.368,0.834
0.6321,0.8352,0.8352,1.1523,0.8471,0.8936,0.8064,0.8557,0.8246,0.9026,0.8412,0.8412,0.8592,0.9103,0.8684,0.902,0.6055,2.5436,0.8775,0.9025,0.3998,0.8448
0.6585,0.8844,0.8844,0.9445,0.6934,0.8246,0.7116,0.8041,0.7602,0.9637,0.726,0.726,0.768,0.7939,0.7558,0.8003,0.487,2.422,0.7797,0.826,0.3989,0.8088
0.6031,0.8844,0.8844,0.7661,0.491,0.7068,0.5808,0.6829,0.6532,0.966,0.558,0.558,0.6408,0.6147,0.574,0.623,0.3581,2.1323,0.6263,0.6915,0.3738,0.7164
0.5388,0.8292,0.8292,0.4606,0.252,0.5367,0.3744,0.5043,0.4904,0.9076,0.2928,0.2928,0.4764,0.376,0.3043,0.3731,0.2248,1.6791,0.4062,0.4952,0.3236,0.5712
0.446,0.7116,0.7116,0.1867,0.0442,0.3193,0.156,0.3185,0.2877,0.7893,0.0648,0.0648,0.2688,0.1127,0.0832,0.1456,0.1553,1.1057,0.1548,0.2541,0.254,0.3708
0.3221,0.534,0.534,0.0041,0,0.0926,0.0156,0.1018,0.0913,0.6096,0,0,0.0576,2.00E-04,0,0.0071,0.0825,0.462,0.0036,0.0398,0.1701,0.1428
0.1766,0.3036,0.3036,0,0,0.0014,0,9.00E-04,0.0018,0.3768,0,0,0,0,0,0,0.0204,0.0255,0,0,0.0739,0.0036
0.021,0.0684,0.0684,0,0,0,0,0,0,0.1275,0,0,0,0,0,0,0,0,0,0,0.006,0
0,0,0,0,0,0,0,0,0,0.0011,0,0,0,0,0,0,0,0,0,0,0,0
0,0,0,0,0,0,0,0,0,0,0,0,0,0,0,0,0,0,0,0,0,0
0,0,0,0,0,0,0,0,0,0,0,0,0,0,0,0,0,0,0,0,0,0
0,0,0,0,0,0,0,0,0,0,0,0,0,0,0,0,0,0,0,0,0,0
0,0,0,0,0,0,0,0,0,0,0,0,0,0,0,0,0,0,0,0,0,0
0,0,0,0,0,0,0,0,0,0,0,0,0,0,0,0,0,0,0,0,0,0
0,0,0,0,0,0,0,0,0,0,0,0,0,0,0,0,0,0,0,0,0,0
0,0,0,0,0,0,0,0,0,0,0,0,0,0,0,0,0,0,0,0,0,0
0,0,0,0,0.0018,0,0,0,0,0,0,0,0,0,0,0,0,0,0,0,0,0
0,0,0,0.0237,0.1385,7.00E-04,0.012,0,1.00E-04,0,0.1068,0.1068,0,0.0811,0.0914,0.0545,0,0,0.0276,0.0039,0,0
0,0,0,0.2743,0.3669,0.0993,0.1896,0.0589,0.0504,0,0.3432,0.3432,0.126,0.3338,0.3353,0.2869,0,0.0696,0.2525,0.1241,4.00E-04,0.0192
0.0091,0,0,0.6701,0.5916,0.3274,0.4056,0.2666,0.2137,0.0028,0.5724,0.5724,0.3756,0.5779,0.571,0.5346,0.0309,0.5536,0.5027,0.34,0.017,0.1992
0.1966,0.1092,0.1092,1.0546,0.7567,0.546,0.5988,0.4792,0.389,0.0736,0.7428,0.7428,0.5868,0.7634,0.7468,0.7251,0.1035,1.1726,0.699,0.5462,0.189,0.4152
0.4558,0.3528,0.3528,1.3478,0.877,0.7154,0.7476,0.6314,0.5224,0.2869,0.8676,0.8676,0.7344,0.8869,0.8698,0.8529,0.1609,1.7199,0.84,0.7013,0.4083,0.588
0.6761,0.5772,0.5772,1.5264,0.9207,0.8189,0.8424,0.7202,0.6038,0.5204,0.9192,0.9192,0.8136,0.9476,0.9252,0.9202,0.209,2.0599,0.9192,0.836,0.5928,0.6948
0.8313,0.7428,0.7428,1.5855,0.9047,0.8611,0.8928,0.736,0.6735,0.7117,0.912,0.912,0.8364,0.9507,0.9219,0.9283,0.2477,2.1102,0.9354,0.8469,0.7165,0.7428
0.9209,0.8532,0.8532,1.5166,0.8045,0.8523,0.8796,0.7212,0.6816,0.9003,0.8304,0.8304,0.8232,0.8939,0.8482,0.8729,0.2778,1.9874,0.8928,0.7818,0.7809,0.726
0.9512,0.9,0.9,1.3253,0.6714,0.7859,0.804,0.6483,0.6291,0.9558,0.7068,0.7068,0.7512,0.7773,0.7292,0.766,0.3002,1.7768,0.7932,0.7295,0.7914,0.6708
0.9277,0.8892,0.8892,1.012,0.4812,0.6573,0.6636,0.5434,0.4846,0.9513,0.5232,0.5232,0.6204,0.5995,0.5501,0.5997,0.2931,1.4807,0.6319,0.5752,0.7577,0.5616
0.8458,0.8244,0.8244,0.6283,0.258,0.4689,0.4584,0.3888,0.3154,0.8932,0.3012,0.3012,0.4464,0.3638,0.3283,0.3832,0.2605,1.146,0.4111,0.3826,0.677,0.3852
0.7038,0.702,0.702,0.2225,0.0423,0.2538,0.2112,0.2407,0.1448,0.772,0.0696,0.0696,0.234,0.1074,0.0889,0.1386,0.2307,0.7352,0.1615,0.1839,0.5499,0.2592
0.5,0.5208,0.5208,0.0041,0,0.0715,0.0144,0.0768,0.0512,0.591,0,0,0.048,2.00E-04,0,0.0055,0.1527,0.301,0.0036,0.0263,0.3746,0.1104
0.2484,0.2904,0.2904,0,0,0.0014,0,6.00E-04,0.001,0.3552,0,0,0,0,0,0,0.0444,0.0209,0,0,0.1625,0.0024
0.0225,0.0624,0.0624,0,0,0,0,0,0,0.1133,0,0,0,0,0,0,0,0,0,0,0.0088,0
0,0,0,0,0,0,0,0,0,0,0,0,0,0,0,0,0,0,0,0,0,0
0,0,0,0,0,0,0,0,0,0,0,0,0,0,0,0,0,0,0,0,0,0
0,0,0,0,0,0,0,0,0,0,0,0,0,0,0,0,0,0,0,0,0,0
0,0,0,0,0,0,0,0,0,0,0,0,0,0,0,0,0,0,0,0,0,0
0,0,0,0,0,0,0,0,0,0,0,0,0,0,0,0,0,0,0,0,0,0
0,0,0,0,0,0,0,0,0,0,0,0,0,0,0,0,0,0,0,0,0,0
0,0,0,0,0,0,0,0,0,0,0,0,0,0,0,0,0,0,0,0,0,0
0,0,0,0,0,0,0,0,0,0,0,0,0,0,0,0,0,0,0,0,0,0
0,0,0,0,0.0012,0,0,0,0,0,0,0,0,0,0,0,0,0,0,0,0,0
0,0,0,0.0095,0.1346,3.00E-04,0.0096,0,1.00E-04,0,0.0972,0.0972,0,0.0638,0.0828,0.0483,0,0,0.0234,0.0029,0,0
0,0,0,0.118,0.3896,0.0556,0.1596,0.0381,0.0217,0,0.3432,0.3432,0.078,0.2722,0.3251,0.2546,0,0.0327,0.2309,0.0892,2.00E-04,0.0108
0.0086,0,0,0.2776,0.612,0.1993,0.408,0.1734,0.0995,0.0029,0.5748,0.5748,0.2736,0.4942,0.5605,0.4942,0.0734,0.2798,0.4768,0.2976,0.0148,0.084
0.2107,0.1116,0.1116,0.4298,0.7731,0.3016,0.6096,0.3166,0.2088,0.0727,0.7476,0.7476,0.3288,0.6896,0.7377,0.6796,0.2934,0.635,0.6724,0.493,0.1997,0.1596
0.4798,0.36,0.36,0.5619,0.8723,0.4015,0.7416,0.4401,0.3559,0.2949,0.8532,0.8532,0.4656,0.8292,0.8523,0.8074,0.5481,0.9238,0.8025,0.6313,0.4294,0.24
0.696,0.5844,0.5844,0.6638,0.912,0.4756,0.7152,0.4962,0.506,0.5201,0.9048,0.9048,0.6048,0.8892,0.9077,0.8678,0.7461,1.0763,0.8684,0.712,0.6161,0.2796
0.8443,0.7488,0.7488,0.7025,0.894,0.4882,0.6312,0.5201,0.6349,0.692,0.8976,0.8976,0.6372,0.8774,0.9049,0.8688,0.918,1.329,0.8695,0.7869,0.745,0.252
0.9302,0.8592,0.8592,0.6119,0.8183,0.4186,0.48,0.5262,0.599,0.7857,0.8304,0.8304,0.5136,0.8278,0.8409,0.8043,0.9755,1.4374,0.8323,0.8113,0.8167,0.2364
0.9589,0.9072,0.9072,0.5059,0.6822,0.3186,0.366,0.5012,0.4922,0.8262,0.7056,0.7056,0.3504,0.7033,0.7215,0.6983,0.973,1.278,0.7334,0.754,0.8387,0.21
0.9329,0.9012,0.9012,0.3728,0.4888,0.2128,0.3084,0.4335,0.4269,0.8209,0.5196,0.5196,0.2016,0.5306,0.5417,0.528,0.9106,1.1175,0.5864,0.6185,0.8084,0.1608
0.8506,0.8388,0.8388,0.2124,0.2509,0.1298,0.1992,0.3208,0.3553,0.8089,0.288,0.288,0.1104,0.3133,0.3149,0.2947,0.7882,0.8634,0.3784,0.4001,0.7288,0.1068
0.7084,0.7176,0.7176,0.0725,0.0387,0.0732,0.0756,0.1711,0.2353,0.7043,0.0636,0.0636,0.0576,0.0901,0.0824,0.0872,0.6034,0.5247,0.1392,0.2073,0.5812,0.0672
0.5049,0.5376,0.5376,0.0016,0,0.0146,0.0036,0.0446,0.0777,0.5393,0,0,0.0096,2.00E-04,0,0.0022,0.3598,0.2056,0.003,0.0295,0.3889,0.0228
0.2509,0.3024,0.3024,0,0,0,0,0,6.00E-04,0.3162,0,0,0,0,0,0,0.0971,0.0234,0,0,0.1447,0
0.022,0.0648,0.0648,0,0,0,0,0,0,0.0937,0,0,0,0,0,0,0,0,0,0,0.0069,0
0,0,0,0,0,0,0,0,0,0,0,0,0,0,0,0,0,0,0,0,0,0
0,0,0,0,0,0,0,0,0,0,0,0,0,0,0,0,0,0,0,0,0,0
0,0,0,0,0,0,0,0,0,0,0,0,0,0,0,0,0,0,0,0,0,0
0,0,0,0,0,0,0,0,0,0,0,0,0,0,0,0,0,0,0,0,0,0
0,0,0,0,0,0,0,0,0,0,0,0,0,0,0,0,0,0,0,0,0,0
0,0,0,0,0,0,0,0,0,0,0,0,0,0,0,0,0,0,0,0,0,0
0,0,0,0,0,0,0,0,0,0,0,0,0,0,0,0,0,0,0,0,0,0
0,0,0,0,0,0,0,0,0,0,0,0,0,0,0,0,0,0,0,0,0,0
0,0,0,0,0.001,0,0,0,0,0,0,0,0,0,0,0,0,0,0,0,0,0
0,0,0,0.0166,0.127,0,0,0,0,0,0.0912,0.0912,0,0.0676,0.0711,0.0396,0,0,0.0143,0.002,0,0
0,0,0,0.2173,0.3733,0.0491,0.0228,0.0518,0.0671,0,0.3312,0.3312,0.1032,0.3,0.2859,0.2215,0,0.0441,0.1263,0.1114,3.00E-04,0.012
0.0078,0,0,0.5233,0.5928,0.1646,0.0672,0.2302,0.2979,0.0025,0.5616,0.5616,0.3492,0.5313,0.5021,0.4333,0.1093,0.4306,0.2698,0.3339,0.0222,0.1284
0.1961,0.1104,0.1104,0.8634,0.7532,0.2926,0.1956,0.4158,0.5416,0.0626,0.7356,0.7356,0.5928,0.7088,0.6749,0.6081,0.3853,0.9788,0.408,0.527,0.2271,0.2844
0.4579,0.354,0.354,1.1687,0.8593,0.4158,0.4068,0.5523,0.7286,0.2618,0.8544,0.8544,0.7716,0.8326,0.793,0.7252,0.6312,1.4769,0.5512,0.5814,0.4768,0.4092
0.669,0.5724,0.5724,1.3133,0.9001,0.563,0.7248,0.6493,0.8559,0.4644,0.9048,0.9048,0.8868,0.8944,0.8429,0.7521,0.8135,1.8904,0.7015,0.5452,0.6797,0.528
0.8179,0.7308,0.7308,1.3569,0.8828,0.7309,0.9096,0.6849,0.9186,0.6248,0.894,0.894,0.936,0.9016,0.8293,0.6952,0.9299,2.1911,0.7769,0.4939,0.8187,0.612
0.8987,0.8328,0.8328,1.2924,0.7997,0.8167,0.924,0.6637,0.9214,0.791,0.8112,0.8112,0.9216,0.839,0.7441,0.6269,0.9838,2.2764,0.7705,0.4822,0.8899,0.606
0.929,0.8736,0.8736,1.1249,0.6601,0.782,0.8388,0.6109,0.8659,0.8609,0.6648,0.6648,0.8484,0.7143,0.5906,0.5015,0.979,2.1674,0.6884,0.5094,0.9042,0.552
0.9028,0.864,0.864,0.8638,0.4651,0.6077,0.6852,0.5218,0.7521,0.8385,0.4488,0.4488,0.7164,0.5166,0.3853,0.3501,0.9177,1.8175,0.5432,0.5044,0.8648,0.4548
0.8161,0.8052,0.8052,0.5067,0.2315,0.4317,0.4704,0.3863,0.5791,0.7812,0.216,0.216,0.5244,0.2763,0.186,0.1809,0.7977,1.4266,0.3623,0.2864,0.7731,0.3252
0.6655,0.6876,0.6876,0.1791,0.0317,0.2383,0.2136,0.2144,0.3522,0.6385,0.042,0.042,0.2832,0.0625,0.0415,0.0584,0.6141,0.9355,0.1407,0.0922,0.6257,0.1872
0.4609,0.5112,0.5112,0.0014,0,0.0555,0.0144,0.0554,0.1117,0.4804,0,0,0.054,2.00E-04,0,0.0038,0.3682,0.3812,0.0024,0.0125,0.4201,0.0624
0.2208,0.2892,0.2892,0,0,0,0,0,5.00E-04,0.2697,0,0,0,0,0,0,0.0983,0.0251,0,0,0.1813,0
0.0179,0.0612,0.0612,0,0,0,0,0,0,0.0902,0,0,0,0,0,0,0,0,0,0,0.0078,0
0,0,0,0,0,0,0,0,0,0,0,0,0,0,0,0,0,0,0,0,0,0
0,0,0,0,0,0,0,0,0,0,0,0,0,0,0,0,0,0,0,0,0,0
0,0,0,0,0,0,0,0,0,0,0,0,0,0,0,0,0,0,0,0,0,0
0,0,0,0,0,0,0,0,0,0,0,0,0,0,0,0,0,0,0,0,0,0
0,0,0,0,0,0,0,0,0,0,0,0,0,0,0,0,0,0,0,0,0,0
0,0,0,0,0,0,0,0,0,0,0,0,0,0,0,0,0,0,0,0,0,0
0,0,0,0,0,0,0,0,0,0,0,0,0,0,0,0,0,0,0,0,0,0
0,0,0,0,0,0,0,0,0,0,0,0,0,0,0,0,0,0,0,0,0,0
0,0,0,0,1.00E-04,0,0,0,0,0,0,0,0,0,0,0,0,0,0,0,0,0
0,0,0,0.0166,0.0856,0,0.0108,0,1.00E-04,0,0.084,0.084,0,0.0637,0.0747,0.0442,0,0,0.0222,0.0024,0,0
0,0,0,0.2193,0.2396,0.067,0.2172,0.0396,0.0697,0,0.342,0.342,0.1212,0.2989,0.3321,0.2516,0,0.04,0.2351,0.1071,2.00E-04,0.0084
0.0074,0,0,0.4791,0.4022,0.2421,0.4836,0.1871,0.3068,6.00E-04,0.5976,0.5976,0.3732,0.536,0.5916,0.4865,0.1079,0.4355,0.4818,0.2982,0.0215,0.0984
0.1827,0.102,0.102,0.7019,0.589,0.4228,0.6996,0.3523,0.548,0.0373,0.7884,0.7884,0.6036,0.719,0.7863,0.6828,0.381,0.9566,0.678,0.4993,0.2353,0.2436
0.4327,0.3456,0.3456,0.8203,0.7999,0.5679,0.852,0.5011,0.7274,0.1652,0.9096,0.9096,0.7716,0.8525,0.9089,0.8121,0.6196,1.4337,0.8142,0.6571,0.4879,0.408
0.6498,0.5628,0.5628,0.8781,0.9102,0.7175,0.9408,0.5969,0.8438,0.2927,0.9612,0.9612,0.876,0.9178,0.9638,0.872,0.7911,1.8752,0.8862,0.7012,0.6873,0.516
0.7991,0.7236,0.7236,0.8793,0.9291,0.8079,0.9636,0.6407,0.9051,0.3895,0.9528,0.9528,0.9216,0.924,0.958,0.886,0.9003,2.1677,0.9024,0.6566,0.8232,0.588
0.8931,0.84,0.84,0.7341,0.8553,0.8483,0.9312,0.64,0.9065,0.5381,0.882,0.882,0.9096,0.8607,0.8903,0.8399,0.9534,2.3255,0.8543,0.5716,0.8947,0.6084
0.9278,0.8844,0.8844,0.58,0.7173,0.8075,0.8412,0.5958,0.8486,0.6224,0.7524,0.7524,0.8388,0.7163,0.7577,0.7206,0.9486,2.2437,0.7314,0.448,0.9123,0.5724
0.9013,0.8748,0.8748,0.4014,0.5161,0.6892,0.6888,0.5078,0.7072,0.6995,0.5616,0.5616,0.7068,0.5319,0.5666,0.5484,0.8868,1.9727,0.5749,0.3286,0.875,0.4944
0.8178,0.816,0.816,0.2169,0.2634,0.5128,0.4728,0.3716,0.5335,0.7219,0.324,0.324,0.516,0.3395,0.3319,0.3469,0.7671,1.5533,0.3354,0.2098,0.7833,0.3708
0.6776,0.6936,0.6936,0.0685,0.0371,0.2866,0.2136,0.2154,0.3418,0.6179,0.072,0.072,0.276,0.0977,0.0771,0.1204,0.5821,1.0063,0.1157,0.0935,0.6336,0.2436
0.4759,0.5124,0.5124,0.0011,0,0.071,0.012,0.0598,0.106,0.4505,0,0,0.0504,1.00E-04,0,0.0047,0.3405,0.4079,0.0018,0.0102,0.4277,0.096
0.227,0.2868,0.2868,0,0,5.00E-04,0,3.00E-04,3.00E-04,0.2701,0,0,0,0,0,0,0.0863,0.031,0,0,0.1826,0.0012
0.0195,0.0576,0.0576,0,0,0,0,0,0,0.0876,0,0,0,0,0,0,0,0,0,0,0.0067,0
0,0,0,0,0,0,0,0,0,0,0,0,0,0,0,0,0,0,0,0,0,0
0,0,0,0,0,0,0,0,0,0,0,0,0,0,0,0,0,0,0,0,0,0
0,0,0,0,0,0,0,0,0,0,0,0,0,0,0,0,0,0,0,0,0,0
0,0,0,0,0,0,0,0,0,0,0,0,0,0,0,0,0,0,0,0,0,0
0,0,0,0,0,0,0,0,0,0,0,0,0,0,0,0,0,0,0,0,0,0
0,0,0,0,0,0,0,0,0,0,0,0,0,0,0,0,0,0,0,0,0,0
0,0,0,0,0,0,0,0,0,0,0,0,0,0,0,0,0,0,0,0,0,0
0,0,0,0,0,0,0,0,0,0,0,0,0,0,0,0,0,0,0,0,0,0
0,0,0,0,9.00E-04,0,0,0,0,0,0,0,0,0,0,0,0,0,0,0,0,0
0,0,0,0.0095,0.1474,0,0.0084,0,1.00E-04,0,0.102,0.102,0,0.0483,0.0644,0.0238,0,0,0.0131,0.0018,0,0
0,0,0,0.1388,0.418,0.0933,0.1908,0.0349,0.0413,0,0.3648,0.3648,0.12,0.2448,0.2616,0.1782,0,0.0434,0.1668,0.0771,3.00E-04,0.012
0.0057,0,0,0.3112,0.651,0.3337,0.45,0.168,0.2037,8.00E-04,0.5976,0.5976,0.3828,0.4111,0.4856,0.4119,0.0945,0.4491,0.3948,0.2275,0.0206,0.1224
0.1769,0.0684,0.0684,0.4514,0.8199,0.5608,0.6672,0.302,0.4598,0.0547,0.762,0.762,0.6156,0.5095,0.6267,0.5684,0.3512,1.022,0.6094,0.3793,0.2244,0.2328
0.4317,0.2652,0.2652,0.5365,0.9234,0.7378,0.8148,0.4156,0.638,0.2737,0.8772,0.8772,0.7788,0.6398,0.738,0.6984,0.5936,1.533,0.74,0.4957,0.4715,0.2928
0.6442,0.51,0.51,0.5772,0.9668,0.8239,0.8772,0.5121,0.7526,0.5148,0.9336,0.9336,0.8712,0.6591,0.8181,0.7932,0.7725,1.8502,0.7749,0.5462,0.6674,0.3492
0.7974,0.7104,0.7104,0.583,0.9493,0.8791,0.822,0.5522,0.8304,0.7114,0.93,0.93,0.8652,0.6216,0.8337,0.8212,0.8902,2.1279,0.7619,0.5627,0.8008,0.3864
0.8847,0.8412,0.8412,0.5421,0.8728,0.8681,0.7824,0.5581,0.7908,0.8401,0.8628,0.8628,0.8316,0.5151,0.7444,0.7406,0.9489,2.1057,0.694,0.5531,0.8716,0.4032
0.918,0.8952,0.8952,0.4572,0.7354,0.8088,0.7464,0.517,0.719,0.8981,0.7296,0.7296,0.7908,0.4129,0.6319,0.6452,0.9453,2.0078,0.5507,0.505,0.8922,0.4416
0.8925,0.8916,0.8916,0.3379,0.534,0.6869,0.6372,0.4668,0.6006,0.8944,0.5472,0.5472,0.6492,0.2946,0.4981,0.5272,0.8865,1.8037,0.4024,0.3982,0.8613,0.4992
0.7997,0.8256,0.8256,0.1975,0.2789,0.4962,0.372,0.3699,0.4242,0.8297,0.3108,0.3108,0.4392,0.1417,0.3066,0.3543,0.7686,1.4044,0.2333,0.2634,0.7743,0.432
0.6233,0.7056,0.7056,0.0655,0.0386,0.2666,0.1224,0.2132,0.2183,0.7172,0.0672,0.0672,0.2064,0.0306,0.0842,0.1373,0.5841,0.8738,0.0852,0.1228,0.6279,0.2844
0.3886,0.5244,0.5244,0.0006,0,0.0624,0.0084,0.0543,0.0587,0.5473,0,0,0.0312,0,0,0.0049,0.3285,0.3326,6.00E-04,0.0145,0.4217,0.0948
0.1705,0.288,0.288,0,0,5.00E-04,0,0,3.00E-04,0.3263,0,0,0,0,0,0,0.0645,0.0279,0,0,0.1765,0
0.0136,0.0564,0.0564,0,0,0,0,0,0,0.098,0,0,0,0,0,0,0,0,0,0,0.0056,0
0,0,0,0,0,0,0,0,0,0,0,0,0,0,0,0,0,0,0,0,0,0
0,0,0,0,0,0,0,0,0,0,0,0,0,0,0,0,0,0,0,0,0,0
0,0,0,0,0,0,0,0,0,0,0,0,0,0,0,0,0,0,0,0,0,0
0,0,0,0,0,0,0,0,0,0,0,0,0,0,0,0,0,0,0,0,0,0
0,0,0,0,0,0,0,0,0,0,0,0,0,0,0,0,0,0,0,0,0,0
0,0,0,0,0,0,0,0,0,0,0,0,0,0,0,0,0,0,0,0,0,0
0,0,0,0,0,0,0,0,0,0,0,0,0,0,0,0,0,0,0,0,0,0
0,0,0,0,0,0,0,0,0,0,0,0,0,0,0,0,0,0,0,0,0,0
0,0,0,0,1.00E-04,0,0,0,0,0,0,0,0,0,0,0,0,0,0,0,0,0
0,0,0,0.0119,0.1375,0,0.006,0,1.00E-04,0,0.0948,0.0948,0,0.0323,0.0763,0.0421,0,0,0.0155,0.0011,0,0
0,0,0,0.1781,0.3773,0.0465,0.1608,0.0057,0.0215,0,0.3372,0.3372,0.066,0.1723,0.3219,0.244,0,0.0198,0.1744,0.0278,2.00E-04,0.0084
0.0049,0,0,0.4114,0.5946,0.182,0.4008,0.0565,0.1118,0.0016,0.5868,0.5868,0.2496,0.2711,0.5662,0.4545,0.0293,0.258,0.381,0.0878,0.0148,0.1212
0.1726,0.1044,0.1044,0.6377,0.7796,0.3469,0.6072,0.1294,0.2206,0.0582,0.7632,0.7632,0.4596,0.5027,0.7463,0.6275,0.1007,0.6285,0.5142,0.1359,0.1989,0.2832
0.4288,0.3576,0.3576,0.8046,0.8919,0.4953,0.7284,0.1976,0.334,0.2775,0.8712,0.8712,0.654,0.7304,0.8592,0.7302,0.1485,1.0323,0.6111,0.1822,0.4484,0.4392
0.6431,0.5868,0.5868,0.9595,0.9361,0.5989,0.8064,0.2594,0.4643,0.5124,0.9228,0.9228,0.7608,0.8246,0.9129,0.7736,0.2017,1.4635,0.7194,0.2197,0.6474,0.5424
0.7974,0.7596,0.7596,1.0403,0.9179,0.6349,0.8148,0.2876,0.5269,0.6967,0.9156,0.9156,0.7968,0.787,0.8916,0.7441,0.3074,1.8811,0.7402,0.2392,0.7841,0.5616
0.8845,0.8724,0.8724,1.0376,0.8258,0.579,0.7548,0.2825,0.5206,0.8323,0.8256,0.8256,0.7332,0.6906,0.7953,0.6503,0.5513,1.9274,0.6683,0.2273,0.8576,0.5376
0.9164,0.9228,0.9228,0.9542,0.687,0.5028,0.6444,0.2503,0.4746,0.8934,0.6912,0.6912,0.51,0.4921,0.6455,0.5086,0.758,1.9673,0.5128,0.1833,0.8801,0.4752
0.891,0.9168,0.9168,0.7684,0.4867,0.4042,0.4584,0.1945,0.4359,0.8936,0.4944,0.4944,0.4116,0.3262,0.4043,0.2919,0.6671,1.7827,0.4061,0.1353,0.8459,0.3756
0.8099,0.8568,0.8568,0.4902,0.2443,0.2402,0.2736,0.1537,0.3382,0.8264,0.2604,0.2604,0.258,0.1492,0.1993,0.1327,0.4868,1.3321,0.2717,0.0837,0.7588,0.3408
0.6672,0.7344,0.7344,0.1834,0.0305,0.0945,0.1032,0.0978,0.208,0.7074,0.0444,0.0444,0.12,0.036,0.0432,0.0393,0.3793,0.8135,0.0925,0.0324,0.6122,0.2448
0.465,0.552,0.552,0.0002,0,0.015,0.0048,0.0336,0.0748,0.5312,0,0,0.0156,0,0,1.00E-04,0.2495,0.3228,0,0.0017,0.4079,0.1032
0.217,0.3108,0.3108,0,0,0,0,3.00E-04,5.00E-04,0.3073,0,0,0,0,0,0,0.0655,2.72E-02,0,0,0.1681,0.0012
0.0161,0.0612,0.0612,0,0,0,0,0,0,0.0864,0,0,0,0,0,0,0,0,0,0,0.0058,0
0,0,0,0,0,0,0,0,0,0,0,0,0,0,0,0,0,0,0,0,0,0
0,0,0,0,0,0,0,0,0,0,0,0,0,0,0,0,0,0,0,0,0,0
0,0,0,0,0,0,0,0,0,0,0,0,0,0,0,0,0,0,0,0,0,0
0,0,0,0,0,0,0,0,0,0,0,0,0,0,0,0,0,0,0,0,0,0
0,0,0,0,0,0,0,0,0,0,0,0,0,0,0,0,0,0,0,0,0,0
0,0,0,0,0,0,0,0,0,0,0,0,0,0,0,0,0,0,0,0,0,0
0,0,0,0,0,0,0,0,0,0,0,0,0,0,0,0,0,0,0,0,0,0
0,0,0,0,0,0,0,0,0,0,0,0,0,0,0,0,0,0,0,0,0,0
0,0,0,0,0,0,0,0,0,0,0,0,0,0,0,0,0,0,0,0,0,0
0,0,0,0.019,0.0622,0,0,0,0,0,0.012,0.012,0,0.0183,0.0102,0.0064,0,0,0.0036,3.00E-04,0,0
0,0,0,0.2398,0.2099,0.049,0.0276,0.0361,0.0567,0,0.0636,0.0636,0.0888,0.1236,0.0643,0.0542,0,0.0626,0.0466,0.0225,4.00E-04,0.018
0.0045,0,0,0.5177,0.361,0.2483,0.1092,0.2316,0.3111,0.0021,0.1152,0.1152,0.324,0.2656,0.12,0.1145,0.089,0.6565,0.0864,0.094,0.0183,0.2136
0.1654,0.1056,0.1056,0.7518,0.4549,0.4722,0.3,0.3867,0.5685,0.0533,0.18,0.18,0.5748,0.3983,0.1988,0.2039,0.3555,1.4745,0.1383,0.2184,0.2095,0.45
0.4253,0.366,0.366,0.9194,0.4749,0.6284,0.4176,0.5535,0.7638,0.2497,0.2844,0.2844,0.7608,0.5262,0.3023,0.2963,0.6014,2.0818,0.2145,0.4075,0.4562,0.6336
0.645,0.6,0.6,0.9996,0.5079,0.7592,0.4476,0.7928,0.8653,0.474,0.3912,0.3912,0.9108,0.5268,0.3296,0.315,0.7861,2.5434,0.2789,0.6162,0.6535,0.7656
0.7995,0.7656,0.7656,0.9715,0.4626,0.8571,0.5388,0.8805,0.8729,0.6588,0.2844,0.2844,0.9468,0.4332,0.2589,0.3015,0.9025,2.7832,0.2979,0.765,0.7903,0.828
0.8944,0.8712,0.8712,0.8194,0.4008,0.8822,0.6696,0.8795,0.8334,0.8302,0.27,0.27,0.8892,0.3056,0.2309,0.2598,0.954,2.8216,0.3228,0.7955,0.8702,0.8148
0.9258,0.918,0.918,0.5758,0.3192,0.8276,0.6756,0.818,0.778,0.8878,0.1992,0.1992,0.7392,0.2015,0.153,0.2058,0.9504,2.6912,0.2873,0.7468,0.8886,0.744
0.8997,0.9096,0.9096,0.3501,0.16,0.7049,0.5196,0.6913,0.6863,0.8889,0.096,0.096,0.5736,0.1023,0.082,0.1857,0.8869,2.3747,0.1708,0.6225,0.852,0.5952
0.8123,0.846,0.846,0.173,0.0585,0.5169,0.3564,0.4981,0.5503,0.826,0.0312,0.0312,0.3744,0.0326,0.0347,0.1591,0.7644,1.8805,0.0962,0.4824,0.7612,0.408
0.6685,0.7248,0.7248,0.0458,0.0056,0.2992,0.1692,0.2896,0.35,0.7102,0.0024,0.0024,0.198,0.0065,0.0051,0.0715,0.5796,1.2332,0.0355,0.2524,0.6136,0.2328
0.4636,0.5412,0.5412,0.0014,0,0.0774,0.0084,0.0818,0.1035,0.5334,0,0,0.0384,0,0,0.0035,0.3384,0.4983,0,0.0315,0.4108,0.09
0.2145,0.3024,0.3024,0,0,0,0,0,5.00E-04,0.3078,0,0,0,0,0,0,0.0816,0.0278,0,0,0.1709,0
0.0143,0.0576,0.0576,0,0,0,0,0,0,0.0848,0,0,0,0,0,0,0,0,0,0,0.0057,0
0,0,0,0,0,0,0,0,0,0,0,0,0,0,0,0,0,0,0,0,0,0
0,0,0,0,0,0,0,0,0,0,0,0,0,0,0,0,0,0,0,0,0,0
0,0,0,0,0,0,0,0,0,0,0,0,0,0,0,0,0,0,0,0,0,0
0,0,0,0,0,0,0,0,0,0,0,0,0,0,0,0,0,0,0,0,0,0
0,0,0,0,0,0,0,0,0,0,0,0,0,0,0,0,0,0,0,0,0,0
0,0,0,0,0,0,0,0,0,0,0,0,0,0,0,0,0,0,0,0,0,0
0,0,0,0,0,0,0,0,0,0,0,0,0,0,0,0,0,0,0,0,0,0
0,0,0,0,0,0,0,0,0,0,0,0,0,0,0,0,0,0,0,0,0,0
0,0,0,0,0,0,0,0,0,0,0,0,0,0,0,0,0,0,0,0,0,0
0,0,0,0.019,0.0257,0,0.006,0,1.00E-04,0,0.036,0.036,0,0.0166,0.0329,0.0215,0,0,0.0096,0.0011,0,0
0,0,0,0.2676,0.1386,0.095,0.204,0.0498,0.0306,0,0.2064,0.2064,0.1188,0.1155,0.2071,0.2012,0,0.0615,0.1453,0.1516,3.00E-04,0.0156
0.0034,0,0,0.6201,0.3253,0.3468,0.4836,0.2763,0.1995,0.0017,0.4452,0.4452,0.378,0.227,0.4637,0.4615,0.0673,0.6683,0.3369,0.4287,0.0188,0.2076
0.1608,0.0972,0.0972,0.9651,0.6008,0.5681,0.6948,0.5181,0.3731,0.0481,0.6696,0.6696,0.5496,0.3091,0.6906,0.6835,0.305,1.432,0.5274,0.6592,0.2153,0.4548
0.4171,0.3492,0.3492,1.1948,0.8289,0.7256,0.7752,0.7118,0.6065,0.2358,0.7884,0.7884,0.654,0.3576,0.8261,0.8284,0.5153,2.0473,0.691,0.827,0.4643,0.6576
0.635,0.5796,0.5796,1.3375,0.8877,0.8549,0.8148,0.8363,0.7961,0.461,0.8184,0.8184,0.8064,0.3917,0.8792,0.9037,0.7051,2.4638,0.7976,0.9284,0.6608,0.798
0.7913,0.744,0.744,1.3625,0.8437,0.9319,0.9084,0.8989,0.8936,0.6542,0.7932,0.7932,0.93,0.4019,0.8662,0.9118,0.8287,2.6819,0.8192,0.9679,0.7945,0.876
0.8716,0.858,0.858,1.22,0.6851,0.9242,0.8112,0.8994,0.8976,0.8149,0.7068,0.7068,0.93,0.3817,0.7962,0.8677,0.9073,2.7116,0.7613,0.9474,0.8635,0.8976
0.9002,0.9036,0.9036,0.8461,0.5066,0.8564,0.7068,0.844,0.829,0.8775,0.57,0.57,0.8592,0.3087,0.6724,0.7657,0.9038,2.5921,0.6283,0.8659,0.8825,0.8592
0.8726,0.8964,0.8964,0.497,0.3166,0.7343,0.6,0.7293,0.6747,0.8767,0.354,0.354,0.7236,0.2292,0.4817,0.6073,0.8413,2.3068,0.4364,0.7252,0.8482,0.7644
0.8026,0.828,0.828,0.2555,0.1366,0.5492,0.426,0.556,0.4832,0.8132,0.1728,0.1728,0.5256,0.15,0.2755,0.3923,0.7142,1.8327,0.2322,0.5195,0.7644,0.6108
0.6613,0.7068,0.7068,0.079,0.0164,0.3094,0.192,0.3296,0.2579,0.6648,0.0396,0.0396,0.276,0.0452,0.0735,0.1411,0.5011,1.1977,0.0906,0.2685,0.6171,0.3996
0.4594,0.5244,0.5244,0.0019,0,0.0691,0.0072,0.0947,0.0651,0.4647,0,0,0.0396,1.00E-04,0,0.004,0.2741,0.4744,6.00E-04,0.031,0.412,0.1536
0.2118,0.2868,0.2868,0,0,0,0,3.00E-04,4.00E-04,0.2451,0,0,0,0,0,0,0.0482,0.0286,0,0,0.1691,0.0012
0.0132,0.0516,0.0516,0,0,0,0,0,0,0.0675,0,0,0,0,0,0,0,0,0,0,0.0055,0
0,0,0,0,0,0,0,0,0,0,0,0,0,0,0,0,0,0,0,0,0,0
0,0,0,0,0,0,0,0,0,0,0,0,0,0,0,0,0,0,0,0,0,0
0,0,0,0,0,0,0,0,0,0,0,0,0,0,0,0,0,0,0,0,0,0
0,0,0,0,0,0,0,0,0,0,0,0,0,0,0,0,0,0,0,0,0,0
0,0,0,0,0,0,0,0,0,0,0,0,0,0,0,0,0,0,0,0,0,0
0,0,0,0,0,0,0,0,0,0,0,0,0,0,0,0,0,0,0,0,0,0
0,0,0,0,0,0,0,0,0,0,0,0,0,0,0,0,0,0,0,0,0,0
0,0,0,0,0,0,0,0,0,0,0,0,0,0,0,0,0,0,0,0,0,0
0,0,0,0,0,0,0,0,0,0,0,0,0,0,0,0,0,0,0,0,0,0
0,0,0,0.0095,0.1367,0,0.0012,0,0,0,0.0888,0.0888,0,0.0347,0.0697,0.035,0,0,0.006,0.0013,0,0
0,0,0,0.1656,0.4119,0.0481,0.0612,0.0512,0.0216,0,0.3384,0.3384,0.018,0.2089,0.3072,0.2387,0,0.0562,0.1088,0.1384,4.00E-04,0.0204
0.0034,0,0,0.3758,0.6442,0.2798,0.1848,0.2866,0.2586,0.0016,0.5448,0.5448,0.2496,0.4271,0.5314,0.4789,0.0803,0.5587,0.2706,0.408,0.0194,0.2412
0.1642,0.0672,0.0672,0.5665,0.8,0.5514,0.3576,0.5313,0.4464,0.0423,0.6624,0.6624,0.5832,0.6075,0.6846,0.6669,0.3465,1.1754,0.4215,0.6394,0.2114,0.4944
0.4221,0.2712,0.2712,0.694,0.866,0.7323,0.3876,0.7181,0.5023,0.2146,0.7056,0.7056,0.798,0.6947,0.7621,0.7802,0.5745,1.6316,0.5354,0.8014,0.4553,0.6876
0.6363,0.4992,0.4992,0.711,0.818,0.8,0.606,0.843,0.6168,0.3956,0.6432,0.6432,0.8448,0.745,0.7666,0.839,0.7522,1.9131,0.6095,0.8975,0.6487,0.8208
0.7897,0.6948,0.6948,0.7027,0.7119,0.7491,0.8052,0.9031,0.6873,0.5541,0.6096,0.6096,0.6984,0.7338,0.7524,0.8421,0.8662,2.1764,0.6264,0.926,0.7809,0.894
0.8684,0.8256,0.8256,0.6386,0.5654,0.7243,0.8376,0.9076,0.7273,0.7478,0.5352,0.5352,0.6684,0.6719,0.6868,0.7912,0.9138,2.3484,0.603,0.8892,0.8609,0.9072
0.901,0.8796,0.8796,0.528,0.436,0.5393,0.6696,0.8472,0.7034,0.8292,0.4056,0.4056,0.3168,0.5401,0.5601,0.6734,0.9092,2.2641,0.5332,0.781,0.8822,0.8664
0.8768,0.8736,0.8736,0.3853,0.2704,0.3858,0.4356,0.7336,0.6453,0.8364,0.2676,0.2676,0.1728,0.3499,0.3876,0.4827,0.846,1.846,0.4157,0.6241,0.847,0.7692
0.795,0.8064,0.8064,0.1722,0.1213,0.2806,0.2328,0.5331,0.4394,0.7874,0.1296,0.1296,0.2592,0.1754,0.1948,0.2567,0.7226,1.1998,0.2527,0.4352,0.7419,0.6132
0.6523,0.6912,0.6912,0.048,0.0156,0.1612,0.0504,0.3131,0.1996,0.6674,0.0228,0.0228,0.2232,0.0419,0.0415,0.0725,0.5185,0.7095,0.0841,0.219,0.5867,0.3984
0.4475,0.5136,0.5136,0.0018,0,0.0366,0,0.087,0.0343,0.4659,0,0,0.0372,1.00E-04,0,0.001,0.2727,0.2812,6.00E-04,0.0229,0.3777,0.15
0.1983,0.2808,0.2808,0,0,0,0,0,3.00E-04,0.2182,0,0,0,0,0,0,0.0588,2.31E-02,0,0,0.1517,0
0.0111,0.0492,0.0492,0,0,0,0,0,0,0.0503,0,0,0,0,0,0,0,0,0,0,0.0044,0
0,0,0,0,0,0,0,0,0,0,0,0,0,0,0,0,0,0,0,0,0,0
0,0,0,0,0,0,0,0,0,0,0,0,0,0,0,0,0,0,0,0,0,0
0,0,0,0,0,0,0,0,0,0,0,0,0,0,0,0,0,0,0,0,0,0
0,0,0,0,0,0,0,0,0,0,0,0,0,0,0,0,0,0,0,0,0,0
0,0,0,0,0,0,0,0,0,0,0,0,0,0,0,0,0,0,0,0,0,0
0,0,0,0,0,0,0,0,0,0,0,0,0,0,0,0,0,0,0,0,0,0
0,0,0,0,0,0,0,0,0,0,0,0,0,0,0,0,0,0,0,0,0,0
0,0,0,0,0,0,0,0,0,0,0,0,0,0,0,0,0,0,0,0,0,0
0,0,0,0,0,0,0,0,0,0,0,0,0,0,0,0,0,0,0,0,0,0
0,0,0,0.0024,0.0351,0,0,0,0,0,0.0708,0.0708,0,0.0246,0.0626,0.0364,0,0,0.0102,0.0012,0,0
0,0,0,0.0776,0.1487,0.0308,0.0348,0.0468,0.0151,0,0.318,0.318,0.0504,0.1487,0.3058,0.2368,0,0.038,0.1518,0.1035,4.00E-04,0.018
0.0021,0,0,0.2186,0.2783,0.1583,0.1056,0.2742,0.1367,0.0016,0.5676,0.5676,0.1368,0.3375,0.556,0.4505,0.0532,0.5533,0.3421,0.3245,0.0174,0.2364
0.1354,0.0888,0.0888,0.3761,0.4108,0.3116,0.2352,0.506,0.3046,0.0286,0.7512,0.7512,0.1968,0.6154,0.745,0.6002,0.2676,1.3009,0.5017,0.514,0.2029,0.4908
0.3849,0.3204,0.3204,0.513,0.5306,0.4449,0.5688,0.677,0.4868,0.1236,0.8736,0.8736,0.2976,0.8128,0.866,0.7061,0.4756,1.9106,0.6586,0.6589,0.4487,0.6864
0.6064,0.5364,0.5364,0.5844,0.5996,0.5048,0.7716,0.7842,0.6167,0.2502,0.9372,0.9372,0.3156,0.9008,0.9251,0.7583,0.6806,2.3274,0.7726,0.7376,0.6445,0.8184
0.7619,0.6876,0.6876,0.5761,0.5726,0.5284,0.8688,0.839,0.6378,0.3733,0.9372,0.9372,0.2928,0.922,0.9261,0.7478,0.8148,2.5472,0.8193,0.6546,0.7778,0.8904
0.8402,0.7752,0.7752,0.5095,0.5293,0.5384,0.7488,0.8407,0.6498,0.4945,0.8724,0.8724,0.2832,0.8626,0.8634,0.6851,0.884,2.5938,0.7742,0.4885,0.8504,0.9024
0.8729,0.7896,0.7896,0.3799,0.4583,0.5046,0.4716,0.7904,0.6387,0.586,0.7452,0.7452,0.27,0.7263,0.7435,0.5732,0.8816,2.5107,0.6767,0.4648,0.8695,0.8604
0.8477,0.7488,0.7488,0.2395,0.324,0.4256,0.2928,0.6615,0.5695,0.6732,0.5544,0.5544,0.2052,0.5235,0.5584,0.435,0.8169,2.2668,0.4982,0.4399,0.8332,0.762
0.7789,0.6408,0.6408,0.1166,0.1533,0.3088,0.114,0.473,0.4436,0.6878,0.306,0.306,0.138,0.3143,0.3145,0.2565,0.717,1.7919,0.2893,0.3228,0.7432,0.6012
0.6375,0.5112,0.5112,0.0328,0.0185,0.1644,0.0468,0.2801,0.2725,0.6037,0.054,0.054,0.0516,0.0821,0.0678,0.0689,0.5334,1.1423,0.0978,0.1584,0.5947,0.3888
0.4363,0.3276,0.3276,0.0014,0,0.0382,0,0.0809,0.0784,0.4262,0,0,0.0036,1.00E-04,0,6.00E-04,0.297,0.4205,6.00E-04,0.0181,0.3896,0.144
0.1911,0.15,0.15,0,0,0,0,0,4.00E-04,0.2185,0,0,0,0,0,0,0.0508,0.0245,0,0,0.153,0
0.0106,0.0288,0.0288,0,0,0,0,0,0,0.0502,0,0,0,0,0,0,0,0,0,0,0.0028,0
0,0,0,0,0,0,0,0,0,0,0,0,0,0,0,0,0,0,0,0,0,0
0,0,0,0,0,0,0,0,0,0,0,0,0,0,0,0,0,0,0,0,0,0
0,0,0,0,0,0,0,0,0,0,0,0,0,0,0,0,0,0,0,0,0,0
0,0,0,0,0,0,0,0,0,0,0,0,0,0,0,0,0,0,0,0,0,0
0,0,0,0,0,0,0,0,0,0,0,0,0,0,0,0,0,0,0,0,0,0
0,0,0,0,0,0,0,0,0,0,0,0,0,0,0,0,0,0,0,0,0,0
0,0,0,0,0,0,0,0,0,0,0,0,0,0,0,0,0,0,0,0,0,0
0,0,0,0,0,0,0,0,0,0,0,0,0,0,0,0,0,0,0,0,0,0
0,0,0,0,0,0,0,0,0,0,0,0,0,0,0,0,0,0,0,0,0,0
0,0,0,0.0047,0.0716,0,0.0012,0,0,0,0.0672,0.0672,0,0.0382,0.0504,0.0266,0,0,0.0078,0.0014,0,0
0,0,0,0.1269,0.2526,0.0646,0.1032,0.0385,0.0327,0,0.2676,0.2676,0.0624,0.2415,0.2547,0.2075,0,0.0514,0.1442,0.1214,3.00E-04,0.0132
0.0025,0,0,0.303,0.4453,0.3079,0.2652,0.2478,0.2107,0.0016,0.504,0.504,0.2832,0.4787,0.5013,0.449,0.0614,0.6666,0.3441,0.3876,0.0156,0.2016
0.1437,0.0336,0.0336,0.4556,0.6226,0.547,0.4452,0.4779,0.3802,0.0253,0.6876,0.6876,0.4896,0.6531,0.6916,0.6591,0.3087,1.4601,0.5186,0.624,0.1919,0.438
0.3598,0.1452,0.1452,0.5551,0.7532,0.6342,0.6036,0.6654,0.5144,0.1326,0.8148,0.8148,0.378,0.7598,0.8137,0.8179,0.5653,2.0945,0.6514,0.7966,0.4312,0.6348
0.5333,0.2544,0.2544,0.5578,0.8775,0.7043,0.6096,0.7914,0.66,0.3052,0.8604,0.8604,0.336,0.8057,0.8676,0.8876,0.7501,2.5385,0.7406,0.8971,0.622,0.7656
0.644,0.324,0.324,0.4832,0.8736,0.759,0.5412,0.8566,0.7845,0.4655,0.8196,0.8196,0.4512,0.787,0.8537,0.8921,0.8653,2.7832,0.771,0.9367,0.7499,0.84
0.6955,0.4404,0.4404,0.3929,0.7918,0.836,0.4104,0.8604,0.8758,0.5786,0.696,0.696,0.7212,0.7081,0.7562,0.8212,0.9334,2.8268,0.7354,0.9172,0.8212,0.8448
0.6829,0.6612,0.6612,0.3274,0.6449,0.8852,0.2868,0.808,0.8422,0.6248,0.552,0.552,0.8304,0.6016,0.6159,0.7006,0.9261,2.703,0.647,0.8404,0.8471,0.8052
0.6288,0.5616,0.5616,0.2558,0.439,0.7739,0.1764,0.6963,0.7375,0.6282,0.3816,0.3816,0.7248,0.4586,0.3882,0.4544,0.86,2.4039,0.4968,0.7019,0.8072,0.7104
0.4877,0.3336,0.3336,0.1494,0.2036,0.5778,0.1824,0.5276,0.5728,0.5851,0.1944,0.1944,0.516,0.2665,0.1743,0.2167,0.7217,1.9286,0.2999,0.5013,0.7146,0.5616
0.3205,0.24,0.24,0.0492,0.0177,0.3248,0.1212,0.3059,0.3473,0.5117,0.0288,0.0288,0.2592,0.0586,0.0275,0.0739,0.5333,1.2603,0.0955,0.2518,0.5552,0.3552
0.1738,0.1776,0.1776,0.0013,0,0.0724,0.0048,0.0799,0.0969,0.3956,0,0,0.03,0,0,0.0028,0.2793,0.4824,0,0.0243,0.3408,0.1248
0.0648,0.0888,0.0888,0,0,0,0,0,4.00E-04,0.2312,0,0,0,0,0,0,0.0539,2.21E-02,0,0,0.1128,0
0.0022,0.0156,0.0156,0,0,0,0,0,0,0.062,0,0,0,0,0,0,0,0,0,0,0.0014,0
0,0,0,0,0,0,0,0,0,0,0,0,0,0,0,0,0,0,0,0,0,0
0,0,0,0,0,0,0,0,0,0,0,0,0,0,0,0,0,0,0,0,0,0
0,0,0,0,0,0,0,0,0,0,0,0,0,0,0,0,0,0,0,0,0,0
0,0,0,0,0,0,0,0,0,0,0,0,0,0,0,0,0,0,0,0,0,0
0,0,0,0,0,0,0,0,0,0,0,0,0,0,0,0,0,0,0,0,0,0
0,0,0,0,0,0,0,0,0,0,0,0,0,0,0,0,0,0,0,0,0,0
0,0,0,0,0,0,0,0,0,0,0,0,0,0,0,0,0,0,0,0,0,0
0,0,0,0,0,0,0,0,0,0,0,0,0,0,0,0,0,0,0,0,0,0
0,0,0,0,0,0,0,0,0,0,0,0,0,0,0,0,0,0,0,0,0,0
0,0,0,0.0142,0.0958,0,0.0024,0,0,0,0.0792,0.0792,0,0.0201,0.0657,0.0349,0,0,0.0132,0.0012,0,0
0,0,0,0.2363,0.3666,0.0812,0.168,0.0423,0.0561,0,0.3492,0.3492,0.1164,0.208,0.3335,0.2417,0,0.0414,0.2175,0.1503,3.00E-04,0.012
0,0,0,0.5339,0.6306,0.3518,0.4344,0.2453,0.3126,7.00E-04,0.606,0.606,0.402,0.5171,0.5954,0.5283,0.0612,0.5356,0.4775,0.4387,0.0117,0.192
0.0522,0.0792,0.0792,0.7886,0.8116,0.6055,0.6384,0.4652,0.575,0.0346,0.798,0.798,0.6528,0.6861,0.7912,0.7456,0.3047,1.2201,0.6858,0.6764,0.1441,0.4236
0.1833,0.3216,0.3216,0.9563,0.9224,0.7937,0.7584,0.665,0.7729,0.2192,0.9204,0.9204,0.8364,0.8633,0.9175,0.8779,0.5422,1.8696,0.8345,0.8483,0.2851,0.6132
0.3379,0.5496,0.5496,1.0631,0.968,0.9163,0.8208,0.8003,0.9082,0.4406,0.9756,0.9756,0.9528,0.939,0.9753,0.9476,0.7079,2.3797,0.9137,0.9503,0.3968,0.7476
0.4596,0.7176,0.7176,1.076,0.9531,0.969,0.8124,0.871,0.9747,0.6259,0.9684,0.9684,1,0.9479,0.9731,0.9505,0.8351,2.6527,0.9335,0.9892,0.5755,0.8232
0.5379,0.8316,0.8316,0.9669,0.8766,0.9673,0.6756,0.8767,0.9739,0.7412,0.9012,0.9012,0.9864,0.8969,0.9098,0.895,0.8961,2.7145,0.8856,0.9699,0.7503,0.8448
0.5775,0.882,0.882,0.797,0.7379,0.9023,0.48,0.8234,0.9161,0.7988,0.7704,0.7704,0.912,0.779,0.7845,0.7946,0.891,2.5962,0.7718,0.8884,0.7982,0.8076
0.6225,0.8748,0.8748,0.5498,0.5337,0.7732,0.2988,0.7101,0.7908,0.7928,0.5736,0.5736,0.7716,0.5964,0.5939,0.6286,0.8241,2.2954,0.5986,0.7436,0.7797,0.7164
0.612,0.8112,0.8112,0.2631,0.2725,0.5744,0.1884,0.5218,0.6052,0.7125,0.3204,0.3204,0.5604,0.3537,0.3437,0.3839,0.6205,1.7799,0.3848,0.5342,0.7045,0.5568
0.493,0.6888,0.6888,0.0752,0.0259,0.3248,0.0852,0.28,0.3612,0.5875,0.0528,0.0528,0.2988,0.0894,0.0729,0.1094,0.3546,1.1169,0.1367,0.2698,0.5379,0.3528
0.3428,0.5052,0.5052,0.0013,0,0.0664,0.0012,0.0656,0.0984,0.4085,0,0,0.036,0,0,0.002,0.1509,0.4019,0,0.0246,0.3171,0.1236
0.1592,0.27,0.27,0,0,0,0,0,3.00E-04,0.2019,0,0,0,0,0,0,0.0193,1.06E-02,0,0,0.114,0
0.0089,0.0408,0.0408,0,0,0,0,0,0,0.0421,0,0,0,0,0,0,0,0,0,0,0.0021,0
0,0,0,0,0,0,0,0,0,0,0,0,0,0,0,0,0,0,0,0,0,0
0,0,0,0,0,0,0,0,0,0,0,0,0,0,0,0,0,0,0,0,0,0
0,0,0,0,0,0,0,0,0,0,0,0,0,0,0,0,0,0,0,0,0,0
0,0,0,0,0,0,0,0,0,0,0,0,0,0,0,0,0,0,0,0,0,0
0,0,0,0,0,0,0,0,0,0,0,0,0,0,0,0,0,0,0,0,0,0
0,0,0,0,0,0,0,0,0,0,0,0,0,0,0,0,0,0,0,0,0,0
0,0,0,0,0,0,0,0,0,0,0,0,0,0,0,0,0,0,0,0,0,0
0,0,0,0,0,0,0,0,0,0,0,0,0,0,0,0,0,0,0,0,0,0
0,0,0,0,0,0,0,0,0,0,0,0,0,0,0,0,0,0,0,0,0,0
0,0,0,0.0047,0.1155,0,0.0024,0,0,0,0.0648,0.0648,0,0.0578,0.0526,0.0307,0,0,0.0156,0.002,0,0
0,0,0,0.1437,0.3863,0.0842,0.1932,0.0291,0.0509,0,0.2988,0.2988,0.1116,0.3206,0.2908,0.2577,0,0.0261,0.2473,0.1528,2.00E-04,0.0108
4.00E-04,0,0,0.3913,0.6185,0.3345,0.4716,0.1948,0.2894,6.00E-04,0.5184,0.5184,0.4008,0.5786,0.5318,0.5256,0.0098,0.4435,0.5163,0.4436,0.0081,0.1884
0.1193,0.0816,0.0816,0.665,0.7846,0.5814,0.6816,0.3812,0.5409,0.0241,0.6624,0.6624,0.6528,0.7739,0.7053,0.7337,0.0683,1.0622,0.7257,0.6828,0.135,0.4236
0.3235,0.3312,0.3312,0.8234,0.8703,0.7642,0.7584,0.5498,0.7237,0.1489,0.7428,0.7428,0.8316,0.9043,0.8152,0.8723,0.1821,1.6053,0.8686,0.8534,0.3308,0.618
0.4722,0.5628,0.5628,1.0206,0.8814,0.8796,0.7044,0.707,0.8382,0.3153,0.8112,0.8112,0.9432,0.9686,0.8955,0.9576,0.3557,1.9816,0.9483,0.9549,0.4964,0.7536
0.5794,0.7356,0.7356,1.1118,0.8324,0.9295,0.6216,0.7947,0.8939,0.5058,0.8556,0.8556,0.9888,0.9729,0.9268,0.9796,0.5383,2.2089,0.9675,0.9919,0.6425,0.8292
0.6474,0.852,0.852,1.0997,0.7352,0.9043,0.648,0.8074,0.8922,0.6551,0.8568,0.8568,0.9708,0.9172,0.893,0.9326,0.6876,2.1847,0.9261,0.969,0.7872,0.8388
0.6812,0.9024,0.9024,0.9747,0.5905,0.8198,0.714,0.7477,0.8199,0.7238,0.756,0.756,0.8892,0.797,0.7788,0.8225,0.7385,1.8607,0.8247,0.8864,0.8193,0.8004
0.6718,0.8976,0.8976,0.7583,0.4278,0.6748,0.6696,0.6392,0.677,0.7287,0.5592,0.5592,0.7464,0.6109,0.5869,0.6472,0.7031,1.3555,0.6615,0.7399,0.7796,0.7056
0.6127,0.8352,0.8352,0.4646,0.2305,0.4986,0.474,0.467,0.5041,0.662,0.3084,0.3084,0.5412,0.3623,0.3378,0.4095,0.5664,0.9521,0.4335,0.5279,0.6978,0.558
0.5026,0.7116,0.7116,0.1463,0.0212,0.2654,0.2016,0.2588,0.2938,0.5518,0.048,0.048,0.2796,0.0909,0.0722,0.1382,0.3562,0.5755,0.1628,0.2596,0.551,0.3492
0.3424,0.5244,0.5244,0.0012,0,0.04,0.0036,0.0617,0.0633,0.3654,0,0,0.03,0,0,0.0025,0.1304,0.1964,0,0.0203,0.3616,0.1188
0.151,0.282,0.282,0,0,0,0,0,2.00E-04,0.165,0,0,0,0,0,0,0.0156,0.0092,0,0,0.1438,0
0.0081,0.042,0.042,0,0,0,0,0,0,0.0311,0,0,0,0,0,0,0,0,0,0,0.0022,0
0,0,0,0,0,0,0,0,0,0,0,0,0,0,0,0,0,0,0,0,0,0
0,0,0,0,0,0,0,0,0,0,0,0,0,0,0,0,0,0,0,0,0,0
0,0,0,0,0,0,0,0,0,0,0,0,0,0,0,0,0,0,0,0,0,0
0,0,0,0,0,0,0,0,0,0,0,0,0,0,0,0,0,0,0,0,0,0
0,0,0,0,0,0,0,0,0,0,0,0,0,0,0,0,0,0,0,0,0,0
0,0,0,0,0,0,0,0,0,0,0,0,0,0,0,0,0,0,0,0,0,0
0,0,0,0,0,0,0,0,0,0,0,0,0,0,0,0,0,0,0,0,0,0
0,0,0,0,0,0,0,0,0,0,0,0,0,0,0,0,0,0,0,0,0,0
0,0,0,0,0,0,0,0,0,0,0,0,0,0,0,0,0,0,0,0,0,0
0,0,0,0.0071,0.1119,0,0,0,0,0,0.0792,0.0792,0,0.0565,0.0642,0.0342,0,0,0.0138,0.0018,0,0
0,0,0,0.1574,0.3909,0.024,0.1116,0.0277,0.0402,0,0.354,0.354,0.03,0.3194,0.3343,0.2377,0,0.0202,0.2363,0.0809,2.00E-04,0.0096
4.00E-04,0,0,0.3912,0.6347,0.1847,0.3348,0.1978,0.2568,5.00E-04,0.6048,0.6048,0.222,0.5779,0.5919,0.4896,0.0149,0.4189,0.5045,0.287,0.0128,0.1764
0.1115,0.084,0.084,0.5656,0.809,0.2405,0.6168,0.3995,0.5169,0.0159,0.7872,0.7872,0.258,0.7717,0.7781,0.6714,0.0967,1.1189,0.7109,0.4081,0.1955,0.3996
0.3334,0.3468,0.3468,0.6658,0.9136,0.3704,0.7236,0.5706,0.7072,0.0987,0.9024,0.9024,0.384,0.8973,0.8945,0.7841,0.1743,1.7498,0.8525,0.473,0.4495,0.5928
0.533,0.5904,0.5904,0.7128,0.9537,0.5162,0.5664,0.7094,0.8303,0.2496,0.9516,0.9516,0.5976,0.9476,0.9455,0.7959,0.2069,2.1803,0.9275,0.5908,0.6521,0.7224
0.6697,0.7668,0.7668,0.6743,0.9317,0.6273,0.5508,0.7842,0.8909,0.4292,0.9396,0.9396,0.7296,0.8831,0.9351,0.7188,0.206,2.3714,0.9406,0.6794,0.7936,0.7956
0.7714,0.8784,0.8784,0.5871,0.8501,0.6922,0.582,0.7946,0.8926,0.6012,0.8676,0.8676,0.828,0.7124,0.8638,0.6327,0.2142,2.362,0.8907,0.6773,0.8714,0.8172
0.8215,0.924,0.924,0.4662,0.706,0.5987,0.4728,0.7573,0.8203,0.7958,0.7296,0.7296,0.774,0.6146,0.7158,0.5169,0.2129,2.1582,0.7839,0.5566,0.8897,0.786
0.8048,0.912,0.912,0.332,0.5007,0.3979,0.4236,0.6545,0.6875,0.8351,0.5244,0.5244,0.6504,0.5757,0.5037,0.3654,0.1917,1.7667,0.6165,0.3509,0.8494,0.708
0.7081,0.8448,0.8448,0.1886,0.244,0.2692,0.3144,0.4813,0.4981,0.831,0.264,0.264,0.4428,0.3351,0.2627,0.2115,0.1522,1.3364,0.3885,0.1613,0.7532,0.5628
0.5763,0.72,0.72,0.0564,0.0177,0.135,0.1212,0.2669,0.2712,0.7194,0.036,0.036,0.2088,0.0711,0.0424,0.0482,0.1047,0.8142,0.1343,0.0537,0.6003,0.3612
0.3799,0.5304,0.5304,0.0008,0,0.0212,0.0012,0.0636,0.0657,0.533,0,0,0.0204,0,0,0,0.0564,0.2793,0,0.0026,0.3917,0.126
0.1667,0.2748,0.2748,0,0,0,0,0,1.00E-04,0.3077,0,0,0,0,0,0,0.0072,1.22E-02,0,0,0.1495,0
0.0075,0.0384,0.0384,0,0,0,0,0,0,0.0753,0,0,0,0,0,0,0,0,0,0,0.0021,0
0,0,0,0,0,0,0,0,0,0,0,0,0,0,0,0,0,0,0,0,0,0
0,0,0,0,0,0,0,0,0,0,0,0,0,0,0,0,0,0,0,0,0,0
0,0,0,0,0,0,0,0,0,0,0,0,0,0,0,0,0,0,0,0,0,0
0,0,0,0,0,0,0,0,0,0,0,0,0,0,0,0,0,0,0,0,0,0
0,0,0,0,0,0,0,0,0,0,0,0,0,0,0,0,0,0,0,0,0,0
0,0,0,0,0,0,0,0,0,0,0,0,0,0,0,0,0,0,0,0,0,0
0,0,0,0,0,0,0,0,0,0,0,0,0,0,0,0,0,0,0,0,0,0
0,0,0,0,0,0,0,0,0,0,0,0,0,0,0,0,0,0,0,0,0,0
0,0,0,0,0,0,0,0,0,0,0,0,0,0,0,0,0,0,0,0,0,0
0,0,0,0,0.0407,0,0,0,0,0,0.0192,0.0192,0,0.03,0.0184,0.0102,0,0,0.0096,0.001,0,0
0,0,0,0.0677,0.141,0.0191,0.0708,0.0311,0.0305,0,0.15,0.15,0.0504,0.2597,0.179,0.1354,0,1.46E-02,0.2018,0.0614,2.00E-04,0.0072
4.00E-04,0,0,0.2134,0.3196,0.115,0.2124,0.2234,0.2373,1.00E-04,0.3684,0.3684,0.2568,0.5113,0.4013,0.2915,0.0109,0.3335,0.4647,0.2426,0.0114,0.162
0.1091,0.078,0.078,0.3473,0.4586,0.2742,0.3588,0.46,0.4918,0.0185,0.3792,0.3792,0.5172,0.702,0.4784,0.4261,0.0853,0.8805,0.6723,0.4488,0.1926,0.4008
0.3318,0.336,0.336,0.4607,0.496,0.3676,0.5688,0.6587,0.6892,0.1715,0.3744,0.3744,0.6756,0.8318,0.536,0.498,0.2237,1.3891,0.8201,0.6494,0.4457,0.6048
0.532,0.576,0.576,0.5393,0.4931,0.4016,0.7056,0.8017,0.8434,0.4024,0.774,0.774,0.7788,0.8949,0.7332,0.5247,0.375,1.7959,0.8963,0.7701,0.6492,0.7368
0.6836,0.75,0.75,0.5572,0.517,0.4473,0.7584,0.8585,0.9238,0.6611,0.6516,0.6516,0.8628,0.8957,0.6759,0.5965,0.4821,2.032,0.9119,0.7706,0.7895,0.798
0.7535,0.864,0.864,0.5002,0.4404,0.4743,0.678,0.8666,0.9305,0.8067,0.4524,0.4524,0.8808,0.8332,0.541,0.5452,0.5012,2.1024,0.8699,0.6871,0.8682,0.816
0.7625,0.912,0.912,0.404,0.3506,0.4492,0.5496,0.8049,0.8791,0.8113,0.3912,0.3912,0.8268,0.7131,0.3819,0.3574,0.4832,1.9858,0.7715,0.5769,0.886,0.7644
0.7292,0.9036,0.9036,0.2968,0.2507,0.3585,0.3804,0.6862,0.762,0.7886,0.234,0.234,0.6732,0.5285,0.2368,0.2429,0.4103,1.7027,0.6096,0.428,0.841,0.66
0.6561,0.8412,0.8412,0.167,0.0935,0.2449,0.2376,0.5045,0.5782,0.7661,0.1032,0.1032,0.4716,0.2894,0.1269,0.1324,0.323,1.2577,0.3876,0.2692,0.742,0.4872
0.5436,0.714,0.714,0.0499,0.004,0.1364,0.0912,0.2797,0.3308,0.6367,0.018,0.018,0.2508,0.058,0.0294,0.036,0.2416,0.7536,0.1362,0.1167,0.5902,0.282
0.3821,0.522,0.522,0.0014,0,0.0178,0.0012,0.0623,0.0771,0.436,0,0,0.024,0,0,1.00E-04,0.1307,0.2387,0,0.0093,0.3822,0.0828
0.1778,0.2736,0.2736,0,0,0,0,0,2.00E-04,0.2288,0,0,0,0,0,0,0.0225,0.0098,0,0,0.1471,0
0.007,0.0372,0.0372,0,0,0,0,0,0,0.0514,0,0,0,0,0,0,0,0,0,0,0.002,0
0,0,0,0,0,0,0,0,0,0,0,0,0,0,0,0,0,0,0,0,0,0
0,0,0,0,0,0,0,0,0,0,0,0,0,0,0,0,0,0,0,0,0,0
0,0,0,0,0,0,0,0,0,0,0,0,0,0,0,0,0,0,0,0,0,0
0,0,0,0,0,0,0,0,0,0,0,0,0,0,0,0,0,0,0,0,0,0
0,0,0,0,0,0,0,0,0,0,0,0,0,0,0,0,0,0,0,0,0,0
0,0,0,0,0,0,0,0,0,0,0,0,0,0,0,0,0,0,0,0,0,0
0,0,0,0,0,0,0,0,0,0,0,0,0,0,0,0,0,0,0,0,0,0
0,0,0,0,0,0,0,0,0,0,0,0,0,0,0,0,0,0,0,0,0,0
0,0,0,0,0,0,0,0,0,0,0,0,0,0,0,0,0,0,0,0,0,0
0,0,0,0.0071,0.0561,0,0,0,0,0,0.0216,0.0216,0,0.0358,0.0199,0.0126,0,0,0.0114,0.0012,0,0
0,0,0,0.158,0.2634,0.0392,0.1176,0.0366,0.0416,0,0.1596,0.1596,0.0864,0.238,0.1501,0.107,0,0.0225,0.2285,0.0688,2.00E-04,0.0096
8.00E-04,0,0,0.4058,0.4969,0.2135,0.3276,0.2254,0.2833,5.00E-04,0.1932,0.1932,0.3576,0.4736,0.2541,0.2431,0.0392,0.4688,0.4914,0.2907,0.0105,0.1872
0.14,0.0684,0.0684,0.6342,0.6829,0.4306,0.54,0.4227,0.5447,0.0283,0.2052,0.2052,0.6024,0.6706,0.3523,0.3699,0.2658,1.113,0.693,0.5368,0.1846,0.426
0.4027,0.318,0.318,0.8464,0.8169,0.618,0.6864,0.6056,0.7405,0.2059,0.3024,0.3024,0.7932,0.7981,0.4537,0.4353,0.4705,1.6187,0.8268,0.7147,0.4369,0.6192
0.625,0.5592,0.5592,0.9908,0.864,0.7937,0.7584,0.7383,0.8574,0.4444,0.4956,0.4956,0.9072,0.869,0.5751,0.46,0.5903,2.0343,0.8994,0.8,0.6372,0.7476
0.7688,0.7344,0.7344,1.0354,0.8306,0.8507,0.7572,0.7861,0.8966,0.6429,0.606,0.606,0.8796,0.8812,0.6246,0.4827,0.5745,2.3008,0.9144,0.7946,0.7749,0.8136
0.8466,0.8556,0.8556,0.9718,0.7694,0.7786,0.6768,0.7547,0.8177,0.8004,0.6108,0.6108,0.6996,0.8233,0.605,0.4761,0.5318,2.3471,0.8724,0.6937,0.8518,0.8292
0.8728,0.9048,0.9048,0.8377,0.6575,0.6402,0.5784,0.6801,0.7337,0.8477,0.4968,0.4968,0.6576,0.7066,0.5011,0.4191,0.4788,2.0359,0.7687,0.5286,0.8662,0.7932
0.8452,0.8976,0.8976,0.6282,0.4662,0.5198,0.4812,0.6093,0.6623,0.83,0.2856,0.2856,0.666,0.5264,0.3022,0.2922,0.4398,1.6567,0.599,0.3866,0.8205,0.6996
0.7521,0.8328,0.8328,0.3509,0.2202,0.3838,0.3468,0.4523,0.5223,0.7413,0.1044,0.1044,0.4956,0.2963,0.1078,0.1347,0.4037,1.2575,0.3764,0.2441,0.7103,0.5244
0.6137,0.708,0.708,0.1059,0.0127,0.197,0.1476,0.2415,0.3023,0.6111,0.0096,0.0096,0.2148,0.0614,0.0091,0.0285,0.2814,0.7701,0.1202,0.1075,0.5323,0.3012
0.4141,0.5196,0.5196,0.0011,0,0.0266,0.0012,0.0499,0.0671,0.4224,0,0,0.0144,0,0,4.00E-04,0.1548,0.2477,0,0.0069,0.3076,0.0804
0.1791,0.2652,0.2652,0,0,0,0,0,3.00E-04,0.1989,0,0,0,0,0,0,0.0298,0.0126,0,0,0.0923,0
0.0061,0.0312,0.0312,0,0,0,0,0,0,0.0375,0,0,0,0,0,0,0,0,0,0,9.00E-04,0
0,0,0,0,0,0,0,0,0,0,0,0,0,0,0,0,0,0,0,0,0,0
0,0,0,0,0,0,0,0,0,0,0,0,0,0,0,0,0,0,0,0,0,0
0,0,0,0,0,0,0,0,0,0,0,0,0,0,0,0,0,0,0,0,0,0
0,0,0,0,0,0,0,0,0,0,0,0,0,0,0,0,0,0,0,0,0,0
0,0,0,0,0,0,0,0,0,0,0,0,0,0,0,0,0,0,0,0,0,0
0,0,0,0,0,0,0,0,0,0,0,0,0,0,0,0,0,0,0,0,0,0
0,0,0,0,0,0,0,0,0,0,0,0,0,0,0,0,0,0,0,0,0,0
0,0,0,0,0,0,0,0,0,0,0,0,0,0,0,0,0,0,0,0,0,0
0,0,0,0,0,0,0,0,0,0,0,0,0,0,0,0,0,0,0,0,0,0
0,0,0,0.0024,0.0243,0,0,0,0,0,0.0072,0.0072,0,0.0311,0.0134,0.0142,0,0,0.0072,9.00E-04,0,0
0,0,0,0.1195,0.0918,0.0278,0.1548,0.0172,0.0321,0,0.1044,0.1044,0.0564,0.2415,0.1526,0.1399,0,0.0163,0.1669,0.0248,1.00E-04,0.0036
8.00E-04,0,0,0.3543,0.1355,0.1835,0.4152,0.1377,0.2483,5.00E-04,0.3012,0.3012,0.2148,0.5012,0.3508,0.2997,0.0612,0.3946,0.3823,0.091,0.0048,0.0972
0.1381,0.0492,0.0492,0.573,0.1642,0.3937,0.6348,0.2922,0.5021,0.0143,0.48,0.48,0.3324,0.6877,0.485,0.4044,0.3323,0.9543,0.5548,0.1746,0.1586,0.2304
0.3906,0.2628,0.2628,0.713,0.1852,0.5408,0.7944,0.4236,0.6941,0.0731,0.6132,0.6132,0.3984,0.7859,0.5611,0.4383,0.5879,1.4067,0.6498,0.2756,0.3899,0.3384
0.6059,0.5196,0.5196,0.7742,0.2188,0.6466,0.894,0.5315,0.8166,0.1378,0.642,0.642,0.486,0.8255,0.6173,0.5219,0.7704,1.7147,0.7401,0.4223,0.577,0.402
0.7563,0.6888,0.6888,0.7942,0.2274,0.745,0.912,0.5765,0.8654,0.2051,0.5568,0.5568,0.6192,0.859,0.6514,0.6358,0.8891,1.9574,0.8072,0.5169,0.7063,0.4272
0.8323,0.7968,0.7968,0.7403,0.2088,0.8033,0.8772,0.5888,0.8329,0.2923,0.4584,0.4584,0.7452,0.7805,0.5881,0.6756,0.9454,1.9874,0.8139,0.5666,0.7729,0.4404
0.8383,0.846,0.846,0.6444,0.1615,0.7882,0.7848,0.513,0.7605,0.4295,0.3228,0.3228,0.7704,0.5206,0.3941,0.5618,0.9405,1.871,0.6792,0.61,0.7951,0.3804
0.753,0.8436,0.8436,0.5205,0.1028,0.659,0.6348,0.3948,0.6213,0.5046,0.2796,0.2796,0.6672,0.2537,0.2393,0.3481,0.8708,1.6139,0.4269,0.4962,0.7675,0.276
0.6039,0.7548,0.7548,0.3205,0.0459,0.4508,0.426,0.2416,0.4759,0.4852,0.1344,0.1344,0.4836,0.1091,0.099,0.1811,0.7162,1.1661,0.195,0.3053,0.6882,0.1644
0.4352,0.6216,0.6216,0.1018,0.0026,0.2412,0.162,0.1032,0.2618,0.5056,0.0132,0.0132,0.2352,0.0116,0.0101,0.0562,0.5331,0.7149,0.0418,0.1179,0.5527,0.0804
0.269,0.4356,0.4356,0.0006,0,0.0411,0.0012,0.017,0.0509,0.4286,0,0,0.018,0,0,6.00E-04,0.2953,0.2322,0,0.0074,0.3632,0.0252
0.1057,0.1992,0.1992,0,0,0,0,0,3.00E-04,0.2454,0,0,0,0,0,0,0.0501,0.0043,0,0,0.1395,0
0.0021,0.0264,0.0264,0,0,0,0,0,0,0.0587,0,0,0,0,0,0,0,0,0,0,7.00E-04,0
0,0,0,0,0,0,0,0,0,0,0,0,0,0,0,0,0,0,0,0,0,0
0,0,0,0,0,0,0,0,0,0,0,0,0,0,0,0,0,0,0,0,0,0
0,0,0,0,0,0,0,0,0,0,0,0,0,0,0,0,0,0,0,0,0,0
0,0,0,0,0,0,0,0,0,0,0,0,0,0,0,0,0,0,0,0,0,0
0,0,0,0,0,0,0,0,0,0,0,0,0,0,0,0,0,0,0,0,0,0
0,0,0,0,0,0,0,0,0,0,0,0,0,0,0,0,0,0,0,0,0,0
0,0,0,0,0,0,0,0,0,0,0,0,0,0,0,0,0,0,0,0,0,0
0,0,0,0,0,0,0,0,0,0,0,0,0,0,0,0,0,0,0,0,0,0
0,0,0,0,0,0,0,0,0,0,0,0,0,0,0,0,0,0,0,0,0,0
0,0,0,0.0071,0.0128,0,0,0,0,0,0.0204,0.0204,0,0.0023,0.0167,0.0112,0,0,0.0036,0,0,0
0,0,0,0.2112,0.1009,0.0455,0.0636,0.0036,0.0243,0,0.1212,0.1212,0.0624,0.0497,0.1084,0.1244,0,0.013,0.1005,0.0583,0,0
4.00E-04,0,0,0.5368,0.2285,0.2696,0.2916,0.0429,0.218,2.00E-04,0.228,0.228,0.3108,0.1154,0.2142,0.2872,0.0588,0.3804,0.2439,0.252,0.0068,0.0276
0.1279,0.0408,0.0408,0.8295,0.3263,0.5317,0.6012,0.0996,0.4719,0.0175,0.3012,0.3012,0.5628,0.1672,0.3252,0.4395,0.3299,0.9555,0.3892,0.4693,0.1673,0.0732
0.388,0.2136,0.2136,1.1389,0.3726,0.7275,0.8052,0.1577,0.6859,0.1579,0.3192,0.3192,0.7464,0.3096,0.4368,0.5967,0.5842,1.4447,0.4415,0.6771,0.4154,0.1212
0.6024,0.4272,0.4272,1.3504,0.393,0.8493,0.9048,0.2095,0.8128,0.357,0.3696,0.3696,0.8568,0.3684,0.5762,0.7709,0.7725,1.7934,0.4532,0.7979,0.6175,0.1536
0.7417,0.5988,0.5988,1.4265,0.3625,0.9093,0.9348,0.232,0.877,0.4215,0.4548,0.4548,0.9168,0.2165,0.6286,0.8047,0.8925,1.9828,0.5196,0.8462,0.7592,0.18
0.8402,0.7104,0.7104,1.3956,0.3371,0.9028,0.8988,0.2119,0.8829,0.513,0.4452,0.4452,0.9012,0.146,0.5652,0.7367,0.9488,1.9986,0.5014,0.8325,0.8396,0.1932
0.8941,0.738,0.738,1.2646,0.2524,0.8384,0.7992,0.1831,0.8277,0.6807,0.3024,0.3024,0.8292,0.1044,0.4511,0.6531,0.9451,1.8921,0.4006,0.7633,0.8611,0.1896
0.8743,0.7116,0.7116,1.0267,0.127,0.7112,0.6192,0.1432,0.711,0.6599,0.18,0.18,0.696,0.0541,0.2802,0.4618,0.8814,1.6498,0.2584,0.6271,0.8302,0.1692
0.7923,0.654,0.654,0.6631,0.0448,0.5151,0.3528,0.0977,0.5287,0.5997,0.0696,0.0696,0.4968,0.0275,0.1294,0.2633,0.7448,1.2672,0.1209,0.4287,0.7367,0.1356
0.6475,0.5472,0.5472,0.2354,0.0016,0.2609,0.0912,0.0534,0.2941,0.4722,0.0084,0.0084,0.2424,0.0029,0.017,0.0704,0.5049,0.7636,0.0179,0.187,0.59,0.0912
0.4402,0.3972,0.3972,0,0,0.0362,0,0.0124,0.0596,0.3989,0,0,0.0168,0,0,6.00E-04,0.2617,0.2484,0,0.01,0.3836,0.036
0.1884,0.2064,0.2064,0,0,0,0,0,2.00E-04,0.2922,0,0,0,0,0,0,0.0381,0.0161,0,0,0.1398,0
0.0047,0.0264,0.0264,0,0,0,0,0,0,0.0667,0,0,0,0,0,0,0,0,0,0,7.00E-04,0
0,0,0,0,0,0,0,0,0,0,0,0,0,0,0,0,0,0,0,0,0,0
0,0,0,0,0,0,0,0,0,0,0,0,0,0,0,0,0,0,0,0,0,0
0,0,0,0,0,0,0,0,0,0,0,0,0,0,0,0,0,0,0,0,0,0
0,0,0,0,0,0,0,0,0,0,0,0,0,0,0,0,0,0,0,0,0,0
0,0,0,0,0,0,0,0,0,0,0,0,0,0,0,0,0,0,0,0,0,0
0,0,0,0,0,0,0,0,0,0,0,0,0,0,0,0,0,0,0,0,0,0
0,0,0,0,0,0,0,0,0,0,0,0,0,0,0,0,0,0,0,0,0,0
0,0,0,0,0,0,0,0,0,0,0,0,0,0,0,0,0,0,0,0,0,0
0,0,0,0,0,0,0,0,0,0,0,0,0,0,0,0,0,0,0,0,0,0
0,0,0,0.0142,0.024,0,0,0,0,0,0.0312,0.0312,0,0.0344,0.0269,0.0195,0,0,0.0036,8.00E-04,0,0
0,0,0,0.3369,0.0951,0.0558,0.1212,0.0021,0.0273,0,0.2424,0.2424,0.078,0.265,0.2421,0.2185,0,0.0044,0.1306,0.062,1.00E-04,0.006
4.00E-04,0,0,0.8071,0.17,0.2607,0.396,0.0618,0.2053,3.00E-04,0.4956,0.4956,0.3492,0.5303,0.5003,0.4903,0.0537,0.2214,0.3431,0.2167,0.0091,0.1524
0.1315,0.0708,0.0708,1.2182,0.2238,0.4727,0.6288,0.1576,0.4086,0.0275,0.6708,0.6708,0.5988,0.7293,0.6846,0.6954,0.3098,0.6356,0.5038,0.3612,0.1861,0.348
0.3985,0.3264,0.3264,1.5303,0.2847,0.6143,0.7716,0.2435,0.5779,0.2302,0.7884,0.7884,0.7836,0.8564,0.8031,0.8236,0.5462,1.0336,0.5332,0.4613,0.4454,0.4764
0.6204,0.5604,0.5604,1.7145,0.3374,0.6889,0.8736,0.3273,0.7282,0.498,0.8004,0.8004,0.8976,0.9186,0.8285,0.8837,0.7263,1.3806,0.5682,0.5062,0.6495,0.5988
0.7755,0.726,0.726,1.7695,0.3213,0.7142,0.9144,0.4436,0.8185,0.6976,0.6696,0.6696,0.9564,0.9145,0.7391,0.8622,0.8335,1.6087,0.5275,0.524,0.7847,0.6432
0.8562,0.8388,0.8388,1.6954,0.2786,0.6968,0.8928,0.4922,0.7895,0.8246,0.5688,0.5688,0.9516,0.8522,0.6272,0.765,0.8756,1.7071,0.474,0.4486,0.8509,0.6792
0.8915,0.8856,0.8856,1.5065,0.2421,0.6375,0.798,0.5604,0.6764,0.8892,0.4296,0.4296,0.8832,0.7363,0.4993,0.6518,0.8778,1.6757,0.4126,0.3378,0.872,0.6624
0.8748,0.8784,0.8784,1.1971,0.1896,0.5217,0.6456,0.4564,0.5294,0.8977,0.2892,0.2892,0.7476,0.5404,0.3592,0.5057,0.8113,1.4599,0.266,0.2377,0.8377,0.5868
0.7955,0.8136,0.8136,0.7677,0.1065,0.3527,0.4284,0.3306,0.3621,0.8375,0.1668,0.1668,0.5436,0.2513,0.185,0.2835,0.6769,1.0997,0.1303,0.1263,0.7489,0.4812
0.6488,0.6912,0.6912,0.2642,0.0055,0.1566,0.1452,0.1928,0.1876,0.7099,0.0156,0.0156,0.276,0.0263,0.0225,0.0755,0.4743,0.6488,0.0364,0.0414,0.5958,0.318
0.441,0.5064,0.5064,0.0005,0,0.0126,0,0.0445,0.0296,0.5252,0,0,0.018,0,0,2.00E-04,0.2532,0.1985,0,9.00E-04,0.3833,0.114
0.1899,0.2652,0.2652,0,0,0,0,0,2.00E-04,0.2876,0,0,0,0,0,0,0.0323,0.0127,0,0,0.1444,0
0.0041,0.03,0.03,0,0,0,0,0,0,0.0581,0,0,0,0,0,0,0,0,0,0,8.00E-04,0
0,0,0,0,0,0,0,0,0,0,0,0,0,0,0,0,0,0,0,0,0,0
0,0,0,0,0,0,0,0,0,0,0,0,0,0,0,0,0,0,0,0,0,0
0,0,0,0,0,0,0,0,0,0,0,0,0,0,0,0,0,0,0,0,0,0
0,0,0,0,0,0,0,0,0,0,0,0,0,0,0,0,0,0,0,0,0,0
0,0,0,0,0,0,0,0,0,0,0,0,0,0,0,0,0,0,0,0,0,0
0,0,0,0,0,0,0,0,0,0,0,0,0,0,0,0,0,0,0,0,0,0
0,0,0,0,0,0,0,0,0,0,0,0,0,0,0,0,0,0,0,0,0,0
0,0,0,0,0,0,0,0,0,0,0,0,0,0,0,0,0,0,0,0,0,0
0,0,0,0,0,0,0,0,0,0,0,0,0,0,0,0,0,0,0,0,0,0
0,0,0,0.0024,0.0632,0,0,0,0,0,0.0552,0.0552,0,0.0023,0.032,0.0097,0,0,0.0024,0,0,0
0,0,0,0.0788,0.2962,0.0101,0.1236,0.0299,0.0096,0,0.3288,0.3288,0.018,0.0422,0.2609,0.1352,0,0.0069,0.1128,0.024,2.00E-04,0.0084
4.00E-04,0,0,0.1583,0.525,0.0664,0.3384,0.228,0.0947,4.00E-04,0.5856,0.5856,0.0912,0.1275,0.5625,0.3689,0.0184,0.2738,0.2895,0.1268,0.0108,0.2064
0.1427,0.066,0.066,0.2046,0.6894,0.1585,0.4512,0.468,0.2429,0.0257,0.7716,0.7716,0.1908,0.2349,0.7572,0.5129,0.193,0.7812,0.429,0.25,0.2019,0.4716
0.4175,0.3204,0.3204,0.2327,0.7751,0.2545,0.5508,0.6836,0.4009,0.1992,0.8856,0.8856,0.2784,0.3335,0.878,0.6116,0.4743,1.2756,0.5279,0.3362,0.4669,0.678
0.6453,0.5556,0.5556,0.3005,0.7555,0.3438,0.6552,0.8015,0.5197,0.4036,0.9396,0.9396,0.318,0.496,0.9333,0.687,0.7159,1.5996,0.5926,0.3591,0.6676,0.8184
0.8009,0.72,0.72,0.3505,0.6792,0.4159,0.5748,0.8279,0.5787,0.5924,0.9288,0.9288,0.3252,0.7659,0.9176,0.7396,0.8693,1.8104,0.655,0.3726,0.803,0.894
0.891,0.828,0.828,0.3923,0.6328,0.4403,0.3552,0.8151,0.605,0.7351,0.8592,0.8592,0.3072,0.8027,0.841,0.6911,0.9459,1.8624,0.639,0.4199,0.8758,0.9072
0.9222,0.8772,0.8772,0.3116,0.5323,0.3838,0.3144,0.7512,0.5734,0.8197,0.7248,0.7248,0.2592,0.6703,0.691,0.5465,0.9564,1.7805,0.5801,0.4362,0.8947,0.864
0.8973,0.8712,0.8712,0.1939,0.3633,0.2713,0.2184,0.5897,0.4875,0.8166,0.5244,0.5244,0.1908,0.4858,0.4982,0.3783,0.8928,1.5728,0.4491,0.3591,0.8593,0.7632
0.8136,0.8112,0.8112,0.1067,0.1547,0.1732,0.126,0.399,0.3734,0.757,0.2652,0.2652,0.1164,0.2556,0.2233,0.1695,0.7644,1.2287,0.2659,0.2427,0.7689,0.5988
0.6686,0.6912,0.6912,0.0333,0.0061,0.0743,0.0528,0.2351,0.1937,0.6354,0.0252,0.0252,0.0468,0.0426,0.0206,0.025,0.566,0.7494,0.0806,0.092,0.6188,0.3756
0.4609,0.5088,0.5088,0.0004,0,0.0096,0,0.0585,0.0385,0.458,0,0,0,0,0,0,0.2979,0.254,0,0.0037,0.406,0.1236
0.202,0.2688,0.2688,0,0,0,0,0,3.00E-04,0.2442,0,0,0,0,0,0,0.0382,0.0159,0,0,0.1553,0
0.0041,0.0288,0.0288,0,0,0,0,0,0,0.0449,0,0,0,0,0,0,0,0,0,0,8.00E-04,0
0,0,0,0,0,0,0,0,0,0,0,0,0,0,0,0,0,0,0,0,0,0
0,0,0,0,0,0,0,0,0,0,0,0,0,0,0,0,0,0,0,0,0,0
0,0,0,0,0,0,0,0,0,0,0,0,0,0,0,0,0,0,0,0,0,0
0,0,0,0,0,0,0,0,0,0,0,0,0,0,0,0,0,0,0,0,0,0
0,0,0,0,0,0,0,0,0,0,0,0,0,0,0,0,0,0,0,0,0,0
0,0,0,0,0,0,0,0,0,0,0,0,0,0,0,0,0,0,0,0,0,0
0,0,0,0,0,0,0,0,0,0,0,0,0,0,0,0,0,0,0,0,0,0
0,0,0,0,0,0,0,0,0,0,0,0,0,0,0,0,0,0,0,0,0,0
0,0,0,0,0,0,0,0,0,0,0,0,0,0,0,0,0,0,0,0,0,0
0,0,0,0.0024,0.0634,0,0,0,0,0,0.0372,0.0372,0,0.0035,0.0216,0.0057,0,0,6.00E-04,1.00E-04,0,0
0,0,0,0.172,0.3035,0.0344,0.0948,0.0355,0.0252,0,0.2052,0.2052,0.0672,0.056,0.1464,0.0801,0,0.0156,0.0753,0.0437,1.00E-04,0.0048
0,0,0,0.503,0.5333,0.2242,0.39,0.2514,0.2532,4.00E-04,0.3972,0.3972,0.33,0.135,0.2872,0.1956,0.054,0.5121,0.2291,0.1857,0.0086,0.15
0.1409,0.0684,0.0684,0.732,0.7172,0.4447,0.5904,0.4936,0.5141,0.0197,0.5532,0.5532,0.5784,0.2131,0.4227,0.3256,0.3299,1.3096,0.3792,0.3237,0.1934,0.3612
0.4163,0.3276,0.3276,0.8977,0.8284,0.6254,0.648,0.6814,0.7031,0.1428,0.5784,0.5784,0.762,0.2511,0.5136,0.4588,0.5867,1.9567,0.4667,0.4031,0.4563,0.534
0.6414,0.5628,0.5628,0.986,0.8534,0.7239,0.7464,0.8184,0.8529,0.3375,0.468,0.468,0.876,0.254,0.4947,0.5412,0.7727,2.4138,0.4727,0.4784,0.6618,0.6876
0.795,0.7272,0.7272,1.023,0.7779,0.7811,0.7992,0.8992,0.9195,0.5973,0.408,0.408,0.9108,0.2397,0.4875,0.6051,0.8927,2.682,0.4357,0.5423,0.7993,0.816
0.8825,0.8388,0.8388,1.0206,0.6249,0.7923,0.7752,0.9099,0.9213,0.8466,0.3972,0.3972,0.894,0.2175,0.4995,0.6196,0.949,2.7392,0.3837,0.4968,0.8695,0.8484
0.9143,0.8868,0.8868,0.9504,0.4852,0.7306,0.6636,0.8501,0.8642,0.9364,0.3228,0.3228,0.78,0.175,0.3897,0.4863,0.9466,2.6152,0.3093,0.3841,0.8875,0.8076
0.889,0.8808,0.8808,0.7957,0.2468,0.5914,0.4956,0.7202,0.7456,0.9354,0.21,0.21,0.6192,0.1163,0.2329,0.2807,0.8842,2.3145,0.2189,0.2746,0.8515,0.69
0.8033,0.8148,0.8148,0.5138,0.0627,0.4194,0.2892,0.5148,0.5608,0.8724,0.0948,0.0948,0.4188,0.0598,0.1132,0.1448,0.7617,1.7925,0.129,0.1942,0.7595,0.4656
0.658,0.6912,0.6912,0.1544,0.0012,0.2091,0.0948,0.2716,0.3171,0.7468,0.0048,0.0048,0.1584,0.0099,0.0124,0.0295,0.5733,1.1189,0.0372,0.0827,0.6076,0.2496
0.4481,0.5052,0.5052,0.0011,0,0.0392,0,0.0493,0.0618,0.5561,0,0,0.006,0,0,1.00E-04,0.3237,0.3822,0,0.0033,0.3961,0.0732
0.1896,0.2592,0.2592,0,0,0,0,0,2.00E-04,0.3127,0,0,0,0,0,0,0.0455,0.0166,0,0,0.1435,0
0.0032,0.0264,0.0264,0,0,0,0,0,0,0.0595,0,0,0,0,0,0,0,0,0,0,7.00E-04,0
0,0,0,0,0,0,0,0,0,0,0,0,0,0,0,0,0,0,0,0,0,0
0,0,0,0,0,0,0,0,0,0,0,0,0,0,0,0,0,0,0,0,0,0
0,0,0,0,0,0,0,0,0,0,0,0,0,0,0,0,0,0,0,0,0,0
0,0,0,0,0,0,0,0,0,0,0,0,0,0,0,0,0,0,0,0,0,0
0,0,0,0,0,0,0,0,0,0,0,0,0,0,0,0,0,0,0,0,0,0
0,0,0,0,0,0,0,0,0,0,0,0,0,0,0,0,0,0,0,0,0,0
0,0,0,0,0,0,0,0,0,0,0,0,0,0,0,0,0,0,0,0,0,0
0,0,0,0,0,0,0,0,0,0,0,0,0,0,0,0,0,0,0,0,0,0
0,0,0,0,0,0,0,0,0,0,0,0,0,0,0,0,0,0,0,0,0,0
0,0,0,0,0.0281,0,0,0,0,0,0.0276,0.0276,0,0.0046,0.0175,0.0065,0,0,0.0012,2.00E-04,0,0
0,0,0,0.0958,0.161,0.0096,0.048,0.0272,0.0148,0,0.2088,0.2088,0.006,0.0753,0.1696,0.1021,0,0.0109,0.1052,0.0844,1.00E-04,0.006
0,0,0,0.2794,0.3163,0.1379,0.1668,0.2129,0.2109,0,0.4296,0.4296,0.0576,0.1824,0.3662,0.2618,0.0539,0.5114,0.2903,0.3583,0.0088,0.1908
0.1245,0.0624,0.0624,0.5416,0.4644,0.3202,0.294,0.4251,0.4563,0.0197,0.6,0.6,0.1212,0.2876,0.5204,0.4267,0.3334,1.2896,0.4423,0.5977,0.1738,0.4536
0.3983,0.3048,0.3048,0.7927,0.5668,0.4662,0.426,0.5891,0.6285,0.2373,0.6852,0.6852,0.1872,0.3736,0.6224,0.5657,0.5902,1.9132,0.5458,0.7699,0.4336,0.6576
0.6343,0.5172,0.5172,0.9587,0.6309,0.555,0.5796,0.7162,0.7508,0.5071,0.6828,0.6828,0.2376,0.4569,0.6613,0.6371,0.7727,2.3383,0.5858,0.8704,0.6419,0.7992
0.7994,0.6804,0.6804,1.0973,0.6471,0.5981,0.6252,0.8144,0.8104,0.7163,0.576,0.576,0.2712,0.5411,0.6184,0.6668,0.8904,2.6116,0.5603,0.9098,0.7828,0.8784
0.8943,0.7908,0.7908,1.1466,0.5486,0.6072,0.6276,0.8025,0.8033,0.8519,0.4488,0.4488,0.2916,0.5523,0.5041,0.61,0.9468,2.6556,0.527,0.8889,0.8553,0.8952
0.9252,0.8376,0.8376,1.0575,0.399,0.5935,0.5088,0.7232,0.7318,0.9132,0.3096,0.3096,0.27,0.4763,0.3745,0.5029,0.9432,2.5085,0.4415,0.8014,0.8722,0.8544
0.8976,0.8208,0.8208,0.7321,0.2145,0.5299,0.234,0.6131,0.607,0.9129,0.2028,0.2028,0.2208,0.3455,0.2421,0.344,0.8808,2.2093,0.3267,0.6706,0.8313,0.7548
0.8057,0.7476,0.7476,0.4004,0.0669,0.3979,0.1092,0.4793,0.4395,0.853,0.0804,0.0804,0.138,0.1407,0.1023,0.1815,0.7572,1.7701,0.1888,0.4664,0.7377,0.594
0.656,0.606,0.606,0.108,7.00E-04,0.2179,0.0396,0.2833,0.2439,0.7285,0.0036,0.0036,0.06,0.0135,0.0096,0.043,0.5698,1.1365,0.063,0.216,0.5578,0.3708
0.439,0.4032,0.4032,0.0008,0,0.0436,0,0.0581,0.0467,0.5388,0,0,0.0012,0,0,3.00E-04,0.3187,0.3796,0,0.0085,0.3344,0.12
0.1776,0.1716,0.1716,0,0,0,0,0,1.00E-04,0.2893,0,0,0,0,0,0,0.0418,0.0151,0,0,0.1048,0
0.0025,0.0144,0.0144,0,0,0,0,0,0,0.0481,0,0,0,0,0,0,0,0,0,0,4.00E-04,0
0,0,0,0,0,0,0,0,0,0,0,0,0,0,0,0,0,0,0,0,0,0
0,0,0,0,0,0,0,0,0,0,0,0,0,0,0,0,0,0,0,0,0,0
0,0,0,0,0,0,0,0,0,0,0,0,0,0,0,0,0,0,0,0,0,0
0,0,0,0,0,0,0,0,0,0,0,0,0,0,0,0,0,0,0,0,0,0
0,0,0,0,0,0,0,0,0,0,0,0,0,0,0,0,0,0,0,0,0,0
0,0,0,0,0,0,0,0,0,0,0,0,0,0,0,0,0,0,0,0,0,0
0,0,0,0,0,0,0,0,0,0,0,0,0,0,0,0,0,0,0,0,0,0
0,0,0,0,0,0,0,0,0,0,0,0,0,0,0,0,0,0,0,0,0,0
0,0,0,0,0,0,0,0,0,0,0,0,0,0,0,0,0,0,0,0,0,0
0,0,0,0,0.0245,0,0,0,0,0,0.012,0.012,0,0.0137,0.0067,0.0029,0,0,6.00E-04,3.00E-04,0,0
0,0,0,0.1029,0.137,0.0378,0.108,0.0293,0.0155,0,0.0828,0.0828,0.0468,0.1556,0.0704,0.0866,0,0.0102,0.0792,0.075,1.00E-04,0.0048
0,0,0,0.2982,0.2414,0.2541,0.3744,0.2542,0.1373,1.00E-04,0.1788,0.1788,0.2976,0.3933,0.1738,0.2544,0.0385,0.3677,0.2496,0.3335,0.0072,0.1824
0.1235,0.0576,0.0576,0.4987,0.3194,0.4928,0.6048,0.5096,0.3083,0.019,0.2676,0.2676,0.5496,0.5861,0.2852,0.4183,0.3134,1.0314,0.4523,0.5799,0.1594,0.4332
0.3985,0.3108,0.3108,0.6809,0.3703,0.6718,0.7668,0.703,0.4038,0.218,0.306,0.306,0.732,0.6778,0.3889,0.5842,0.6016,1.6422,0.5931,0.7494,0.4322,0.6372
0.6357,0.5652,0.5652,0.8094,0.3559,0.7616,0.8616,0.8287,0.5326,0.4785,0.2724,0.2724,0.8376,0.6457,0.4391,0.6917,0.8116,2.0734,0.6689,0.8528,0.6486,0.7752
0.8074,0.7512,0.7512,0.7631,0.2906,0.799,0.8868,0.8929,0.5886,0.6872,0.2508,0.2508,0.8772,0.4741,0.4708,0.7253,0.935,2.3675,0.6964,0.8916,0.7916,0.8508
0.8965,0.858,0.858,0.6588,0.2228,0.7803,0.8496,0.9032,0.6329,0.835,0.2796,0.2796,0.8028,0.2985,0.4911,0.7162,0.9901,2.4579,0.6737,0.8781,0.8706,0.8664
0.9291,0.9072,0.9072,0.5695,0.1618,0.6346,0.7452,0.8481,0.6083,0.9012,0.2628,0.2628,0.528,0.275,0.4418,0.645,0.9816,2.3117,0.5932,0.8011,0.8957,0.822
0.9006,0.9108,0.9108,0.431,0.1051,0.4878,0.6048,0.7323,0.5159,0.9042,0.2124,0.2124,0.366,0.3307,0.3332,0.5004,0.911,2.013,0.4568,0.6645,0.8623,0.7152
0.811,0.852,0.852,0.2271,0.0436,0.2966,0.3936,0.5489,0.4088,0.858,0.1188,0.1188,0.132,0.2471,0.1593,0.2593,0.7764,1.5403,0.2698,0.4595,0.7678,0.5472
0.6616,0.7248,0.7248,0.0573,0.0017,0.1412,0.1248,0.3089,0.2613,0.7354,0.0084,0.0084,0.0252,0.0394,0.0196,0.0601,0.5594,0.9048,0.0811,0.2039,0.6045,0.3228
0.4527,0.5316,0.5316,0.0006,0,0.0221,0,0.0602,0.0497,0.5324,0,0,0,0,0,2.00E-04,0.2529,0.2478,0,0.0073,0.388,0.1008
0.1852,0.2748,0.2748,0,0,0,0,0.0165,1.00E-04,0.2694,0,0,0,0,0,0,0.0253,0.0333,0,0,0.1419,0.0696
0.0024,0.0252,0.0252,0,0,0,0,0,0,0.0441,0,0,0,0,0,0,0,0,0,0,7.00E-04,0
0,0,0,0,0,0,0,0,0,0,0,0,0,0,0,0,0,0,0,0,0,0
0,0,0,0,0,0,0,0,0,0,0,0,0,0,0,0,0,0,0,0,0,0
0,0,0,0,0,0,0,0,0,0,0,0,0,0,0,0,0,0,0,0,0,0
0,0,0,0,0,0,0,0,0,0,0,0,0,0,0,0,0,0,0,0,0,0
0,0,0,0,0,0,0,0,0,0,0,0,0,0,0,0,0,0,0,0,0,0
0,0,0,0,0,0,0,0,0,0,0,0,0,0,0,0,0,0,0,0,0,0
0,0,0,0,0,0,0,0,0,0,0,0,0,0,0,0,0,0,0,0,0,0
0,0,0,0,0,0,0,0,0,0,0,0,0,0,0,0,0,0,0,0,0,0
0,0,0,0,0,0,0,0,0,0,0,0,0,0,0,0,0,0,0,0,0,0
0,0,0,0.0024,0.0615,0,0,0,0,0,0.0396,0.0396,0,0.0126,0.029,0.0127,0,0,6.00E-04,3.00E-04,0,0
0,0,0,0.1552,0.3139,0.0241,0.012,0.0291,0.0191,0,0.2796,0.2796,0.0324,0.1482,0.2596,0.1815,0,0.0068,0.1232,0.0816,1.00E-04,0.0048
0,0,0,0.3959,0.5615,0.1833,0.1836,0.2424,0.1852,1.00E-04,0.534,0.534,0.2028,0.3714,0.5174,0.4271,0.0474,0.3177,0.3204,0.3455,0.0076,0.18
0.1239,0.0144,0.0144,0.5869,0.7388,0.3355,0.4296,0.4811,0.394,0.0155,0.72,0.72,0.2604,0.5758,0.7053,0.642,0.3212,0.7749,0.4985,0.585,0.1797,0.4344
0.3316,0.186,0.186,0.7216,0.8409,0.4122,0.1932,0.6587,0.4568,0.2207,0.8364,0.8364,0.168,0.7142,0.8256,0.7775,0.608,1.2041,0.6378,0.7499,0.4421,0.6396
0.4712,0.5172,0.5172,0.8098,0.8841,0.4164,0.1224,0.7948,0.4936,0.494,0.8904,0.8904,0.1392,0.7991,0.8838,0.8488,0.8027,1.4899,0.7365,0.8417,0.642,0.7788
0.6322,0.7056,0.7056,0.9392,0.856,0.47,0.3228,0.8645,0.643,0.7019,0.8832,0.8832,0.204,0.8172,0.8821,0.8604,0.9474,1.7527,0.764,0.8773,0.7475,0.8544
0.8127,0.8136,0.8136,0.8798,0.7763,0.6264,0.342,0.8224,0.6998,0.837,0.8124,0.8124,0.8052,0.7561,0.8179,0.7955,0.9982,1.7619,0.7144,0.8619,0.8343,0.8676
0.9132,0.8352,0.8352,0.7836,0.6382,0.5888,0.0828,0.7555,0.6786,0.9014,0.6804,0.6804,0.8628,0.6282,0.6938,0.6691,0.9978,1.7765,0.6108,0.769,0.8815,0.8268
0.9046,0.7872,0.7872,0.4819,0.4318,0.4504,0.0516,0.6534,0.4511,0.9,0.4824,0.4824,0.612,0.4515,0.503,0.4397,0.9361,1.6942,0.4547,0.5844,0.8272,0.7284
0.8064,0.66,0.66,0.2048,0.1781,0.3029,0.0288,0.506,0.2773,0.8423,0.2304,0.2304,0.3156,0.2295,0.2568,0.2167,0.7692,1.4224,0.2671,0.3426,0.6661,0.5688
0.5145,0.5772,0.5772,0.052,0.003,0.161,0.018,0.2805,0.1777,0.7195,0.0132,0.0132,0.0684,0.0329,0.0259,0.0306,0.5325,0.9685,0.083,0.1396,0.4885,0.3504
0.2402,0.4524,0.4524,0.0009,0,0.0353,0,0.0514,0.0286,0.5347,0,0,0.0012,0,0,0,0.2866,0.348,0,0.0052,0.3617,0.108
0.089,0.2052,0.2052,0,0,0,0,0,1.00E-04,0.2892,0,0,0,0,0,0,0.031,0.0051,0,0,0.1295,0
0.001,0.0168,0.0168,0,0,0,0,0,0,0.0437,0,0,0,0,0,0,0,0,0,0,5.00E-04,0
0,0,0,0,0,0,0,0,0,0,0,0,0,0,0,0,0,0,0,0,0,0
0,0,0,0,0,0,0,0,0,0,0,0,0,0,0,0,0,0,0,0,0,0
0,0,0,0,0,0,0,0,0,0,0,0,0,0,0,0,0,0,0,0,0,0
0,0,0,0,0,0,0,0,0,0,0,0,0,0,0,0,0,0,0,0,0,0
0,0,0,0,0,0,0,0,0,0,0,0,0,0,0,0,0,0,0,0,0,0
0,0,0,0,0,0,0,0,0,0,0,0,0,0,0,0,0,0,0,0,0,0
0,0,0,0,0,0,0,0,0,0,0,0,0,0,0,0,0,0,0,0,0,0
0,0,0,0,0,0,0,0,0,0,0,0,0,0,0,0,0,0,0,0,0,0
0,0,0,0,0,0,0,0,0,0,0,0,0,0,0,0,0,0,0,0,0,0
0,0,0,0,0.0454,0,0,0,0,0,0.0276,0.0276,0,0.024,0.0158,0.0053,0,0,0.0012,5.00E-04,0,0
0,0,0,0.0978,0.2552,0.0435,0.0972,0.0269,0.0161,0,0.1704,0.1704,0.0672,0.2589,0.1459,0.116,0,0.0053,0.1463,0.0631,1.00E-04,0.0036
0,0,0,0.282,0.4663,0.2467,0.3672,0.2345,0.2308,2.00E-04,0.2868,0.2868,0.348,0.5209,0.3175,0.3881,0.0415,0.3159,0.3956,0.286,0.004,0.18
0.122,0.0312,0.0312,0.448,0.5777,0.4313,0.6636,0.4807,0.4987,0.021,0.3936,0.3936,0.6096,0.717,0.494,0.6305,0.3063,0.8085,0.5854,0.5638,0.0894,0.4332
0.4133,0.1392,0.1392,0.6022,0.6289,0.5678,0.8472,0.676,0.6667,0.2328,0.6732,0.6732,0.7944,0.8344,0.7383,0.7983,0.5789,1.1996,0.7299,0.7918,0.2407,0.6396
0.6433,0.2772,0.2772,0.7289,0.5306,0.6494,0.9264,0.796,0.7863,0.503,0.8244,0.8244,0.8772,0.8929,0.8026,0.8448,0.7851,1.4731,0.7948,0.8906,0.3604,0.7824
0.7867,0.4932,0.4932,0.7738,0.5346,0.6793,0.9036,0.7686,0.8397,0.7123,0.8196,0.8196,0.8244,0.8922,0.6798,0.7428,0.8929,1.547,0.7958,0.8512,0.4774,0.8592
0.8582,0.6948,0.6948,0.7147,0.6438,0.6658,0.8256,0.7568,0.8647,0.8493,0.6012,0.6012,0.7536,0.8453,0.4817,0.643,0.9785,1.6142,0.7929,0.8071,0.5514,0.876
0.8959,0.7932,0.7932,0.5476,0.5488,0.6481,0.5904,0.7006,0.7358,0.9172,0.3312,0.3312,0.7836,0.7229,0.3423,0.5406,0.9956,1.5369,0.6885,0.6349,0.5232,0.8352
0.8942,0.8076,0.8076,0.3758,0.3055,0.4926,0.4296,0.6065,0.5389,0.9175,0.1488,0.1488,0.4872,0.5296,0.242,0.3977,0.9392,1.4075,0.5083,0.4918,0.4968,0.738
0.7941,0.7944,0.7944,0.1903,0.0768,0.312,0.2592,0.4473,0.3246,0.8585,0.06,0.06,0.2664,0.2486,0.1576,0.2796,0.7121,1.0568,0.2511,0.3594,0.4907,0.5724
0.6481,0.6888,0.6888,0.0443,5.00E-04,0.137,0.0828,0.2433,0.1558,0.7317,0.006,0.006,0.1032,0.0224,0.0225,0.0618,0.4863,0.6012,0.0725,0.0595,0.448,0.3516
0.4505,0.4968,0.4968,0.0004,0,0.0194,0,0.0436,0.0186,0.5366,0,0,0.0024,0,0,0,0.3023,0.1665,0,7.00E-04,0.1717,0.1068
0.1845,0.2448,0.2448,0,0,0,0,0,2.00E-04,0.2846,0,0,0,0,0,0,0.0359,0.0061,0,0,0.0311,0
0.0016,0.0132,0.0132,0,0,0,0,0,0,0.0392,0,0,0,0,0,0,0,0,0,0,4.00E-04,0
0,0,0,0,0,0,0,0,0,0,0,0,0,0,0,0,0,0,0,0,0,0
0,0,0,0,0,0,0,0,0,0,0,0,0,0,0,0,0,0,0,0,0,0
0,0,0,0,0,0,0,0,0,0,0,0,0,0,0,0,0,0,0,0,0,0
0,0,0,0,0,0,0,0,0,0,0,0,0,0,0,0,0,0,0,0,0,0
0,0,0,0,0,0,0,0,0,0,0,0,0,0,0,0,0,0,0,0,0,0
0,0,0,0,0,0,0,0,0,0,0,0,0,0,0,0,0,0,0,0,0,0
0,0,0,0,0,0,0,0,0,0,0,0,0,0,0,0,0,0,0,0,0,0
0,0,0,0,0,0,0,0,0,0,0,0,0,0,0,0,0,0,0,0,0,0
0,0,0,0,0,0,0,0,0,0,0,0,0,0,0,0,0,0,0,0,0,0
0,0,0,0,0.0533,0,0,0,0,0,0.0132,0.0132,0,0.0057,0.005,4.00E-04,0,0,0.0018,1.00E-04,0,0
0,0,0,0.157,0.2728,0.0156,0.0456,0.0168,0.0091,0,0.0828,0.0828,0.018,0.0954,0.0427,0.0333,0,0.0074,0.1088,0.0402,0,0
0,0,0,0.3979,0.4584,0.2001,0.246,0.1953,0.2161,1.00E-04,0.1236,0.1236,0.1848,0.1564,0.0829,0.1187,0.0528,0.5219,0.2768,0.2498,0.0029,0.0888
0.1283,0.0396,0.0396,0.6202,0.5427,0.4731,0.3636,0.4135,0.5029,0.0172,0.1692,0.1692,0.4476,0.2146,0.1283,0.2111,0.3516,1.2887,0.4595,0.5063,0.0686,0.2724
0.4246,0.3024,0.3024,0.7995,0.604,0.6493,0.3228,0.5697,0.7309,0.2314,0.1596,0.1596,0.6672,0.2561,0.1565,0.2789,0.642,1.8939,0.5805,0.7393,0.2341,0.4824
0.6685,0.5652,0.5652,0.8758,0.5873,0.7792,0.324,0.7084,0.885,0.5078,0.162,0.162,0.7884,0.2428,0.256,0.3839,0.8556,2.3925,0.6475,0.8814,0.3931,0.7056
0.8351,0.75,0.75,0.8481,0.4667,0.9183,0.306,0.8573,0.9157,0.7147,0.1464,0.1464,0.9216,0.2353,0.2541,0.4063,0.9875,2.6651,0.7129,0.9207,0.5375,0.8172
0.9183,0.8652,0.8652,0.7166,0.2357,0.9574,0.3216,0.8524,0.9012,0.8497,0.156,0.156,0.9468,0.1921,0.2532,0.3939,1,2.7079,0.6655,0.812,0.6388,0.8544
0.9436,0.9096,0.9096,0.5206,0.1095,0.9017,0.3888,0.7891,0.8941,0.9113,0.1536,0.1536,0.9084,0.172,0.2749,0.4078,1,2.5869,0.5365,0.6451,0.6986,0.8352
0.926,0.8952,0.8952,0.3145,0.0677,0.76,0.414,0.6658,0.7884,0.9109,0.1392,0.1392,0.7668,0.1691,0.1968,0.3338,0.9671,2.2404,0.3645,0.54,0.7206,0.7236
0.8415,0.822,0.822,0.1582,0.0291,0.5501,0.246,0.4846,0.6036,0.8479,0.1176,0.1176,0.5496,0.0806,0.1034,0.18,0.8314,1.7344,0.1905,0.4026,0.6805,0.5364
0.688,0.6936,0.6936,0.0375,0.0012,0.2877,0.0612,0.2473,0.3453,0.7211,0.006,0.006,0.2676,0.0065,0.0043,0.041,0.625,1.0844,0.0422,0.1561,0.5408,0.3132
0.466,0.4968,0.4968,0.0005,0,0.043,0,0.0414,0.0507,0.5302,0,0,0.0084,0,0,2.00E-04,0.3513,0.3648,0,0.0048,0.3328,0.0948
0.1892,0.2496,0.2496,0,0,0,0,0,1.00E-04,0.2836,0,0,0,0,0,0,0.0371,0.0153,0,0,0.1112,0
2.00E-04,0.0192,0.0192,0,0,0,0,0,0,0.0377,0,0,0,0,0,0,0,0,0,0,5.00E-04,0
0,0,0,0,0,0,0,0,0,0,0,0,0,0,0,0,0,0,0,0,0,0
0,0,0,0,0,0,0,0,0,0,0,0,0,0,0,0,0,0,0,0,0,0
0,0,0,0,0,0,0,0,0,0,0,0,0,0,0,0,0,0,0,0,0,0
0,0,0,0,0,0,0,0,0,0,0,0,0,0,0,0,0,0,0,0,0,0
0,0,0,0,0,0,0,0,0,0,0,0,0,0,0,0,0,0,0,0,0,0
0,0,0,0,0,0,0,0,0,0,0,0,0,0,0,0,0,0,0,0,0,0
0,0,0,0,0,0,0,0,0,0,0,0,0,0,0,0,0,0,0,0,0,0
0,0,0,0,0,0,0,0,0,0,0,0,0,0,0,0,0,0,0,0,0,0
0,0,0,0,0,0,0,0,0,0,0,0,0,0,0,0,0,0,0,0,0,0
0,0,0,0,0.0208,0,0,0,0,0,0.0108,0.0108,0,0,0.0044,9.00E-04,0,0,0,0,0,0
0,0,0,0.088,0.1228,0.0482,0.1296,0.0255,0.0182,0,0.0504,0.0504,0.0636,0.026,0.038,0.0353,0,0.0073,0.0482,0.0398,0,0.0012
0,0,0,0.2707,0.2209,0.3117,0.4368,0.2414,0.2012,0,0.1056,0.1056,0.3564,0.1012,0.0944,0.1074,0.0515,0.4401,0.1595,0.232,0.0061,0.1404
0.1125,0.054,0.054,0.512,0.3532,0.5821,0.6864,0.5236,0.4373,0.0094,0.1956,0.1956,0.63,0.2029,0.1712,0.2183,0.3441,1.3028,0.2761,0.5569,0.1602,0.4224
0.406,0.318,0.318,0.6771,0.5189,0.773,0.8604,0.7429,0.65,0.1994,0.2376,0.2376,0.8208,0.2499,0.2063,0.2852,0.619,2.0237,0.375,0.7456,0.4285,0.6948
0.6399,0.5724,0.5724,0.7228,0.6736,0.8971,0.96,0.866,0.7295,0.4544,0.2088,0.2088,0.9384,0.2987,0.2096,0.311,0.8134,2.4307,0.4028,0.8642,0.6448,0.8508
0.8055,0.7548,0.7548,0.7074,0.5453,0.9749,0.9924,0.9381,0.7028,0.6377,0.216,0.216,0.99,0.2633,0.2209,0.4012,0.9347,2.7435,0.4073,0.9073,0.7906,0.93
0.9038,0.8748,0.8748,0.6345,0.2576,0.9791,0.9588,0.9545,0.6819,0.7628,0.2556,0.2556,0.9744,0.2144,0.2138,0.4032,0.991,2.8146,0.3677,0.8846,0.873,0.948
0.9366,0.9252,0.9252,0.5358,0.2152,0.9102,0.8604,0.8992,0.6999,0.8483,0.1488,0.1488,0.8952,0.2254,0.1467,0.3752,0.9861,2.7091,0.2981,0.7816,0.8932,0.906
0.9106,0.9156,0.9156,0.3428,0.1533,0.7745,0.6936,0.7786,0.5742,0.8665,0.0768,0.0768,0.7464,0.1645,0.0864,0.2934,0.9214,2.3989,0.1991,0.6482,0.8574,0.8052
0.8285,0.852,0.852,0.1555,0.0419,0.5697,0.4524,0.5932,0.3893,0.7947,0.0288,0.0288,0.528,0.0504,0.0304,0.1704,0.7953,1.8557,0.0948,0.4291,0.769,0.636
0.6776,0.7224,0.7224,0.038,0,0.3031,0.1644,0.3452,0.1944,0.6555,0,0,0.2508,0.0022,0.0021,0.0565,0.5996,1.1242,0.018,0.2051,0.6112,0.4068
0.4618,0.5268,0.5268,0.0009,0,0.0394,0,0.068,0.0189,0.496,0,0,0.006,0,0,1.00E-04,0.3389,0.3259,0,0.0054,0.3893,0.1392
0.2017,0.2664,0.2664,0,0,0,0,0,0,0.258,0,0,0,0,0,0,0.0323,0.0111,0,0,0.1318,0
0.0015,0.018,0.018,0,0,0,0,0,0,0.0288,0,0,0,0,0,0,0,0,0,0,5.00E-04,0
0,0,0,0,0,0,0,0,0,0,0,0,0,0,0,0,0,0,0,0,0,0
0,0,0,0,0,0,0,0,0,0,0,0,0,0,0,0,0,0,0,0,0,0
0,0,0,0,0,0,0,0,0,0,0,0,0,0,0,0,0,0,0,0,0,0
0,0,0,0,0,0,0,0,0,0,0,0,0,0,0,0,0,0,0,0,0,0
0,0,0,0,0,0,0,0,0,0,0,0,0,0,0,0,0,0,0,0,0,0
0,0,0,0,0,0,0,0,0,0,0,0,0,0,0,0,0,0,0,0,0,0
0,0,0,0,0,0,0,0,0,0,0,0,0,0,0,0,0,0,0,0,0,0
0,0,0,0,0,0,0,0,0,0,0,0,0,0,0,0,0,0,0,0,0,0
0,0,0,0,0,0,0,0,0,0,0,0,0,0,0,0,0,0,0,0,0,0
0,0,0,0,0.017,0,0,0,0,0,0.0084,0.0084,0,0.0034,0.0067,0.0025,0,0,6.00E-04,1.00E-04,0,0
0,0,0,0.167,0.1324,0.0271,0.0696,0.027,0.0025,0,0.1284,0.1284,0.0336,0.0866,0.1227,0.0847,0,0.0058,0.0941,0.0292,0,0.0012
0,0,0,0.484,0.3012,0.1884,0.3816,0.263,0.0399,0,0.312,0.312,0.1452,0.2081,0.302,0.2594,0.0332,0.3249,0.2784,0.2054,0.0061,0.1716
0.1104,0.0444,0.0444,0.761,0.4367,0.4518,0.6504,0.5419,0.1113,0.0107,0.5208,0.5208,0.3624,0.3395,0.5036,0.4962,0.2889,0.9287,0.4602,0.4942,0.1604,0.4488
0.3921,0.2796,0.2796,0.9932,0.499,0.6723,0.8208,0.748,0.2669,0.1604,0.7236,0.7236,0.6288,0.5137,0.6977,0.7453,0.4957,1.4533,0.6363,0.7381,0.431,0.6684
0.6423,0.5088,0.5088,1.162,0.4323,0.8121,0.8664,0.8791,0.4822,0.3989,0.7536,0.7536,0.8028,0.5669,0.7641,0.8408,0.7116,1.8112,0.6884,0.872,0.647,0.81
0.8083,0.6852,0.6852,1.2298,0.3824,0.8595,0.6036,0.9426,0.6137,0.6229,0.6924,0.6924,0.8688,0.5765,0.7001,0.806,0.8797,1.9766,0.7353,0.9416,0.7946,0.8868
0.8969,0.8292,0.8292,1.0804,0.3232,0.765,0.4236,0.944,0.5573,0.7922,0.5376,0.5376,0.8016,0.5324,0.5801,0.729,0.9788,1.8722,0.7399,0.9321,0.8744,0.8964
0.9277,0.8364,0.8364,0.7989,0.2787,0.5123,0.3936,0.8853,0.4464,0.8639,0.3444,0.3444,0.48,0.4015,0.3611,0.5548,0.9753,1.5536,0.6805,0.853,0.8936,0.8544
0.8967,0.7716,0.7716,0.5256,0.2027,0.3517,0.3624,0.7639,0.2856,0.8721,0.1956,0.1956,0.2916,0.2813,0.1915,0.3812,0.903,1.2557,0.6056,0.7175,0.8477,0.75
0.8138,0.6612,0.6612,0.2673,0.0799,0.205,0.2292,0.5788,0.1636,0.8092,0.078,0.078,0.1164,0.1137,0.0752,0.2172,0.7758,1.0505,0.3779,0.5037,0.7132,0.5892
0.6534,0.5076,0.5076,0.0668,6.00E-04,0.0807,0.0816,0.3214,0.0731,0.6874,0.0024,0.0024,0.0276,0.0104,0.0034,0.0662,0.573,0.7975,0.1031,0.234,0.5148,0.3312
0.4226,0.318,0.318,0.0008,0,0.0049,0,0.0509,0.0134,0.4989,0,0,0,0,0,1.00E-04,0.302,0.2654,0,0.0048,0.2946,0.1008
0.1465,0.15,0.15,0,0,0,0,0,2.00E-04,0.2515,0,0,0,0,0,0,0.0216,0.0115,0,0,0.0907,0
1.00E-04,0.0084,0.0084,0,0,0,0,0,0,0.0246,0,0,0,0,0,0,0,0,0,0,2.00E-04,0
0,0,0,0,0,0,0,0,0,0,0,0,0,0,0,0,0,0,0,0,0,0
0,0,0,0,0,0,0,0,0,0,0,0,0,0,0,0,0,0,0,0,0,0
0,0,0,0,0,0,0,0,0,0,0,0,0,0,0,0,0,0,0,0,0,0
0,0,0,0,0,0,0,0,0,0,0,0,0,0,0,0,0,0,0,0,0,0
0,0,0,0,0,0,0,0,0,0,0,0,0,0,0,0,0,0,0,0,0,0
0,0,0,0,0,0,0,0,0,0,0,0,0,0,0,0,0,0,0,0,0,0
0,0,0,0,0,0,0,0,0,0,0,0,0,0,0,0,0,0,0,0,0,0
0,0,0,0,0,0,0,0,0,0,0,0,0,0,0,0,0,0,0,0,0,0
0,0,0,0,0,0,0,0,0,0,0,0,0,0,0,0,0,0,0,0,0,0
0,0,0,0,0.005,0,0,0,0,0,0,0,0,0.0034,6.00E-04,9.00E-04,0,0,0.0012,1.00E-04,0,0
0,0,0,0.1284,0.0482,0.0388,0.0792,0.0211,0.0168,0,0.0444,0.0444,0.0552,0.108,0.0683,0.0788,0,4.60E-03,0.1379,0.0424,0,0.0012
0,0,0,0.3476,0.1167,0.2868,0.3192,0.2208,0.25,0,0.1428,0.1428,0.354,0.2826,0.2044,0.2593,0.0277,0.5099,0.421,0.2378,0.0052,0.1416
0.0808,0.024,0.024,0.5542,0.1945,0.5903,0.5856,0.4761,0.5388,0.0108,0.2868,0.2868,0.6372,0.3354,0.4081,0.4999,0.2784,1.3851,0.6898,0.5058,0.1531,0.3792
0.3418,0.1896,0.1896,0.7826,0.2343,0.8067,0.7572,0.6904,0.7508,0.133,0.3228,0.3228,0.8376,0.635,0.5428,0.7071,0.5477,2.075,0.8538,0.7165,0.4204,0.5856
0.5515,0.5112,0.5112,0.9423,0.2607,0.9329,0.8556,0.8238,0.8065,0.3107,0.3888,0.3888,0.948,0.8261,0.6075,0.8647,0.7209,2.5227,0.9312,0.8867,0.64,0.7272
0.7006,0.7596,0.7596,1.0161,0.2699,0.9877,0.8616,0.8855,0.8972,0.5408,0.4836,0.4836,0.9948,0.836,0.677,0.899,0.7819,2.7733,0.9462,0.9338,0.7887,0.7908
0.7857,0.882,0.882,1.026,0.2655,0.99,0.858,0.887,0.9432,0.7452,0.5064,0.5064,0.99,0.8509,0.6639,0.8732,0.7262,2.826,0.8988,0.915,0.8646,0.798
0.7855,0.936,0.936,0.8808,0.2399,0.9256,0.6468,0.8269,0.8893,0.8598,0.4188,0.4188,0.9216,0.7467,0.5757,0.7607,0.5428,2.6981,0.7945,0.8567,0.8854,0.7596
0.7011,0.93,0.93,0.6442,0.1554,0.791,0.5352,0.6992,0.7592,0.8684,0.2676,0.2676,0.774,0.5604,0.3985,0.5704,0.588,2.3794,0.6247,0.7322,0.8487,0.6624
0.5749,0.8664,0.8664,0.3236,0.0699,0.5847,0.3156,0.5112,0.5311,0.8091,0.108,0.108,0.5532,0.299,0.1625,0.3004,0.5628,1.8479,0.3907,0.5183,0.7665,0.51
0.4181,0.7332,0.7332,0.0787,5.00E-04,0.3134,0.0888,0.2699,0.2671,0.6816,0.0048,0.0048,0.2676,0.0322,0.0086,0.076,0.2617,1.1421,0.1141,0.2452,0.6078,0.2976
0.2422,0.534,0.534,0.0006,0,0.036,0,0.0393,0.0319,0.4898,0,0,0.0036,0,0,1.00E-04,0.058,0.3279,0,0.0045,0.3678,0.0756
0.0811,0.2604,0.2604,0,0,0,0,0,1.00E-04,0.2416,0,0,0,0,0,0,0.0025,0.0103,0,0,0.0973,0
0,0.0156,0.0156,0,0,0,0,0,0,0.0221,0,0,0,0,0,0,0,0,0,0,4.00E-04,0
0,0,0,0,0,0,0,0,0,0,0,0,0,0,0,0,0,0,0,0,0,0
0,0,0,0,0,0,0,0,0,0,0,0,0,0,0,0,0,0,0,0,0,0
0,0,0,0,0,0,0,0,0,0,0,0,0,0,0,0,0,0,0,0,0,0
0,0,0,0,0,0,0,0,0,0,0,0,0,0,0,0,0,0,0,0,0,0
0,0,0,0,0,0,0,0,0,0,0,0,0,0,0,0,0,0,0,0,0,0
0,0,0,0,0,0,0,0,0,0,0,0,0,0,0,0,0,0,0,0,0,0
0,0,0,0,0,0,0,0,0,0,0,0,0,0,0,0,0,0,0,0,0,0
0,0,0,0,0,0,0,0,0,0,0,0,0,0,0,0,0,0,0,0,0,0
0,0,0,0,0,0,0,0,0,0,0,0,0,0,0,0,0,0,0,0,0,0
0,0,0,0.0024,0.058,0,0,0,0,0,0.0348,0.0348,0,0.0206,0.0236,0.0102,0,0,6.00E-04,4.00E-04,0,0
0,0,0,0.271,0.3387,0.0401,0.102,0.0193,0.0102,0,0.312,0.312,0.048,0.2829,0.2898,0.2222,0,0.0027,0.1999,0.0923,0,0.0012
0,0,0,0.8027,0.6024,0.2545,0.4032,0.2027,0.1879,0,0.5856,0.5856,0.3264,0.5683,0.5712,0.5199,0.0121,0.2532,0.4958,0.3875,0.0047,0.144
0.0673,0.0204,0.0204,1.2712,0.7963,0.5051,0.6552,0.4169,0.4236,0.0052,0.7896,0.7896,0.5988,0.7804,0.7824,0.7495,0.1838,0.8773,0.7215,0.6449,0.1163,0.3588
0.2699,0.1812,0.1812,1.5842,0.9134,0.6958,0.828,0.5723,0.5926,0.0984,0.9252,0.9252,0.7872,0.919,0.9195,0.8987,0.4477,1.5166,0.8703,0.8192,0.3099,0.5016
0.4033,0.3576,0.3576,1.7556,0.9652,0.7902,0.9264,0.6766,0.7763,0.2424,0.9804,0.9804,0.8988,0.9879,0.9813,0.9773,0.6563,1.7371,0.9507,0.9205,0.4555,0.5664
0.5059,0.4308,0.4308,1.7949,0.9497,0.8144,0.9564,0.7388,0.8242,0.3921,0.9708,0.9708,0.9432,0.9921,0.9772,0.987,0.7607,1.7582,0.9686,0.9442,0.5928,0.6012
0.5423,0.4548,0.4548,1.6975,0.871,0.7732,0.9216,0.7993,0.7728,0.581,0.8964,0.8964,0.924,0.9328,0.909,0.9306,0.8192,1.7464,0.9248,0.7904,0.7479,0.6516
0.5436,0.444,0.444,1.492,0.721,0.6518,0.822,0.7854,0.5996,0.7819,0.7572,0.7572,0.8424,0.8077,0.7759,0.8003,0.8526,1.7386,0.8186,0.4982,0.8354,0.6636
0.5431,0.4128,0.4128,1.1736,0.4998,0.5364,0.654,0.6833,0.4616,0.8429,0.5484,0.5484,0.6996,0.6132,0.5744,0.6192,0.8152,1.5321,0.6464,0.3868,0.6964,0.5832
0.5179,0.3432,0.3432,0.7342,0.2179,0.3806,0.414,0.504,0.304,0.778,0.2796,0.2796,0.4536,0.3539,0.3113,0.3616,0.6983,1.2196,0.4082,0.3439,0.4919,0.4452
0.4591,0.3,0.3,0.2289,0.0014,0.1169,0.1344,0.2742,0.182,0.6219,0.0096,0.0096,0.0528,0.0417,0.0229,0.0821,0.4835,0.7099,0.1196,0.1694,0.354,0.2688
0.3179,0.1872,0.1872,0.0005,0,0.0041,0,0.0401,0.0256,0.4225,0,0,0,0,0,1.00E-04,0.2304,0.192,0,8.00E-04,0.2182,0.0792
0.111,0.0792,0.0792,0,0,0,0,0,1.00E-04,0.1895,0,0,0,0,0,0,0.0131,0.0071,0,0,0.0711,0
0,0.0048,0.0048,0,0,0,0,0,0,0.014,0,0,0,0,0,0,0,0,0,0,1.00E-04,0
0,0,0,0,0,0,0,0,0,0,0,0,0,0,0,0,0,0,0,0,0,0
0,0,0,0,0,0,0,0,0,0,0,0,0,0,0,0,0,0,0,0,0,0
0,0,0,0,0,0,0,0,0,0,0,0,0,0,0,0,0,0,0,0,0,0
0,0,0,0,0,0,0,0,0,0,0,0,0,0,0,0,0,0,0,0,0,0
0,0,0,0,0,0,0,0,0,0,0,0,0,0,0,0,0,0,0,0,0,0
0,0,0,0,0,0,0,0,0,0,0,0,0,0,0,0,0,0,0,0,0,0
0,0,0,0,0,0,0,0,0,0,0,0,0,0,0,0,0,0,0,0,0,0
0,0,0,0,0,0,0,0,0,0,0,0,0,0,0,0,0,0,0,0,0,0
0,0,0,0,0,0,0,0,0,0,0,0,0,0,0,0,0,0,0,0,0,0
0,0,0,0.0047,0.0224,0,0,0,0,0,0.0156,0.0156,0,0.016,0.011,0.0061,0,0,6.00E-04,3.00E-04,0,0
0,0,0,0.3751,0.1666,0.0294,0.1044,0.0182,0.0043,0,0.2352,0.2352,0.0468,0.254,0.2341,0.184,0,0.0023,0.1221,0.0323,0,0
0,0,0,0.8847,0.3301,0.1928,0.4116,0.203,0.235,0,0.5016,0.5016,0.1656,0.5183,0.5065,0.4699,0.0156,0.3301,0.2776,0.1885,0.0034,0.1488
0.0574,0.0288,0.0288,1.2991,0.5029,0.5273,0.5292,0.441,0.547,0.0105,0.6948,0.6948,0.6072,0.7165,0.7066,0.6949,0.2392,1.03,0.4225,0.3576,0.1381,0.3924
0.2421,0.2316,0.2316,1.6219,0.5508,0.7382,0.798,0.6396,0.7668,0.0613,0.8016,0.8016,0.8124,0.8482,0.8226,0.8462,0.4019,1.6613,0.5743,0.5118,0.4253,0.6396
0.4255,0.5088,0.5088,1.7908,0.4949,0.8685,0.936,0.7581,0.9069,0.1655,0.7788,0.7788,0.9312,0.9159,0.8456,0.9101,0.3737,2.0656,0.6754,0.6581,0.6603,0.7872
0.5718,0.7188,0.7188,1.8254,0.5403,0.9245,0.9696,0.8005,0.9746,0.2395,0.786,0.786,0.9948,0.9263,0.8659,0.9315,0.2372,2.2258,0.7811,0.6964,0.8133,0.8664
0.5732,0.8412,0.8412,1.7231,0.6254,0.8639,0.9456,0.7615,0.9739,0.2811,0.8268,0.8268,0.984,0.8828,0.8242,0.8615,0.2004,2.0802,0.8772,0.7118,0.8893,0.8748
0.5163,0.8712,0.8712,1.4631,0.56,0.7617,0.858,0.7165,0.908,0.2749,0.7104,0.7104,0.9072,0.7604,0.6525,0.6933,0.1813,1.8192,0.774,0.6276,0.904,0.8376
0.5109,0.8028,0.8028,1.0711,0.3621,0.6147,0.6948,0.602,0.7659,0.2572,0.498,0.498,0.7608,0.5672,0.5191,0.5949,0.417,1.4428,0.6031,0.5292,0.8716,0.7428
0.4957,0.6696,0.6696,0.6303,0.1567,0.4073,0.4584,0.4387,0.551,0.2048,0.2724,0.2724,0.5424,0.307,0.3059,0.382,0.6061,0.9236,0.3685,0.3587,0.7786,0.588
0.4184,0.528,0.528,0.212,0.001,0.1857,0.1596,0.2398,0.2699,0.1362,0.0096,0.0096,0.2616,0.0266,0.0211,0.0864,0.3383,0.506,0.0955,0.138,0.6188,0.3708
0.2711,0.4236,0.4236,0.0004,0,0.004,0,0.04,0.0198,0.076,0,0,0.0024,0,0,0,0.1671,0.1371,0,7.00E-04,0.3976,0.1104
0.0856,0.2196,0.2196,0,0,0,0,0,1.00E-04,0.0228,0,0,0,0,0,0,0.0071,0.0087,0,0,0.1533,0
0,0.0096,0.0096,0,0,0,0,0,0,4.00E-04,0,0,0,0,0,0,0,0,0,0,3.00E-04,0
0,0,0,0,0,0,0,0,0,0,0,0,0,0,0,0,0,0,0,0,0,0
0,0,0,0,0,0,0,0,0,0,0,0,0,0,0,0,0,0,0,0,0,0
0,0,0,0,0,0,0,0,0,0,0,0,0,0,0,0,0,0,0,0,0,0
0,0,0,0,0,0,0,0,0,0,0,0,0,0,0,0,0,0,0,0,0,0
0,0,0,0,0,0,0,0,0,0,0,0,0,0,0,0,0,0,0,0,0,0
0,0,0,0,0,0,0,0,0,0,0,0,0,0,0,0,0,0,0,0,0,0
0,0,0,0,0,0,0,0,0,0,0,0,0,0,0,0,0,0,0,0,0,0
0,0,0,0,0,0,0,0,0,0,0,0,0,0,0,0,0,0,0,0,0,0
0,0,0,0,0,0,0,0,0,0,0,0,0,0,0,0,0,0,0,0,0,0
0,0,0,0.0024,0.0611,0,0,0,0,0,0.0324,0.0324,0,0.0171,0.0212,0.0085,0,0,0,3.00E-04,0,0
0,0,0,0.3491,0.3616,0.0039,0.0072,0.0177,4.00E-04,0,0.3192,0.3192,0.0024,0.2756,0.2981,0.1961,0,0.0028,0.1539,0.0554,0,0
0,0,0,0.9094,0.6359,0.067,0.0792,0.2181,0.0138,0,0.6048,0.6048,0.0516,0.5599,0.5905,0.4842,0.0248,0.1812,0.4504,0.299,0.0046,0.1224
0.0778,0.0348,0.0348,1.3165,0.8298,0.2011,0.2952,0.4675,0.062,0.0056,0.8136,0.8136,0.0756,0.7721,0.8023,0.7011,0.283,0.7381,0.6867,0.5183,0.1555,0.3372
0.3581,0.2916,0.2916,1.6247,0.948,0.2004,0.5712,0.681,0.1274,0.0488,0.9444,0.9444,0.1152,0.9071,0.938,0.8415,0.5002,0.9775,0.8222,0.6112,0.4379,0.6024
0.5626,0.5484,0.5484,1.777,0.9933,0.2264,0.5964,0.8101,0.2022,0.1624,1,1,0.1164,0.9752,0.9996,0.9015,0.5184,1.2451,0.9014,0.6847,0.6632,0.75
0.6765,0.7332,0.7332,1.8235,0.9755,0.3202,0.6072,0.8675,0.2158,0.259,0.9984,0.9984,0.1176,0.9805,0.9982,0.8796,0.4908,1.7265,0.9174,0.7008,0.8159,0.8136
0.7343,0.8112,0.8112,1.7477,0.8839,0.3179,0.402,0.8696,0.259,0.3416,0.912,0.912,0.1152,0.9205,0.9204,0.8026,0.3913,1.8659,0.8748,0.6858,0.9005,0.8232
0.7525,0.8244,0.8244,1.5304,0.6823,0.312,0.1392,0.7972,0.3631,0.4456,0.7212,0.7212,0.1464,0.7955,0.7641,0.6396,0.3574,1.7391,0.7681,0.5484,0.9196,0.7068
0.7275,0.7752,0.7752,1.2168,0.351,0.3038,0.0312,0.6465,0.288,0.4368,0.522,0.522,0.3,0.6023,0.556,0.4844,0.4468,1.3773,0.6036,0.4038,0.8767,0.4728
0.6451,0.7056,0.7056,0.7189,0.0976,0.1686,0.0168,0.4279,0.178,0.4082,0.246,0.246,0.1416,0.3407,0.2823,0.2859,0.4982,0.8969,0.3761,0.2566,0.7739,0.2532
0.5183,0.5844,0.5844,0.2286,5.00E-04,0.0426,0.0024,0.2063,0.0602,0.2891,0.006,0.006,0.0228,0.0342,0.0111,0.0293,0.4942,0.4621,0.101,0.1028,0.6141,0.114
0.355,0.4332,0.4332,0.0004,0,5.00E-04,0,0.0197,0.004,0.1399,0,0,0,0,0,0,0.2633,0.1279,0,6.00E-04,0.3937,0.0228
0.1388,0.2364,0.2364,0,0,0,0,0,1.00E-04,0.0591,0,0,0,0,0,0,0.013,0.0097,0,0,0.1493,0
0,0.012,0.012,0,0,0,0,0,0,0.0022,0,0,0,0,0,0,0,0,0,0,3.00E-04,0
0,0,0,0,0,0,0,0,0,0,0,0,0,0,0,0,0,0,0,0,0,0
0,0,0,0,0,0,0,0,0,0,0,0,0,0,0,0,0,0,0,0,0,0
0,0,0,0,0,0,0,0,0,0,0,0,0,0,0,0,0,0,0,0,0,0
0,0,0,0,0,0,0,0,0,0,0,0,0,0,0,0,0,0,0,0,0,0
0,0,0,0,0,0,0,0,0,0,0,0,0,0,0,0,0,0,0,0,0,0
0,0,0,0,0,0,0,0,0,0,0,0,0,0,0,0,0,0,0,0,0,0
0,0,0,0,0,0,0,0,0,0,0,0,0,0,0,0,0,0,0,0,0,0
0,0,0,0,0,0,0,0,0,0,0,0,0,0,0,0,0,0,0,0,0,0
0,0,0,0,0,0,0,0,0,0,0,0,0,0,0,0,0,0,0,0,0,0
0,0,0,0,0.0023,0,0,0,0,0,0.0048,0.0048,0,0.0126,0.0044,0.0041,0,0,0,2.00E-04,0,0
0,0,0,0.2753,0.0415,4.00E-04,0.0036,0.0064,0,0,0.1128,0.1128,0,0.2455,0.1519,0.1418,0,0.0009,0.1466,0.0144,0,0
0,0,0,0.7853,0.0946,0.0335,0.036,0.1224,0.0119,0,0.33,0.33,0.0084,0.516,0.385,0.3564,0.0179,0.1785,0.4025,0.0873,0.0031,0.0708
0.0903,0.036,0.036,1.2042,0.1648,0.2017,0.0684,0.3241,0.0509,0.0091,0.5388,0.5388,0.0828,0.7188,0.5815,0.5423,0.2648,0.9066,0.6222,0.2424,0.1543,0.2076
0.3785,0.3024,0.3024,1.5029,0.2383,0.3895,0.1176,0.5314,0.1209,0.0648,0.7248,0.7248,0.3012,0.8496,0.7424,0.6371,0.5459,1.7513,0.774,0.2446,0.4376,0.3288
0.6243,0.558,0.558,1.6986,0.3751,0.5885,0.2244,0.5814,0.2394,0.1563,0.8328,0.8328,0.7308,0.9137,0.8539,0.6887,0.7619,2.2809,0.8386,0.3357,0.6562,0.4188
0.7953,0.7368,0.7368,1.7444,0.4995,0.6946,0.1992,0.6195,0.4963,0.2584,0.8592,0.8592,0.762,0.9125,0.8743,0.7703,0.8926,2.5626,0.7994,0.3378,0.8012,0.5028
0.8903,0.8532,0.8532,1.6597,0.4676,0.7074,0.21,0.6945,0.6707,0.288,0.7692,0.7692,0.6756,0.853,0.7879,0.6515,0.9514,2.6551,0.7677,0.4128,0.8777,0.5508
0.9255,0.9024,0.9024,1.4703,0.4199,0.6839,0.12,0.6553,0.6111,0.2569,0.642,0.642,0.654,0.7365,0.6392,0.4945,0.9466,2.561,0.7058,0.4388,0.9,0.5688
0.8981,0.894,0.894,1.173,0.2759,0.53,0.0756,0.5264,0.4781,0.2032,0.45,0.45,0.4884,0.5502,0.4092,0.3036,0.8805,2.2533,0.5506,0.355,0.8626,0.4296
0.8034,0.828,0.828,0.7295,0.0938,0.3228,0.0756,0.4182,0.3375,0.1676,0.2028,0.2028,0.1236,0.2987,0.1564,0.1149,0.7539,1.7526,0.2886,0.1884,0.7643,0.24
0.6375,0.7008,0.7008,0.2119,2.00E-04,0.1635,0.0348,0.2373,0.1574,0.1229,0.0036,0.0036,0.024,0.0231,0.0037,0.0121,0.5561,1.0809,0.0602,0.0625,0.6087,0.12
0.4202,0.5088,0.5088,0.0004,0,0.0245,0,0.0256,0.0159,0.0892,0,0,0,0,0,0,0.2935,0.2787,0,6.00E-04,0.391,0.0252
0.157,0.258,0.258,0,0,0,0,0,1.00E-04,0.0435,0,0,0,0,0,0,0.0155,0.0089,0,0,0.1444,0
0,0.0108,0.0108,0,0,0,0,0,0,4.00E-04,0,0,0,0,0,0,0,0,0,0,3.00E-04,0
0,0,0,0,0,0,0,0,0,0,0,0,0,0,0,0,0,0,0,0,0,0
0,0,0,0,0,0,0,0,0,0,0,0,0,0,0,0,0,0,0,0,0,0
0,0,0,0,0,0,0,0,0,0,0,0,0,0,0,0,0,0,0,0,0,0
0,0,0,0,0,0,0,0,0,0,0,0,0,0,0,0,0,0,0,0,0,0
0,0,0,0,0,0,0,0,0,0,0,0,0,0,0,0,0,0,0,0,0,0
0,0,0,0,0,0,0,0,0,0,0,0,0,0,0,0,0,0,0,0,0,0
0,0,0,0,0,0,0,0,0,0,0,0,0,0,0,0,0,0,0,0,0,0
0,0,0,0,0,0,0,0,0,0,0,0,0,0,0,0,0,0,0,0,0,0
0,0,0,0,0,0,0,0,0,0,0,0,0,0,0,0,0,0,0,0,0,0
0,0,0,0.0024,0.0059,0,0,0,0,0,0.0012,0.0012,0,0.0011,6.00E-04,1.00E-04,0,0,0,0,0,0
0,0,0,0.3161,0.0644,0.0062,0.024,0.0137,0.0013,0,0.054,0.054,0.006,0.051,0.0529,0.0379,0,0.0029,0.047,0.0553,0,0
0,0,0,0.8181,0.1491,0.1619,0.15,0.2196,0.1466,0,0.144,0.144,0.1584,0.1324,0.154,0.1345,0.0203,0.4175,0.2531,0.3305,0.0037,0.1044
0.0754,0.036,0.036,1.2633,0.2432,0.4473,0.4452,0.4563,0.3672,0.003,0.2796,0.2796,0.4644,0.2124,0.2865,0.2518,0.2779,1.2265,0.4832,0.593,0.1531,0.2268
0.3011,0.2724,0.2724,1.5692,0.3391,0.6817,0.5268,0.6329,0.5482,0.0356,0.4044,0.4044,0.6924,0.2701,0.4198,0.3916,0.5625,1.8708,0.5562,0.77,0.4322,0.3264
0.4575,0.4584,0.4584,1.7286,0.3705,0.8541,0.5388,0.7458,0.7854,0.1128,0.3516,0.3516,0.87,0.3303,0.3469,0.3966,0.7582,2.3032,0.5006,0.8624,0.6483,0.3936
0.5664,0.6072,0.6072,1.7537,0.3482,0.9185,0.4524,0.8057,0.915,0.1917,0.3012,0.3012,0.9204,0.39,0.2932,0.4016,0.8794,2.5402,0.4608,0.9096,0.7864,0.4488
0.6072,0.7728,0.7728,1.6778,0.2761,0.9229,0.2952,0.8202,0.8964,0.2688,0.2604,0.2604,0.9312,0.4109,0.2996,0.3893,0.9346,2.5974,0.4291,0.9013,0.8667,0.504
0.5645,0.8928,0.8928,1.4628,0.1718,0.8573,0.1848,0.7677,0.784,0.3211,0.1224,0.1224,0.858,0.3913,0.1728,0.3054,0.9299,2.4674,0.351,0.8205,0.8908,0.4812
0.6367,0.894,0.894,1.1397,0.0941,0.7247,0.1332,0.6477,0.5824,0.4053,0.072,0.072,0.7128,0.2035,0.081,0.1747,0.8662,2.1402,0.3047,0.6771,0.8543,0.3804
0.7727,0.8304,0.8304,0.6894,0.0265,0.5231,0.0984,0.484,0.4597,0.3652,0.036,0.036,0.4956,0.0616,0.0336,0.0849,0.7413,1.687,0.2252,0.458,0.7608,0.282
0.6395,0.6924,0.6924,0.2091,0,0.2525,0.0324,0.2949,0.2444,0.1988,0,0,0.1932,0.0038,6.00E-04,0.0202,0.5482,1.0818,0.0597,0.1709,0.6109,0.2772
0.3845,0.4956,0.4956,0.0006,0,0.0204,0,0.0395,0.0182,0.1027,0,0,0,0,0,0,0.2941,0.2661,0,0.0016,0.3946,0.09
0.0921,0.2544,0.2544,0,0,0,0,0,0,0.0464,0,0,0,0,0,0,0.013,0.0083,0,0,0.1451,0
0,0.0096,0.0096,0,0,0,0,0,0,4.00E-04,0,0,0,0,0,0,0,0,0,0,3.00E-04,0
0,0,0,0,0,0,0,0,0,0,0,0,0,0,0,0,0,0,0,0,0,0
0,0,0,0,0,0,0,0,0,0,0,0,0,0,0,0,0,0,0,0,0,0
0,0,0,0,0,0,0,0,0,0,0,0,0,0,0,0,0,0,0,0,0,0
0,0,0,0,0,0,0,0,0,0,0,0,0,0,0,0,0,0,0,0,0,0
0,0,0,0,0,0,0,0,0,0,0,0,0,0,0,0,0,0,0,0,0,0
0,0,0,0,0,0,0,0,0,0,0,0,0,0,0,0,0,0,0,0,0,0
0,0,0,0,0,0,0,0,0,0,0,0,0,0,0,0,0,0,0,0,0,0
0,0,0,0,0,0,0,0,0,0,0,0,0,0,0,0,0,0,0,0,0,0
0,0,0,0,0,0,0,0,0,0,0,0,0,0,0,0,0,0,0,0,0,0
0,0,0,0.0024,0.0063,0,0,0,0,0,0.0144,0.0144,0,0.0091,0.0088,0.0032,0,0,0,2.00E-04,0,0
0,0,0,0.3585,0.1321,0.0215,0.066,0.0181,0.0014,0,0.2544,0.2544,0.0168,0.2458,0.2368,0.178,0,0.0017,0.1864,0.0693,0,0
0,0,0,0.8261,0.4502,0.2073,0.2964,0.193,0.05,0,0.5376,0.5376,0.1716,0.5337,0.5244,0.4733,0.012,0.2607,0.4907,0.3497,0.0036,0.1044
0.05,0.0456,0.0456,1.1671,0.7139,0.4907,0.3972,0.3965,0.1548,0.0024,0.762,0.762,0.4692,0.7437,0.751,0.7123,0.2814,1.0333,0.7211,0.6053,0.1465,0.2952
0.2394,0.3024,0.3024,1.5123,0.8704,0.6884,0.4692,0.5362,0.291,0.0936,0.8988,0.8988,0.7284,0.8871,0.8921,0.8655,0.5599,1.6043,0.8747,0.7843,0.4261,0.3768
0.4202,0.5604,0.5604,1.7565,0.923,0.6982,0.5304,0.6211,0.4017,0.2968,0.9624,0.9624,0.7512,0.9609,0.9596,0.9437,0.7386,1.8428,0.957,0.8737,0.6464,0.3612
0.5963,0.7368,0.7368,1.8056,0.8892,0.7089,0.732,0.6836,0.4555,0.5096,0.9576,0.9576,0.6192,0.9663,0.9593,0.9602,0.8231,2.1233,0.975,0.881,0.7954,0.4308
0.7263,0.8436,0.8436,1.7241,0.8128,0.7523,0.8208,0.6324,0.5557,0.6206,0.8868,0.8868,0.516,0.9072,0.8947,0.9094,0.8475,2.3761,0.9324,0.8141,0.8667,0.3228
0.7935,0.8928,0.8928,1.5257,0.6962,0.6978,0.8004,0.5219,0.6574,0.6835,0.7488,0.7488,0.4812,0.7823,0.7634,0.7912,0.7295,2.3038,0.8274,0.7272,0.8836,0.2268
0.8182,0.8832,0.8832,1.161,0.4847,0.5572,0.642,0.4243,0.6161,0.699,0.54,0.54,0.3468,0.5891,0.562,0.6028,0.4288,2.0561,0.657,0.527,0.8481,0.1836
0.6643,0.8184,0.8184,0.6993,0.2094,0.3348,0.3996,0.2111,0.4324,0.5972,0.27,0.27,0.1164,0.3284,0.2958,0.3416,0.2914,1.607,0.4158,0.2956,0.757,0.096
0.4889,0.6924,0.6924,0.1667,2.00E-04,0.1523,0.0996,0.1091,0.2056,0.4719,0.0036,0.0036,0.018,0.0254,0.0125,0.0486,0.3373,0.9906,0.1014,0.0966,0.6019,0.0384
0.3183,0.5004,0.5004,0,0,0.0168,0,0.0101,0.0152,0.3078,0,0,0,0,0,0,0.2638,0.2371,0,0,0.3828,0.0036
0.1344,0.252,0.252,0,0,0,0,0,1.00E-04,0.1233,0,0,0,0,0,0,0.0131,0.0087,0,0,0.1299,0
0,0.0084,0.0084,0,0,0,0,0,0,0.0048,0,0,0,0,0,0,0,0,0,0,2.00E-04,0
0,0,0,0,0,0,0,0,0,0,0,0,0,0,0,0,0,0,0,0,0,0
0,0,0,0,0,0,0,0,0,0,0,0,0,0,0,0,0,0,0,0,0,0
0,0,0,0,0,0,0,0,0,0,0,0,0,0,0,0,0,0,0,0,0,0
0,0,0,0,0,0,0,0,0,0,0,0,0,0,0,0,0,0,0,0,0,0
0,0,0,0,0,0,0,0,0,0,0,0,0,0,0,0,0,0,0,0,0,0
0,0,0,0,0,0,0,0,0,0,0,0,0,0,0,0,0,0,0,0,0,0
0,0,0,0,0,0,0,0,0,0,0,0,0,0,0,0,0,0,0,0,0,0
0,0,0,0,0,0,0,0,0,0,0,0,0,0,0,0,0,0,0,0,0,0
0,0,0,0,0,0,0,0,0,0,0,0,0,0,0,0,0,0,0,0,0,0
0,0,0,0,0.033,0,0,0,0,0,0.0036,0.0036,0,0.0011,0.0025,9.00E-04,0,0,0,0,0,0
0,0,0,0.0787,0.2725,0.0132,0.0084,0.0135,0.0018,0,0.1692,0.1692,0.0084,0.0668,0.177,0.1227,0,0.0018,0.0313,0.0416,0,0
0,0,0,0.3074,0.5684,0.1282,0.1716,0.2129,0.0597,0,0.498,0.498,0.1212,0.168,0.4742,0.3721,0.018,0.1465,0.1115,0.2869,0.0038,0.1284
0.0921,0.0408,0.0408,0.6791,0.7692,0.3161,0.468,0.4751,0.1854,0.0099,0.6588,0.6588,0.3672,0.3131,0.6462,0.5934,0.2963,0.5763,0.265,0.5194,0.1351,0.4164
0.3987,0.2928,0.2928,0.9542,0.8659,0.4804,0.7332,0.6822,0.2698,0.0713,0.8208,0.8208,0.4716,0.4238,0.7795,0.7309,0.6034,1.0989,0.4293,0.5821,0.417,0.6456
0.6575,0.5496,0.5496,1.1088,0.8657,0.3858,0.8592,0.8052,0.2627,0.191,0.8268,0.8268,0.2976,0.417,0.8325,0.7947,0.8239,1.3774,0.5399,0.6131,0.6428,0.7884
0.8355,0.7296,0.7296,0.9939,0.843,0.254,0.8868,0.8634,0.3396,0.3941,0.7464,0.7464,0.2064,0.4551,0.8117,0.7982,0.9617,1.6307,0.5892,0.5295,0.7944,0.864
0.9359,0.84,0.84,0.7044,0.6971,0.2238,0.8508,0.8798,0.1939,0.6271,0.5604,0.5604,0.2352,0.5803,0.696,0.75,0.9999,1.9015,0.6017,0.5278,0.8713,0.8808
0.9671,0.888,0.888,0.4346,0.5139,0.3198,0.7464,0.833,0.1896,0.8219,0.3528,0.3528,0.2976,0.396,0.5319,0.6402,0.9999,2.1699,0.6222,0.545,0.8921,0.84
0.9431,0.8784,0.8784,0.2702,0.2897,0.3405,0.5364,0.6952,0.212,0.7278,0.1836,0.1836,0.18,0.2063,0.3162,0.4116,0.9466,2.1673,0.5182,0.436,0.8553,0.7416
0.8505,0.8148,0.8148,0.1279,0.0964,0.2639,0.258,0.4463,0.1271,0.6586,0.066,0.066,0.0516,0.1067,0.122,0.1608,0.8122,1.706,0.3213,0.3354,0.7767,0.5796
0.692,0.6876,0.6876,0.0217,0,0.1415,0.0348,0.2312,0.0583,0.5507,0,0,0.006,0.0123,0.0044,0.0147,0.6081,0.9374,0.0711,0.1626,0.6185,0.3528
0.466,0.4944,0.4944,0.0003,0,0.0167,0,0.0291,0.0059,0.3411,0,0,0,0,0,0,0.3344,0.2236,0,4.00E-04,0.3945,0.0852
0.1836,0.2424,0.2424,0,0,0,0,0,1.00E-04,0.1481,0,0,0,0,0,0,0.0131,0.0089,0,0,0.1308,0
0,0.0072,0.0072,0,0,0,0,0,0,0.0036,0,0,0,0,0,0,0,0,0,0,2.00E-04,0
0,0,0,0,0,0,0,0,0,0,0,0,0,0,0,0,0,0,0,0,0,0
0,0,0,0,0,0,0,0,0,0,0,0,0,0,0,0,0,0,0,0,0,0
0,0,0,0,0,0,0,0,0,0,0,0,0,0,0,0,0,0,0,0,0,0
0,0,0,0,0,0,0,0,0,0,0,0,0,0,0,0,0,0,0,0,0,0
0,0,0,0,0,0,0,0,0,0,0,0,0,0,0,0,0,0,0,0,0,0
0,0,0,0,0,0,0,0,0,0,0,0,0,0,0,0,0,0,0,0,0,0
0,0,0,0,0,0,0,0,0,0,0,0,0,0,0,0,0,0,0,0,0,0
0,0,0,0,0,0,0,0,0,0,0,0,0,0,0,0,0,0,0,0,0,0
0,0,0,0,0,0,0,0,0,0,0,0,0,0,0,0,0,0,0,0,0,0
0,0,0,0,0.0208,0,0,0,0,0,0.0084,0.0084,0,0.0046,0.0045,0.0014,0,0,0,1.00E-04,0,0
0,0,0,0.2805,0.2344,0.0122,0.0036,0.0097,0.0021,0,0.2364,0.2364,0.0132,0.208,0.2097,0.1262,0,0.0017,0.1117,0.0556,0,0
0,0,0,0.7328,0.5265,0.1806,0.0252,0.2023,0.0716,0,0.5268,0.5268,0.2268,0.4851,0.5016,0.3421,0.0156,0.2724,0.4016,0.3367,0.0043,0.1584
0.0922,0.018,0.018,1.0574,0.7353,0.3728,0.1044,0.4496,0.1659,0.0091,0.7308,0.7308,0.3456,0.6919,0.7039,0.5878,0.2976,0.8642,0.6303,0.6031,0.1268,0.4416
0.3996,0.1704,0.1704,1.1522,0.8668,0.5796,0.39,0.6467,0.2326,0.0807,0.8652,0.8652,0.3804,0.8262,0.7778,0.7133,0.5977,1.4944,0.77,0.7719,0.4013,0.6648
0.6554,0.3948,0.3948,1.2405,0.9182,0.6921,0.7368,0.8311,0.3159,0.2248,0.9216,0.9216,0.4308,0.8932,0.7994,0.7504,0.8078,1.8509,0.8535,0.8755,0.6238,0.8112
0.8289,0.5952,0.5952,1.2892,0.9009,0.7592,0.9132,0.9079,0.2794,0.3291,0.9132,0.9132,0.5076,0.8877,0.7577,0.7156,0.9362,2.0107,0.7767,0.9137,0.7777,0.8892
0.9248,0.7488,0.7488,1.1159,0.8195,0.6862,0.8808,0.9195,0.2866,0.4749,0.8304,0.8304,0.438,0.8304,0.6624,0.6329,0.9935,1.9593,0.7076,0.898,0.862,0.9048
0.9549,0.828,0.828,0.9033,0.6688,0.4998,0.7356,0.8653,0.266,0.6301,0.5316,0.5316,0.2232,0.6992,0.4744,0.5616,0.9852,1.7507,0.6677,0.8318,0.8852,0.864
0.9219,0.8316,0.8316,0.6988,0.4277,0.3871,0.564,0.7461,0.2494,0.5769,0.2628,0.2628,0.1296,0.4408,0.2641,0.374,0.917,1.5243,0.4976,0.6777,0.8478,0.7644
0.8266,0.7776,0.7776,0.4523,0.1637,0.225,0.3576,0.5588,0.148,0.5281,0.108,0.108,0.0588,0.1189,0.0973,0.1779,0.7837,1.15,0.2627,0.4609,0.7579,0.5904
0.6661,0.654,0.654,0.1119,0,0.0667,0.0816,0.316,0.0535,0.4033,0,0,0.0108,0.0065,0.0016,0.0331,0.582,0.6726,0.0446,0.1927,0.598,0.3612
0.443,0.4752,0.4752,0.0005,0,0.0027,0,0.0382,0.0023,0.2402,0,0,0,0,0,0,0.3167,0.1772,0,8.00E-04,0.3739,0.0864
0.1665,0.2328,0.2328,0,0,0,0,0,1.00E-04,0.0634,0,0,0,0,0,0,0.0095,0.0071,0,0,0.1193,0
0,0.0036,0.0036,0,0,0,0,0,0,1.00E-04,0,0,0,0,0,0,0,0,0,0,1.00E-04,0
0,0,0,0,0,0,0,0,0,0,0,0,0,0,0,0,0,0,0,0,0,0
0,0,0,0,0,0,0,0,0,0,0,0,0,0,0,0,0,0,0,0,0,0
0,0,0,0,0,0,0,0,0,0,0,0,0,0,0,0,0,0,0,0,0,0
0,0,0,0,0,0,0,0,0,0,0,0,0,0,0,0,0,0,0,0,0,0
0,0,0,0,0,0,0,0,0,0,0,0,0,0,0,0,0,0,0,0,0,0
0,0,0,0,0,0,0,0,0,0,0,0,0,0,0,0,0,0,0,0,0,0
0,0,0,0,0,0,0,0,0,0,0,0,0,0,0,0,0,0,0,0,0,0
0,0,0,0,0,0,0,0,0,0,0,0,0,0,0,0,0,0,0,0,0,0
0,0,0,0,0,0,0,0,0,0,0,0,0,0,0,0,0,0,0,0,0,0
0,0,0,0,0.0012,0,0,0,0,0,0,0,0,0.0023,0,1.00E-04,0,0,0,0,0,0
0,0,0,0.252,0.0494,0.0026,0.006,0.0169,1.00E-04,0,0.03,0.03,0.0012,0.1491,0.0526,0.0586,0,0.0024,0.143,0.0422,0,0
0,0,0,0.7356,0.1324,0.0626,0.042,0.2673,0.0378,0,0.1164,0.1164,0.0756,0.3528,0.1755,0.2013,0.0108,0.2387,0.4485,0.2713,0.0053,0.204
0.077,0.03,0.03,1.1099,0.2077,0.1661,0.0888,0.5567,0.1568,0.003,0.198,0.198,0.1728,0.4864,0.2876,0.3561,0.2694,0.7657,0.6826,0.5314,0.1468,0.504
0.3486,0.27,0.27,1.3019,0.2604,0.2652,0.168,0.7633,0.2862,0.0385,0.2532,0.2532,0.2628,0.5738,0.3966,0.4876,0.5492,1.2457,0.8385,0.6861,0.4389,0.7224
0.5538,0.5328,0.5328,1.3902,0.2842,0.2844,0.3708,0.8933,0.3568,0.1129,0.2772,0.2772,0.3204,0.5838,0.4789,0.5577,0.7127,1.5862,0.9226,0.7234,0.6662,0.8592
0.7041,0.7236,0.7236,1.4105,0.2305,0.2871,0.4956,0.9601,0.4771,0.1621,0.324,0.324,0.3168,0.57,0.5284,0.5811,0.7352,1.7914,0.9442,0.6413,0.8125,0.936
0.7698,0.8496,0.8496,1.3061,0.168,0.2854,0.492,0.9664,0.5596,0.2184,0.336,0.336,0.2868,0.5464,0.5079,0.5325,0.704,1.8836,0.9064,0.5505,0.8899,0.9528
0.8582,0.8976,0.8976,0.9868,0.1129,0.2655,0.4176,0.9122,0.4927,0.2662,0.2208,0.2208,0.222,0.4866,0.4051,0.4467,0.912,1.8585,0.8067,0.483,0.9119,0.912
0.8462,0.888,0.888,0.73,0.0517,0.1897,0.1548,0.7948,0.3512,0.278,0.138,0.138,0.1356,0.37,0.2496,0.2718,0.8798,1.6446,0.6411,0.3653,0.8752,0.8124
0.6392,0.8184,0.8184,0.4574,0.0138,0.1327,0.0504,0.6118,0.2233,0.2661,0.0612,0.0612,0.0708,0.1974,0.1232,0.1316,0.6623,1.3481,0.407,0.2131,0.7774,0.6492
0.4868,0.69,0.69,0.1215,0,0.0671,0.0024,0.362,0.0867,0.2254,0,0,0.03,0.0127,0.0038,0.0072,0.3747,0.8354,0.0913,0.0701,0.6196,0.4176
0.3628,0.4932,0.4932,0.0004,0,0.0063,0,0.0477,0.0027,0.1212,0,0,0,0,0,0,0.1213,0.2134,0,7.00E-04,0.3937,0.1128
0.1733,0.2316,0.2316,0,0,0,0,0,0,0.0392,0,0,0,0,0,0,0.0024,0.0074,0,0,0.1216,0
0,0.0048,0.0048,0,0,0,0,0,0,2.00E-04,0,0,0,0,0,0,0,0,0,0,1.00E-04,0
0,0,0,0,0,0,0,0,0,0,0,0,0,0,0,0,0,0,0,0,0,0
0,0,0,0,0,0,0,0,0,0,0,0,0,0,0,0,0,0,0,0,0,0
0,0,0,0,0,0,0,0,0,0,0,0,0,0,0,0,0,0,0,0,0,0
0,0,0,0,0,0,0,0,0,0,0,0,0,0,0,0,0,0,0,0,0,0
0,0,0,0,0,0,0,0,0,0,0,0,0,0,0,0,0,0,0,0,0,0
0,0,0,0,0,0,0,0,0,0,0,0,0,0,0,0,0,0,0,0,0,0
0,0,0,0,0,0,0,0,0,0,0,0,0,0,0,0,0,0,0,0,0,0
0,0,0,0,0,0,0,0,0,0,0,0,0,0,0,0,0,0,0,0,0,0
0,0,0,0,0,0,0,0,0,0,0,0,0,0,0,0,0,0,0,0,0,0
0,0,0,0,0.0048,0,0,0,0,0,0.0072,0.0072,0,0.0046,0.0033,7.00E-04,0,0,0,1.00E-04,0,0
0,0,0,0.3444,0.1127,0.0017,0.006,0.015,4.00E-04,0,0.2184,0.2184,0.0024,0.2249,0.171,0.0942,0,0.0017,0.1635,0.0388,0,0
0,0,0,0.8822,0.2847,0.1051,0.042,0.245,0.0518,0,0.4992,0.4992,0.0984,0.5139,0.4162,0.2683,0.0012,0.3606,0.4707,0.2742,0.0045,0.1704
0.0526,0.0156,0.0156,1.3016,0.4411,0.3475,0.09,0.5325,0.2072,0.0025,0.7032,0.7032,0.3228,0.7261,0.6202,0.4433,0.091,1.2507,0.6988,0.5692,0.1208,0.4548
0.3312,0.1908,0.1908,1.5908,0.5773,0.6096,0.1896,0.7382,0.4534,0.0384,0.834,0.834,0.6624,0.8604,0.8069,0.6333,0.2718,1.9722,0.8471,0.7064,0.3966,0.6648
0.5853,0.4548,0.4548,1.7525,0.688,0.7908,0.3756,0.8625,0.7237,0.1224,0.8868,0.8868,0.8208,0.9274,0.8931,0.7538,0.411,2.431,0.9299,0.7582,0.6278,0.7968
0.7822,0.6804,0.6804,1.8012,0.5952,0.8683,0.4452,0.9215,0.839,0.2346,0.8628,0.8628,0.8664,0.9307,0.8806,0.842,0.4744,2.6632,0.9485,0.7909,0.7806,0.8628
0.8751,0.8268,0.8268,1.7157,0.5477,0.8519,0.594,0.9315,0.8549,0.34,0.7896,0.7896,0.8424,0.8705,0.8193,0.8113,0.5321,2.7239,0.9066,0.7453,0.8654,0.8676
0.8812,0.8712,0.8712,1.5174,0.4818,0.753,0.4224,0.861,0.81,0.3794,0.672,0.672,0.6816,0.7457,0.7036,0.6928,0.5878,2.5818,0.8022,0.6312,0.8851,0.7956
0.849,0.8628,0.8628,1.1895,0.3076,0.627,0.2412,0.7243,0.6915,0.3383,0.4812,0.4812,0.5568,0.5522,0.5055,0.5195,0.5774,2.2465,0.6288,0.4698,0.8442,0.648
0.7783,0.7932,0.7932,0.7248,0.1013,0.3995,0.108,0.5429,0.4758,0.3251,0.2172,0.2172,0.2772,0.2868,0.2366,0.2563,0.5135,1.7511,0.3504,0.2755,0.7446,0.4668
0.6366,0.6564,0.6564,0.1829,2.00E-04,0.1711,0.0144,0.2966,0.2315,0.2516,0,0,0.1008,0.012,0.005,0.0214,0.3939,1.0409,0.0573,0.1083,0.5872,0.2676
0.4059,0.4668,0.4668,0.0004,0,0.0087,0,0.0284,0.0108,0.1533,0,0,0,0,0,0,0.1669,0.1979,0,6.00E-04,0.3574,0.0552
0.1507,0.2028,0.2028,0,0,0,0,0,0,0.0496,0,0,0,0,0,0,0.0024,0.0037,0,0,0.0942,0
0,0.0012,0.0012,0,0,0,0,0,0,0,0,0,0,0,0,0,0,0,0,0,0,0
0,0,0,0,0,0,0,0,0,0,0,0,0,0,0,0,0,0,0,0,0,0
0,0,0,0,0,0,0,0,0,0,0,0,0,0,0,0,0,0,0,0,0,0
0,0,0,0,0,0,0,0,0,0,0,0,0,0,0,0,0,0,0,0,0,0
0,0,0,0,0,0,0,0,0,0,0,0,0,0,0,0,0,0,0,0,0,0
0,0,0,0,0,0,0,0,0,0,0,0,0,0,0,0,0,0,0,0,0,0
0,0,0,0,0,0,0,0,0,0,0,0,0,0,0,0,0,0,0,0,0,0
0,0,0,0,0,0,0,0,0,0,0,0,0,0,0,0,0,0,0,0,0,0
0,0,0,0,0,0,0,0,0,0,0,0,0,0,0,0,0,0,0,0,0,0
0,0,0,0,0,0,0,0,0,0,0,0,0,0,0,0,0,0,0,0,0,0
0,0,0,0,0.0169,0,0,0,0,0,0.0048,0.0048,0,0.0034,0.002,5.00E-04,0,0,0,1.00E-04,0,0
0,0,0,0.2423,0.2465,0.0123,0.0144,0.0122,0.0023,0,0.1968,0.1968,0.0108,0.2239,0.1842,0.1411,0,0.0011,0.1541,0.0494,0,0
0,0,0,0.72,0.5206,0.182,0.114,0.1709,0.0948,0,0.5076,0.5076,0.2088,0.5166,0.4943,0.4137,0.0072,0.1616,0.4614,0.3198,0.0012,0.0324
0.0566,0.0072,0.0072,1.1759,0.7204,0.4626,0.3864,0.3665,0.3271,0.0028,0.726,0.726,0.528,0.7337,0.7139,0.6745,0.2552,0.7605,0.6954,0.5846,0.1119,0.1308
0.3098,0.1344,0.1344,1.4973,0.8387,0.6392,0.7608,0.553,0.5911,0.0289,0.8616,0.8616,0.732,0.8762,0.8556,0.8371,0.5443,1.4913,0.8527,0.7657,0.3844,0.3072
0.5338,0.3324,0.3324,1.692,0.8923,0.7386,0.8832,0.7195,0.7269,0.1046,0.924,0.924,0.8544,0.9467,0.9238,0.9205,0.7473,1.9427,0.9367,0.8707,0.6142,0.6276
0.6942,0.624,0.624,1.758,0.8814,0.7995,0.9204,0.8242,0.7969,0.2051,0.918,0.918,0.906,0.9534,0.925,0.9357,0.8747,2.2258,0.9559,0.9088,0.7744,0.8436
0.8042,0.7704,0.7704,1.6788,0.7866,0.8272,0.8928,0.8441,0.7706,0.3416,0.8472,0.8472,0.894,0.8954,0.8613,0.8873,0.9358,2.3754,0.9151,0.8852,0.8626,0.8688
0.8434,0.8556,0.8556,1.4981,0.6274,0.7822,0.7956,0.7941,0.6725,0.3911,0.7032,0.7032,0.8136,0.7705,0.7267,0.7725,0.9322,2.3373,0.8119,0.8013,0.8858,0.8268
0.8052,0.8712,0.8712,1.2281,0.3918,0.6497,0.6276,0.6604,0.5484,0.3925,0.4872,0.4872,0.6648,0.575,0.5209,0.5882,0.8661,2.0553,0.6415,0.6612,0.8497,0.7236
0.6988,0.8172,0.8172,0.7581,0.1302,0.416,0.3888,0.4452,0.3744,0.3446,0.2136,0.2136,0.4452,0.3146,0.2523,0.3374,0.7293,1.4802,0.4057,0.4546,0.7493,0.564
0.5251,0.6888,0.6888,0.217,0,0.1609,0.0768,0.2485,0.1864,0.2537,0,0,0.186,0.0156,0.0049,0.0454,0.5229,0.7708,0.0829,0.1874,0.5842,0.3312
0.3227,0.4824,0.4824,0.0003,0,0.0032,0,0.0275,0.0058,0.1547,0,0,0,0,0,0,0.2634,0.1467,0,4.00E-04,0.3537,0.0708
0.1294,0.2208,0.2208,0,0,0,0,0,0,0.0572,0,0,0,0,0,0,0.0047,0.0053,0,0,0.0905,0
0,0.0024,0.0024,0,0,0,0,0,0,1.00E-04,0,0,0,0,0,0,0,0,0,0,1.00E-04,0
0,0,0,0,0,0,0,0,0,0,0,0,0,0,0,0,0,0,0,0,0,0
0,0,0,0,0,0,0,0,0,0,0,0,0,0,0,0,0,0,0,0,0,0
0,0,0,0,0,0,0,0,0,0,0,0,0,0,0,0,0,0,0,0,0,0
0,0,0,0,0,0,0,0,0,0,0,0,0,0,0,0,0,0,0,0,0,0
0,0,0,0,0,0,0,0,0,0,0,0,0,0,0,0,0,0,0,0,0,0
0,0,0,0,0,0,0,0,0,0,0,0,0,0,0,0,0,0,0,0,0,0
0,0,0,0,0,0,0,0,0,0,0,0,0,0,0,0,0,0,0,0,0,0
0,0,0,0,0,0,0,0,0,0,0,0,0,0,0,0,0,0,0,0,0,0
0,0,0,0,0,0,0,0,0,0,0,0,0,0,0,0,0,0,0,0,0,0
0,0,0,0,0.0172,0,0,0,0,0,0.0048,0.0048,0,0.0023,0.0026,4.00E-04,0,0,0,0,0,0
0,0,0,0.3585,0.2545,0.0011,0.0348,0.011,7.00E-04,0,0.2232,0.2232,0.0012,0.2171,0.2076,0.1455,0,0.001,0.118,0.0163,0,0
0,0,0,0.9148,0.5477,0.0489,0.2676,0.2094,0.033,0,0.5304,0.5304,0.0336,0.5084,0.5123,0.4211,0.0047,0.1861,0.3743,0.1049,0.0027,0.1092
0.0331,0.0144,0.0144,1.3484,0.7459,0.1553,0.5352,0.4713,0.1271,0.0014,0.7368,0.7368,0.0588,0.724,0.7241,0.6363,0.2265,0.7225,0.5929,0.2551,0.115,0.354
0.2722,0.2052,0.2052,1.64,0.8668,0.2269,0.708,0.6688,0.212,0.0392,0.864,0.864,0.0876,0.8637,0.8546,0.7751,0.5152,1.1772,0.7139,0.4217,0.3926,0.5904
0.5134,0.5064,0.5064,1.7993,0.9154,0.3072,0.7692,0.8071,0.2372,0.1074,0.9192,0.9192,0.108,0.9339,0.9147,0.8417,0.7232,1.5914,0.7499,0.6133,0.5988,0.7752
0.696,0.7284,0.7284,1.8362,0.8979,0.4242,0.7392,0.894,0.2876,0.1391,0.9084,0.9084,0.1092,0.9382,0.9106,0.8124,0.8555,1.9707,0.7359,0.7421,0.7555,0.8604
0.8088,0.8652,0.8652,1.7673,0.8156,0.4567,0.6564,0.9061,0.3605,0.1763,0.8352,0.8352,0.1224,0.8803,0.8435,0.7355,0.9188,1.936,0.6898,0.8009,0.8473,0.8856
0.8341,0.9228,0.9228,1.5804,0.6629,0.3306,0.402,0.853,0.3315,0.2025,0.6948,0.6948,0.1512,0.7555,0.7104,0.6393,0.914,1.6393,0.6103,0.7589,0.88,0.8508
0.7666,0.9168,0.9168,1.2565,0.4384,0.2383,0.2112,0.7349,0.237,0.2147,0.4872,0.4872,0.1212,0.56,0.5085,0.4663,0.8499,1.3536,0.4979,0.6148,0.8394,0.7584
0.7034,0.8448,0.8448,0.7964,0.1546,0.1438,0.0888,0.5476,0.142,0.226,0.2232,0.2232,0.036,0.2989,0.2513,0.2383,0.7258,0.9706,0.3072,0.4054,0.7472,0.5928
0.5586,0.6996,0.6996,0.193,0,0.0436,0.0036,0.3037,0.051,0.2073,0,0,0.0072,0.0116,0.0038,0.0179,0.534,0.559,0.0545,0.1478,0.5929,0.3756
0.3159,0.4824,0.4824,0.0003,0,5.00E-04,0,0.0317,0.0012,0.1002,0,0,0,0,0,0,0.2831,0.1257,0,4.00E-04,0.3654,0.0864
0.1191,0.2208,0.2208,0,0,0,0,0,0,0.0348,0,0,0,0,0,0,0.0047,0.0048,0,0,0.0852,0
0,0.0024,0.0024,0,0,0,0,0,0,1.00E-04,0,0,0,0,0,0,0,0,0,0,1.00E-04,0
0,0,0,0,0,0,0,0,0,0,0,0,0,0,0,0,0,0,0,0,0,0
0,0,0,0,0,0,0,0,0,0,0,0,0,0,0,0,0,0,0,0,0,0
0,0,0,0,0,0,0,0,0,0,0,0,0,0,0,0,0,0,0,0,0,0
0,0,0,0,0,0,0,0,0,0,0,0,0,0,0,0,0,0,0,0,0,0
0,0,0,0,0,0,0,0,0,0,0,0,0,0,0,0,0,0,0,0,0,0
0,0,0,0,0,0,0,0,0,0,0,0,0,0,0,0,0,0,0,0,0,0
0,0,0,0,0,0,0,0,0,0,0,0,0,0,0,0,0,0,0,0,0,0
0,0,0,0,0,0,0,0,0,0,0,0,0,0,0,0,0,0,0,0,0,0
0,0,0,0,0,0,0,0,0,0,0,0,0,0,0,0,0,0,0,0,0,0
0,0,0,0,0.0084,0,0,0,0,0,0.0012,0.0012,0,0.0023,0,1.00E-04,0,0,0,0,0,0
0,0,0,0.2825,0.129,1.00E-04,0.012,0.0044,1.00E-04,0,0.0924,0.0924,0,0.2088,0.0899,0.076,0,0.0004,0.151,0.021,0,0
0,0,0,0.7958,0.3523,0.0505,0.0864,0.1666,0.033,0,0.2328,0.2328,0.0096,0.4999,0.2509,0.2415,0.0024,0.2094,0.4523,0.1534,0.0035,0.1512
0.0173,0.0192,0.0192,1.2199,0.5118,0.183,0.2664,0.4279,0.1545,0.0023,0.3216,0.3216,0.0396,0.7133,0.386,0.3854,0.1788,0.8584,0.6803,0.3979,0.0784,0.4284
0.1471,0.2508,0.2508,1.4759,0.5965,0.3104,0.4188,0.6699,0.2982,0.0411,0.3612,0.3612,0.0972,0.8448,0.4523,0.4823,0.4991,1.52,0.8285,0.6354,0.2633,0.6432
0.2857,0.5364,0.5364,1.7111,0.6525,0.4039,0.4464,0.8104,0.3995,0.1448,0.3648,0.3648,0.1512,0.9103,0.4906,0.5522,0.742,2.0111,0.9065,0.7721,0.4623,0.7884
0.5761,0.7584,0.7584,1.7503,0.6137,0.4549,0.27,0.88,0.4754,0.2658,0.3852,0.3852,0.168,0.9168,0.5302,0.5592,0.8715,2.3692,0.9227,0.8414,0.6184,0.8676
0.6679,0.8844,0.8844,1.6458,0.5518,0.4704,0.186,0.88,0.5022,0.3955,0.4032,0.4032,0.1368,0.8564,0.5238,0.5785,0.9326,2.5409,0.8795,0.832,0.7254,0.888
0.7073,0.9372,0.9372,1.445,0.361,0.4773,0.1356,0.8243,0.534,0.4445,0.2568,0.2568,0.1896,0.7315,0.3649,0.4974,0.929,2.4412,0.7751,0.7258,0.773,0.8496
0.6773,0.9324,0.9324,1.1006,0.0955,0.4856,0.0708,0.6477,0.4763,0.4099,0.0972,0.0972,0.3672,0.5316,0.1843,0.2937,0.8628,2.1296,0.6077,0.5272,0.7208,0.7512
0.5802,0.864,0.864,0.6549,0.011,0.3292,0.018,0.463,0.3401,0.3708,0.0384,0.0384,0.2952,0.2362,0.0605,0.0939,0.7107,1.6254,0.3756,0.2893,0.5837,0.5904
0.4498,0.7272,0.7272,0.1579,0,0.1157,0,0.257,0.1176,0.2782,0,0,0.0948,0.0079,1.00E-04,0.0057,0.4921,0.8888,0.0666,0.0724,0.3704,0.366
0.2783,0.504,0.504,0.0002,0,0.005,0,0.027,0.0025,0.17,0,0,0,0,0,0,0.2479,0.1597,0,3.00E-04,0.1667,0.0804
0.0681,0.2256,0.2256,0,0,0,0,0,0,0.0543,0,0,0,0,0,0,0.0024,0.0028,0,0,0.0302,0
0,0.0036,0.0036,0,0,0,0,0,0,1.00E-04,0,0,0,0,0,0,0,0,0,0,1.00E-04,0
0,0,0,0,0,0,0,0,0,0,0,0,0,0,0,0,0,0,0,0,0,0
0,0,0,0,0,0,0,0,0,0,0,0,0,0,0,0,0,0,0,0,0,0
0,0,0,0,0,0,0,0,0,0,0,0,0,0,0,0,0,0,0,0,0,0
0,0,0,0,0,0,0,0,0,0,0,0,0,0,0,0,0,0,0,0,0,0
0,0,0,0,0,0,0,0,0,0,0,0,0,0,0,0,0,0,0,0,0,0
0,0,0,0,0,0,0,0,0,0,0,0,0,0,0,0,0,0,0,0,0,0
0,0,0,0,0,0,0,0,0,0,0,0,0,0,0,0,0,0,0,0,0,0
0,0,0,0,0,0,0,0,0,0,0,0,0,0,0,0,0,0,0,0,0,0
0,0,0,0,0,0,0,0,0,0,0,0,0,0,0,0,0,0,0,0,0,0
0,0,0,0,0.0073,0,0,0,0,0,0,0,0,0,0,0,0,0,0,0,0,0
0,0,0,0.1852,0.1601,0.0052,0.0168,0.0085,2.00E-04,0,0.0612,0.0612,0.0024,0.1185,0.0794,0.0704,0,0.0008,0.0749,0.0257,0,0
0,0,0,0.508,0.3702,0.1429,0.1476,0.2029,0.0526,0,0.2328,0.2328,0.1392,0.3396,0.2956,0.3132,0,0.182,0.3405,0.2478,0.0029,0.1368
0.0367,0.0276,0.0276,0.8846,0.5223,0.4081,0.3516,0.4802,0.1975,0.0036,0.4356,0.4356,0.4068,0.6078,0.5014,0.5447,0.0785,0.7187,0.5858,0.5244,0.101,0.4212
0.23,0.3,0.3,1.1222,0.6234,0.6237,0.5832,0.6925,0.3237,0.036,0.606,0.606,0.6084,0.8009,0.6508,0.7136,0.2694,1.243,0.7715,0.7382,0.3752,0.6264
0.436,0.582,0.582,1.2722,0.6587,0.7425,0.75,0.8258,0.4095,0.1156,0.5964,0.5964,0.7248,0.8858,0.6751,0.7933,0.5358,1.6742,0.8596,0.8498,0.6229,0.7812
0.5794,0.78,0.78,1.1098,0.6333,0.7841,0.786,0.8937,0.494,0.2085,0.5916,0.5916,0.7728,0.8913,0.6954,0.8207,0.7694,1.9733,0.8895,0.8912,0.8026,0.8712
0.677,0.9012,0.9012,0.8845,0.5577,0.7381,0.7464,0.8952,0.5169,0.2892,0.4596,0.4596,0.7452,0.83,0.6212,0.7861,0.8905,2.0537,0.8475,0.8734,0.8826,0.8916
0.7251,0.954,0.954,0.7052,0.4297,0.6026,0.6552,0.8262,0.4828,0.3663,0.336,0.336,0.6384,0.6802,0.5024,0.6809,0.9036,1.7554,0.7526,0.794,0.9043,0.8544
0.8206,0.9444,0.9444,0.4699,0.2548,0.4204,0.468,0.6979,0.3498,0.3725,0.1848,0.1848,0.4272,0.4507,0.3256,0.5009,0.7813,1.2763,0.5687,0.6508,0.872,0.7584
0.7494,0.8736,0.8736,0.2451,0.0692,0.2514,0.2376,0.4921,0.1531,0.3464,0.0588,0.0588,0.2544,0.2135,0.136,0.2628,0.4383,0.7865,0.3549,0.4422,0.7838,0.5844
0.5873,0.7392,0.7392,0.0424,0,0.0892,0.0324,0.2553,0.0363,0.2669,0,0,0.0912,0.0078,0.0016,0.0293,0.1535,0.4107,0.0571,0.1826,0.6223,0.3612
0.3783,0.5364,0.5364,0.0003,0,0.0014,0,0.0233,8.00E-04,0.1522,0,0,0,0,0,0,0.077,0.1034,0,4.00E-04,0.3927,0.0696
0.1428,0.27,0.27,0,0,0,0,0,0,0.0532,0,0,0,0,0,0,0,0.0042,0,0,0.1126,0
0,0.0036,0.0036,0,0,0,0,0,0,7.00E-04,0,0,0,0,0,0,0,0,0,0,1.00E-04,0
0,0,0,0,0,0,0,0,0,0,0,0,0,0,0,0,0,0,0,0,0,0
0,0,0,0,0,0,0,0,0,0,0,0,0,0,0,0,0,0,0,0,0,0
0,0,0,0,0,0,0,0,0,0,0,0,0,0,0,0,0,0,0,0,0,0
0,0,0,0,0,0,0,0,0,0,0,0,0,0,0,0,0,0,0,0,0,0
0,0,0,0,0,0,0,0,0,0,0,0,0,0,0,0,0,0,0,0,0,0
0,0,0,0,0,0,0,0,0,0,0,0,0,0,0,0,0,0,0,0,0,0
0,0,0,0,0,0,0,0,0,0,0,0,0,0,0,0,0,0,0,0,0,0
0,0,0,0,0,0,0,0,0,0,0,0,0,0,0,0,0,0,0,0,0,0
0,0,0,0,0,0,0,0,0,0,0,0,0,0,0,0,0,0,0,0,0,0
0,0,0,0,0.0075,0,0,0,0,0,0,0,0,0,0,0,0,0,0,0,0,0
0,0,0,0.0498,0.1997,0.0067,0.0288,0.0036,3.00E-04,0,0.0864,0.0864,0.0024,0.1745,0.0999,0.0979,0,0.0003,0.1104,0.0314,0,0
0,0,0,0.2101,0.4764,0.137,0.2316,0.124,0.0419,0,0.2496,0.2496,0.1572,0.4575,0.3102,0.3614,0,0.1021,0.3921,0.2697,0.0024,0.102
0.0418,0.0204,0.0204,0.3895,0.6705,0.3354,0.4656,0.3939,0.172,0.0021,0.4056,0.4056,0.4152,0.6708,0.4947,0.5971,0.138,0.5402,0.616,0.5325,0.1319,0.3708
0.2758,0.2484,0.2484,0.5409,0.786,0.5083,0.6252,0.6258,0.2926,0.0379,0.5484,0.5484,0.6156,0.8071,0.6457,0.7567,0.4387,1.0983,0.7299,0.7227,0.4405,0.6204
0.4779,0.5436,0.5436,0.6797,0.8352,0.6029,0.7548,0.7369,0.3823,0.1598,0.5844,0.5844,0.7476,0.875,0.7011,0.8391,0.5573,1.7207,0.7932,0.8305,0.6767,0.7632
0.6354,0.738,0.738,0.699,0.8195,0.6523,0.8136,0.8016,0.369,0.3066,0.6828,0.6828,0.8052,0.8805,0.7586,0.8542,0.6442,2.1036,0.813,0.8445,0.8289,0.8424
0.7643,0.858,0.858,0.6518,0.7404,0.6728,0.8028,0.8189,0.5022,0.4683,0.5628,0.5628,0.78,0.8214,0.657,0.7822,0.5981,2.3471,0.7562,0.7696,0.9119,0.8532
0.8356,0.9108,0.9108,0.5531,0.5921,0.6607,0.7128,0.8016,0.4599,0.6196,0.4824,0.4824,0.6132,0.6964,0.557,0.6651,0.4529,2.4364,0.653,0.6101,0.9329,0.8148
0.7906,0.9036,0.9036,0.3483,0.3771,0.5454,0.5352,0.6812,0.3687,0.6764,0.2472,0.2472,0.3852,0.5018,0.3296,0.4794,0.322,2.2237,0.473,0.43,0.8935,0.7044
0.6914,0.834,0.834,0.1389,0.1062,0.3794,0.2388,0.4841,0.2644,0.4638,0.0744,0.0744,0.1764,0.2371,0.1194,0.2429,0.2131,1.7618,0.2257,0.2504,0.792,0.5076
0.5529,0.702,0.702,0.0231,0,0.1673,0.0216,0.234,0.1458,0.3802,0,0,0.0276,0.0048,6.00E-04,0.0287,0.1099,1.0549,0.0258,0.0799,0.6307,0.2508
0.3436,0.5004,0.5004,0.0001,0,0.01,0,0.0177,0.0046,0.1583,0,0,0,0,0,0,0.0333,0.187,0,1.00E-04,0.406,0.0492
0.1243,0.2448,0.2448,0,0,0,0,0,0,0.0426,0,0,0,0,0,0,0,0.0045,0,0,0.1152,0
0,0.0024,0.0024,0,0,0,0,0,0,1.00E-04,0,0,0,0,0,0,0,0,0,0,1.00E-04,0
0,0,0,0,0,0,0,0,0,0,0,0,0,0,0,0,0,0,0,0,0,0
0,0,0,0,0,0,0,0,0,0,0,0,0,0,0,0,0,0,0,0,0,0
0,0,0,0,0,0,0,0,0,0,0,0,0,0,0,0,0,0,0,0,0,0
0,0,0,0,0,0,0,0,0,0,0,0,0,0,0,0,0,0,0,0,0,0
0,0,0,0,0,0,0,0,0,0,0,0,0,0,0,0,0,0,0,0,0,0
0,0,0,0,0,0,0,0,0,0,0,0,0,0,0,0,0,0,0,0,0,0
0,0,0,0,0,0,0,0,0,0,0,0,0,0,0,0,0,0,0,0,0,0
0,0,0,0,0,0,0,0,0,0,0,0,0,0,0,0,0,0,0,0,0,0
0,0,0,0,0,0,0,0,0,0,0,0,0,0,0,0,0,0,0,0,0,0
0,0,0,0,0.006,0,0,0,0,0,0,0,0,0,0,0,0,0,0,0,0,0
0,0,0,0.1305,0.1966,4.00E-04,0.0024,0.006,7.00E-04,0,0.0816,0.0816,0.0012,0.1377,0.0682,0.0505,0,0.0006,0.0627,0.0114,0,0
0,0,0,0.5123,0.4572,0.0784,0.0468,0.158,0.1558,0,0.2628,0.2628,0.1212,0.3931,0.2344,0.2005,0,0.2068,0.271,0.1103,0.0021,0.0924
0.058,0.0192,0.0192,1.0809,0.6608,0.2606,0.1212,0.3816,0.4811,0.0031,0.4896,0.4896,0.4512,0.5818,0.4445,0.3643,0.1689,0.8393,0.4227,0.2171,0.1312,0.3552
0.362,0.2748,0.2748,1.427,0.8057,0.4497,0.192,0.5572,0.7231,0.03,0.7068,0.7068,0.7332,0.7119,0.6855,0.5568,0.4615,1.3908,0.5119,0.2705,0.4479,0.606
0.6271,0.5532,0.5532,1.5911,0.859,0.5595,0.2748,0.6672,0.8729,0.0713,0.8196,0.8196,0.8916,0.6811,0.8012,0.6271,0.6644,1.7148,0.5407,0.3086,0.6889,0.708
0.8092,0.7512,0.7512,1.6628,0.8432,0.5081,0.1956,0.716,0.9354,0.1028,0.8208,0.8208,0.8016,0.5505,0.8044,0.6175,0.8401,1.8942,0.5232,0.3157,0.8438,0.7344
0.9123,0.8724,0.8724,1.5881,0.7602,0.4049,0.2028,0.7219,0.8934,0.141,0.744,0.744,0.6384,0.4043,0.7372,0.5628,0.9319,1.9269,0.4509,0.3358,0.9236,0.714
0.9522,0.924,0.924,1.3584,0.6073,0.3459,0.2304,0.6967,0.7294,0.1982,0.6048,0.6048,0.558,0.2248,0.602,0.4426,0.9953,1.8482,0.321,0.2926,0.9435,0.672
0.9298,0.9144,0.9144,1.0548,0.3784,0.2787,0.1176,0.6141,0.5388,0.1946,0.348,0.348,0.4596,0.0935,0.3627,0.27,0.9407,1.6151,0.1959,0.1719,0.9064,0.5304
0.8273,0.8532,0.8532,0.6446,0.0973,0.1922,0.0348,0.4574,0.3595,0.1533,0.108,0.108,0.2808,0.0244,0.1005,0.0782,0.8017,1.2999,0.081,0.0668,0.8084,0.3552
0.6435,0.72,0.72,0.1389,0,0.1082,0,0.2283,0.1397,0.1201,0,0,0.0924,5.00E-04,0,0.0021,0.5813,0.8836,0.0061,0.0103,0.6457,0.162
0.372,0.5172,0.5172,0,0,0.0081,0,0.01,7.00E-04,0.0673,0,0,0,0,0,0,0.2971,0.1676,0,0,0.4172,0.0132
0.1095,0.2568,0.2568,0,0,0,0,0,0,0.0194,0,0,0,0,0,0,0.0047,0.0039,0,0,0.1111,0
0,0.0024,0.0024,0,0,0,0,0,0,1.00E-04,0,0,0,0,0,0,0,0,0,0,1.00E-04,0
0,0,0,0,0,0,0,0,0,0,0,0,0,0,0,0,0,0,0,0,0,0
0,0,0,0,0,0,0,0,0,0,0,0,0,0,0,0,0,0,0,0,0,0
0,0,0,0,0,0,0,0,0,0,0,0,0,0,0,0,0,0,0,0,0,0
0,0,0,0,0,0,0,0,0,0,0,0,0,0,0,0,0,0,0,0,0,0
0,0,0,0,0,0,0,0,0,0,0,0,0,0,0,0,0,0,0,0,0,0
0,0,0,0,0,0,0,0,0,0,0,0,0,0,0,0,0,0,0,0,0,0
0,0,0,0,0,0,0,0,0,0,0,0,0,0,0,0,0,0,0,0,0,0
0,0,0,0,0,0,0,0,0,0,0,0,0,0,0,0,0,0,0,0,0,0
0,0,0,0,0,0,0,0,0,0,0,0,0,0,0,0,0,0,0,0,0,0
0,0,0,0,0.0024,0,0,0,0,0,0,0,0,0,0,0,0,0,0,0,0,0
0,0,0,0.344,0.1023,0.0061,0.0228,0.0031,6.00E-04,0,0.0276,0.0276,0.0024,0.0163,0.023,0.0148,0,0.0003,0.0078,0.0013,0,0
0,0,0,0.9268,0.2572,0.1674,0.2232,0.1858,0.144,0,0.0912,0.0912,0.2196,0.0642,0.0836,0.0921,0,0.1785,0.0504,0.0468,0.003,0.1452
0.0388,0.018,0.018,1.3714,0.4192,0.376,0.4704,0.4822,0.4644,0.0016,0.168,0.168,0.5136,0.129,0.1484,0.1963,0.2262,0.6329,0.1075,0.158,0.1203,0.4584
0.3209,0.2676,0.2676,1.6696,0.5014,0.5422,0.6792,0.7263,0.6478,0.0206,0.24,0.24,0.756,0.1657,0.1981,0.2591,0.4896,1.1552,0.1648,0.3399,0.4269,0.702
0.5929,0.5436,0.5436,1.8355,0.5066,0.6472,0.7752,0.8834,0.6711,0.0564,0.2568,0.2568,0.8808,0.1738,0.2169,0.2883,0.7582,1.7523,0.2137,0.4837,0.6666,0.8628
0.7755,0.7356,0.7356,1.8753,0.5303,0.6887,0.7824,0.9579,0.7108,0.0978,0.2004,0.2004,0.9036,0.1595,0.198,0.3036,0.9151,2.2021,0.2553,0.5027,0.8231,0.948
0.872,0.8508,0.8508,1.7946,0.4875,0.6955,0.7848,0.9666,0.7751,0.1707,0.1476,0.1476,0.8952,0.1395,0.1735,0.3129,0.9657,2.3071,0.251,0.4794,0.9029,0.9672
0.9032,0.9,0.9,1.6034,0.3521,0.6704,0.7332,0.9135,0.7885,0.2276,0.1032,0.1032,0.8076,0.1025,0.132,0.2702,0.9614,2.2338,0.2023,0.4274,0.9237,0.924
0.8591,0.8916,0.8916,1.2826,0.1566,0.6472,0.582,0.7929,0.719,0.2495,0.0552,0.0552,0.6576,0.0605,0.0731,0.1808,0.8567,2.0477,0.1301,0.3668,0.8866,0.8196
0.7157,0.8256,0.8256,0.8321,0.0192,0.4858,0.348,0.5999,0.4968,0.2128,0.012,0.012,0.366,0.0143,0.0201,0.0757,0.6929,1.5272,0.0511,0.2321,0.7884,0.6444
0.5222,0.696,0.696,0.2068,0,0.1721,0.0456,0.3418,0.1569,0.1637,0,0,0.0408,2.00E-04,0,0.0122,0.479,0.847,0.0036,0.0667,0.6253,0.408
0.3283,0.498,0.498,0.0002,0,0.0036,0,0.0291,0.0015,0.0856,0,0,0,0,0,0,0.2686,0.1498,0,3.00E-04,0.3955,0.0804
0.1075,0.2412,0.2412,0,0,0,0,0,0,0.0257,0,0,0,0,0,0,0.0767,0.0032,0,0,0.0971,0
0,0.0012,0.0012,0,0,0,0,0,0,0,0,0,0,0,0,0,0,0,0,0,0,0
0,0,0,0,0,0,0,0,0,0,0,0,0,0,0,0,0,0,0,0,0,0
0,0,0,0,0,0,0,0,0,0,0,0,0,0,0,0,0,0,0,0,0,0
0,0,0,0,0,0,0,0,0,0,0,0,0,0,0,0,0,0,0,0,0,0
0,0,0,0,0,0,0,0,0,0,0,0,0,0,0,0,0,0,0,0,0,0
0,0,0,0,0,0,0,0,0,0,0,0,0,0,0,0,0,0,0,0,0,0
0,0,0,0,0,0,0,0,0,0,0,0,0,0,0,0,0,0,0,0,0,0
0,0,0,0,0,0,0,0,0,0,0,0,0,0,0,0,0,0,0,0,0,0
0,0,0,0,0,0,0,0,0,0,0,0,0,0,0,0,0,0,0,0,0,0
0,0,0,0,0,0,0,0,0,0,0,0,0,0,0,0,0,0,0,0,0,0
0,0,0,0,1.00E-04,0,0,0,0,0,0,0,0,0,0,0,0,0,0,0,0,0
0,0,0,0.2753,0.0462,0.0017,0.0348,0.0079,4.00E-04,0,0.0108,0.0108,0,0.0275,0.0117,0.0113,0,0.0007,0.0282,0.0058,0,0
0,0,0,0.7962,0.1556,0.1075,0.2784,0.2485,0.0947,0,0.0336,0.0336,0.0492,0.1136,0.0461,0.0735,0,0.3137,0.1515,0.129,0.0037,0.1764
0.0457,0.0156,0.0156,1.245,0.2505,0.3349,0.522,0.5622,0.3419,8.00E-04,0.066,0.066,0.1704,0.1902,0.0836,0.1461,0.1976,1.2201,0.3716,0.3426,0.0988,0.504
0.3053,0.2688,0.2688,1.5442,0.2946,0.5173,0.7032,0.7825,0.5363,0.0369,0.0912,0.0912,0.3336,0.2135,0.1137,0.2001,0.5182,1.9592,0.5544,0.5259,0.3787,0.7392
0.5603,0.546,0.546,1.7062,0.3225,0.6608,0.7032,0.9193,0.6837,0.1722,0.1224,0.1224,0.4644,0.2104,0.1488,0.2453,0.6832,2.4805,0.7423,0.6977,0.6186,0.8952
0.7341,0.7344,0.7344,1.7217,0.301,0.764,0.6984,0.9947,0.8016,0.2916,0.15,0.15,0.5928,0.1845,0.1728,0.2711,0.7228,2.8044,0.8444,0.8184,0.7948,0.9768
0.8318,0.8496,0.8496,1.612,0.2014,0.7967,0.6312,1,0.8248,0.3868,0.1656,0.1656,0.6492,0.1718,0.1684,0.2492,0.717,2.8832,0.8589,0.8844,0.8763,0.9936
0.8746,0.9012,0.9012,1.3735,0.1016,0.7636,0.4776,0.9422,0.8072,0.4327,0.1368,0.1368,0.6216,0.138,0.1092,0.1731,0.8619,2.7688,0.7637,0.8296,0.9009,0.9504
0.853,0.894,0.894,1.1669,0.0435,0.6721,0.276,0.8205,0.6931,0.3954,0.06,0.06,0.5748,0.0858,0.0518,0.1137,0.8085,2.4389,0.5605,0.6856,0.8639,0.846
0.7644,0.828,0.828,0.7306,0.0049,0.4939,0.102,0.6309,0.4939,0.2638,0.0108,0.0108,0.4368,0.0244,0.0115,0.05,0.7147,1.8876,0.2628,0.4674,0.7717,0.6768
0.5862,0.6972,0.6972,0.1528,0,0.2135,0.0048,0.3752,0.2308,0.1471,0,0,0.1416,3.00E-04,0,0.0077,0.5244,1.0911,0.0232,0.1753,0.6098,0.4392
0.3373,0.5004,0.5004,0.0002,0,0.0082,0,0.0328,0.003,0.0651,0,0,0,0,0,0,0.2604,0.1547,0,3.00E-04,0.3801,0.0924
0.0948,0.2508,0.2508,0,0,0,0,0,0,0.016,0,0,0,0,0,0,0,0.0028,0,0,0.0889,0
0,0.0036,0.0036,0,0,0,0,0,0,1.00E-04,0,0,0,0,0,0,0,0,0,0,1.00E-04,0
0,0,0,0,0,0,0,0,0,0,0,0,0,0,0,0,0,0,0,0,0,0
0,0,0,0,0,0,0,0,0,0,0,0,0,0,0,0,0,0,0,0,0,0
0,0,0,0,0,0,0,0,0,0,0,0,0,0,0,0,0,0,0,0,0,0
0,0,0,0,0,0,0,0,0,0,0,0,0,0,0,0,0,0,0,0,0,0
0,0,0,0,0,0,0,0,0,0,0,0,0,0,0,0,0,0,0,0,0,0
0,0,0,0,0,0,0,0,0,0,0,0,0,0,0,0,0,0,0,0,0,0
0,0,0,0,0,0,0,0,0,0,0,0,0,0,0,0,0,0,0,0,0,0
0,0,0,0,0,0,0,0,0,0,0,0,0,0,0,0,0,0,0,0,0,0
0,0,0,0,0,0,0,0,0,0,0,0,0,0,0,0,0,0,0,0,0,0
0,0,0,0,0,0,0,0,0,0,0,0,0,0,0,0,0,0,0,0,0,0
0,0,0,0.3536,0.0096,0.0039,0,0.0073,0,0,0.0072,0.0072,0.0012,0.0112,0.0085,0.0066,0,0.0007,0.0834,0.0219,0,0
0,0,0,0.9766,0.0524,0.1569,0.0192,0.2429,0.048,0,0.0372,0.0372,0.1908,0.0616,0.0396,0.0492,0,0.2125,0.3684,0.2909,0.0036,0.1728
0.0314,0.0132,0.0132,1.4534,0.0921,0.4126,0.0504,0.5546,0.2482,8.00E-04,0.09,0.09,0.4776,0.1221,0.0838,0.1014,0.0648,0.9709,0.6004,0.5886,0.1052,0.498
0.2324,0.2604,0.2604,1.7668,0.1153,0.6471,0.0756,0.7757,0.4386,0.0265,0.1476,0.1476,0.7272,0.1637,0.1358,0.1485,0.2643,1.763,0.7587,0.7994,0.4033,0.732
0.4962,0.5388,0.5388,1.9384,0.1281,0.7979,0.0972,0.9171,0.5681,0.1311,0.168,0.168,0.8436,0.1751,0.1592,0.1721,0.5151,2.3184,0.8134,0.9164,0.6432,0.8832
0.7485,0.7332,0.7332,1.9779,0.1222,0.8797,0.1116,0.9854,0.6518,0.2519,0.168,0.168,0.9024,0.1792,0.1624,0.1832,0.6678,2.6404,0.8296,0.9461,0.7988,0.9636
0.8558,0.852,0.852,1.8948,0.1031,0.8767,0.1068,0.9921,0.6945,0.3598,0.1488,0.1488,0.8712,0.1537,0.1445,0.1677,0.7289,2.736,0.7791,0.9043,0.8836,0.9792
0.891,0.9036,0.9036,1.687,0.0817,0.7948,0.0864,0.9342,0.6774,0.4626,0.1152,0.1152,0.7872,0.1098,0.1136,0.1271,0.7624,2.6166,0.648,0.7851,0.9034,0.936
0.8645,0.8964,0.8964,1.3377,0.0414,0.6223,0.0552,0.8114,0.5604,0.4998,0.0228,0.0228,0.6204,0.0601,0.0389,0.0758,0.755,2.3178,0.4814,0.6273,0.8671,0.8316
0.777,0.8328,0.8328,0.7922,0.0039,0.3544,0.0216,0.6167,0.3753,0.4504,0.006,0.006,0.2868,0.0188,0.008,0.0241,0.6127,1.8149,0.2719,0.4135,0.7707,0.6624
0.6179,0.7032,0.7032,0.1502,0,0.1408,0,0.3579,0.1515,0.3336,0,0,0.0456,6.00E-04,0,0.0019,0.2796,1.0928,0.0321,0.1462,0.6078,0.426
0.3816,0.5064,0.5064,0.0002,0,0.0054,0,0.0288,0.0017,0.1476,0,0,0,0,0,0,0.0515,0.1537,0,3.00E-04,0.3782,0.0828
0.1065,0.2508,0.2508,0,0,0,0,0,0,0.0443,0,0,0,0,0,0,0,0.0024,0,0,0.0846,0
0,0.0336,0.0336,0,0,0,0,0,0,0.0014,0,0,0,0,0,0,0,0,0,0,9.00E-04,0
0,0,0,0,0,0,0,0,0,0,0,0,0,0,0,0,0,0,0,0,0,0
0,0,0,0,0,0,0,0,0,0,0,0,0,0,0,0,0,0,0,0,0,0
0,0,0,0,0,0,0,0,0,0,0,0,0,0,0,0,0,0,0,0,0,0
0,0,0,0,0,0,0,0,0,0,0,0,0,0,0,0,0,0,0,0,0,0
0,0,0,0,0,0,0,0,0,0,0,0,0,0,0,0,0,0,0,0,0,0
0,0,0,0,0,0,0,0,0,0,0,0,0,0,0,0,0,0,0,0,0,0
0,0,0,0,0,0,0,0,0,0,0,0,0,0,0,0,0,0,0,0,0,0
0,0,0,0,0,0,0,0,0,0,0,0,0,0,0,0,0,0,0,0,0,0
0,0,0,0,0,0,0,0,0,0,0,0,0,0,0,0,0,0,0,0,0,0
0,0,0,0,6.00E-04,0,0,0,0,0,0,0,0,0,0,0,0,0,0,0,0,0
0,0,0,0.3298,0.109,0,0,0.0061,0,0,0.0132,0.0132,0,0.03,0.011,0.0076,0,0.0006,0.0303,0.0024,0,0
0,0,0,0.9501,0.319,0.0199,0.0228,0.226,0.0492,0,0.0756,0.0756,0.0204,0.127,0.06,0.0504,0,0.1637,0.125,0.0664,0.0031,0.1464
0.0355,0.012,0.012,1.4056,0.497,0.1036,0.0576,0.5314,0.2133,0.0017,0.1788,0.1788,0.0852,0.2617,0.1439,0.107,0.1993,0.8082,0.2307,0.1678,0.1049,0.462
0.3002,0.2568,0.2568,1.7094,0.6078,0.258,0.0804,0.751,0.3826,0.0251,0.252,0.252,0.1884,0.3617,0.2188,0.1504,0.5068,1.5508,0.3425,0.2621,0.4032,0.69
0.565,0.5364,0.5364,1.8832,0.5766,0.3852,0.1092,0.8829,0.4803,0.056,0.2508,0.2508,0.2964,0.4023,0.2351,0.1812,0.7228,2.0105,0.4366,0.3438,0.6442,0.8256
0.7357,0.7308,0.7308,1.9391,0.4634,0.4191,0.1332,0.9415,0.5038,0.0872,0.3012,0.3012,0.3264,0.3287,0.2483,0.1731,0.8572,2.2387,0.5199,0.4065,0.8013,0.888
0.8225,0.8508,0.8508,1.8702,0.4978,0.4095,0.138,0.9152,0.4847,0.1253,0.2412,0.2412,0.2628,0.2356,0.1935,0.1371,0.9219,2.3396,0.5375,0.4154,0.8815,0.9252
0.8489,0.9048,0.9048,1.6692,0.3874,0.3859,0.1044,0.8467,0.484,0.1667,0.1788,0.1788,0.1788,0.1532,0.1264,0.0896,0.9182,2.3205,0.4436,0.3492,0.9018,0.8916
0.8081,0.8976,0.8976,1.3378,0.2413,0.3284,0.0612,0.7301,0.5212,0.1627,0.1116,0.1116,0.1056,0.0763,0.0653,0.0444,0.8543,2.1267,0.2794,0.2497,0.8636,0.7872
0.7286,0.8316,0.8316,0.8714,0.0381,0.2233,0.0192,0.5388,0.39,0.1589,0.024,0.024,0.0444,0.0228,0.0156,0.0143,0.7249,1.6776,0.1318,0.1425,0.7768,0.6156
0.5943,0.7008,0.7008,0.2036,0,0.0874,0,0.2874,0.1909,0.1372,0,0,0.006,3.00E-04,0,4.00E-04,0.5255,0.945,0.0137,0.0456,0.6137,0.378
0.3957,0.5016,0.5016,0.0001,0,0.0027,0,0.019,0.0016,0.0989,0,0,0,0,0,0,0.2563,0.1327,0,1.00E-04,0.3832,0.0624
0.1024,0.2448,0.2448,0,0,0,0,0,0,0.0211,0,0,0,0,0,0,0,0.0022,0,0,0.0813,0
0,0,0,0,0,0,0,0,0,0,0,0,0,0,0,0,0,0,0,0,0,0
0,0,0,0,0,0,0,0,0,0,0,0,0,0,0,0,0,0,0,0,0,0
0,0,0,0,0,0,0,0,0,0,0,0,0,0,0,0,0,0,0,0,0,0
0,0,0,0,0,0,0,0,0,0,0,0,0,0,0,0,0,0,0,0,0,0
0,0,0,0,0,0,0,0,0,0,0,0,0,0,0,0,0,0,0,0,0,0
0,0,0,0,0,0,0,0,0,0,0,0,0,0,0,0,0,0,0,0,0,0
0,0,0,0,0,0,0,0,0,0,0,0,0,0,0,0,0,0,0,0,0,0
0,0,0,0,0,0,0,0,0,0,0,0,0,0,0,0,0,0,0,0,0,0
0,0,0,0,0,0,0,0,0,0,0,0,0,0,0,0,0,0,0,0,0,0
0,0,0,0,0,0,0,0,0,0,0,0,0,0,0,0,0,0,0,0,0,0
0,0,0,0,0,0,0,0,0,0,0,0,0,0,0,0,0,0,0,0,0,0
0,0,0,0.2965,0.0268,0,0,0.003,0,0,0.0444,0.0444,0,0.1396,0.043,0.0373,0,0.0003,0.0954,0.0191,0,0
0,0,0,0.8957,0.0871,0.0463,0.03,0.1697,0.0713,0,0.2784,0.2784,0.0372,0.4633,0.2278,0.1786,0,0.1831,0.3811,0.2722,0.0027,0.1272
0.0408,0.0108,0.0108,1.3475,0.2097,0.1857,0.0864,0.442,0.31,0.0025,0.6,0.6,0.1596,0.689,0.5017,0.3411,0.2235,0.8345,0.644,0.5675,0.0978,0.4248
0.3105,0.252,0.252,1.6344,0.3802,0.3389,0.1248,0.6292,0.522,0.0253,0.7296,0.7296,0.3108,0.819,0.6623,0.48,0.5397,1.5825,0.82,0.7576,0.3872,0.6516
0.5743,0.5364,0.5364,1.8552,0.4842,0.4289,0.1476,0.8186,0.6852,0.0777,0.6336,0.6336,0.4008,0.8673,0.6558,0.5377,0.7522,2.1171,0.9386,0.8525,0.6269,0.7968
0.7571,0.7356,0.7356,1.8895,0.4799,0.502,0.1392,0.9044,0.8403,0.1468,0.5856,0.5856,0.486,0.8064,0.5897,0.485,0.8828,2.4249,0.9675,0.8577,0.7791,0.876
0.8598,0.8616,0.8616,1.7852,0.4006,0.5567,0.1272,0.9197,0.8644,0.2241,0.3516,0.3516,0.5676,0.6345,0.3697,0.3667,0.9436,2.4916,0.928,0.7843,0.8559,0.9024
0.8974,0.9156,0.9156,1.5425,0.2815,0.5484,0.0984,0.8624,0.7556,0.2737,0.2112,0.2112,0.5364,0.3494,0.2143,0.2277,0.9371,2.2919,0.82,0.6733,0.8803,0.8592
0.863,0.9072,0.9072,1.102,0.1361,0.4628,0.0528,0.7381,0.5582,0.3053,0.114,0.114,0.4692,0.154,0.1258,0.1408,0.8521,1.9375,0.6478,0.5323,0.8425,0.7572
0.7659,0.8292,0.8292,0.7171,0.0227,0.2678,0.0156,0.513,0.3648,0.3567,0.0336,0.0336,0.39,0.0523,0.0491,0.0632,0.6991,1.3492,0.4067,0.3464,0.7617,0.5928
0.6118,0.6804,0.6804,0.1515,0,0.0702,0,0.2231,0.1418,0.3842,0,0,0.1152,0.0024,0,0.0021,0.5084,0.6389,0.0516,0.1192,0.5864,0.3612
0.3943,0.4392,0.4392,0,0,5.00E-04,0,0.0164,0.0013,0.2665,0,0,0,0,0,0,0.2729,0.1097,0,0,0.339,0.0564
0.0833,0.1584,0.1584,0,0,0,0,0,0,0.0843,0,0,0,0,0,0,0,0.0022,0,0,0.0636,0
0,0,0,0,0,0,0,0,0,0,0,0,0,0,0,0,0,0,0,0,0,0
0,0,0,0,0,0,0,0,0,0,0,0,0,0,0,0,0,0,0,0,0,0
0,0,0,0,0,0,0,0,0,0,0,0,0,0,0,0,0,0,0,0,0,0
0,0,0,0,0,0,0,0,0,0,0,0,0,0,0,0,0,0,0,0,0,0
0,0,0,0,0,0,0,0,0,0,0,0,0,0,0,0,0,0,0,0,0,0
0,0,0,0,0,0,0,0,0,0,0,0,0,0,0,0,0,0,0,0,0,0
0,0,0,0,0,0,0,0,0,0,0,0,0,0,0,0,0,0,0,0,0,0
0,0,0,0,0,0,0,0,0,0,0,0,0,0,0,0,0,0,0,0,0,0
0,0,0,0,0,0,0,0,0,0,0,0,0,0,0,0,0,0,0,0,0,0
0,0,0,0,0,0,0,0,0,0,0,0,0,0,0,0,0,0,0,0,0,0
0,0,0,0,0,0,0,0,0,0,0,0,0,0,0,0,0,0,0,0,0,0
0,0,0,0.3345,0.0704,0.0035,0.0072,0.003,1.00E-04,0,0.0672,0.0672,0,0.1028,0.0479,0.0307,0,0.0003,0.1318,0.0273,0,0
0,0,0,0.9327,0.263,0.1772,0.2172,0.1929,0.054,0,0.2544,0.2544,0.1944,0.3597,0.1873,0.1645,0,0.2036,0.4677,0.326,0.0027,0.1284
0.0096,0.0024,0.0024,1.3855,0.4935,0.3982,0.5736,0.4927,0.2526,2.00E-04,0.42,0.42,0.324,0.5799,0.3251,0.3595,0.2109,1.0086,0.7192,0.6219,0.1025,0.4272
0.1316,0.114,0.114,1.6821,0.6548,0.5561,0.786,0.7099,0.5551,0.0103,0.5064,0.5064,0.3384,0.7549,0.4361,0.5397,0.5257,1.8006,0.8843,0.8138,0.4007,0.6504
0.3157,0.342,0.342,1.8464,0.7156,0.7723,0.9216,0.8458,0.7495,0.0638,0.4656,0.4656,0.6456,0.8998,0.4744,0.6612,0.7416,2.3496,0.9731,0.9299,0.6401,0.7944
0.458,0.5592,0.5592,1.8857,0.6625,0.885,0.9552,0.9126,0.857,0.1432,0.3264,0.3264,0.858,0.9236,0.4354,0.7007,0.8697,2.6248,0.9937,0.9738,0.7952,0.8724
0.5012,0.7152,0.7152,1.7981,0.5042,0.8998,0.8784,0.9196,0.8962,0.2583,0.222,0.222,0.906,0.8121,0.3206,0.6152,0.9381,2.6892,0.9516,0.9498,0.8741,0.894
0.4166,0.7596,0.7596,1.5925,0.2835,0.8207,0.7044,0.8615,0.8251,0.3301,0.1356,0.1356,0.81,0.5696,0.185,0.4391,0.9203,2.573,0.8466,0.8594,0.8942,0.8544
0.3229,0.756,0.756,1.2076,0.1165,0.636,0.4548,0.7387,0.6535,0.3141,0.0732,0.0732,0.5532,0.3238,0.0955,0.2815,0.8255,2.2671,0.672,0.6994,0.8576,0.7572
0.2944,0.7224,0.7224,0.7334,0.0142,0.4011,0.216,0.5458,0.478,0.2937,0.0144,0.0144,0.3,0.1523,0.0275,0.1494,0.7034,1.7564,0.4297,0.4691,0.7673,0.5904
0.2399,0.6264,0.6264,0.1367,0,0.1493,0.0144,0.2878,0.2168,0.2364,0,0,0.0504,0.0027,0,0.0162,0.4558,1.0292,0.0552,0.1445,0.6047,0.36
0.1294,0.4308,0.4308,0.0001,0,0.0036,0,0.0168,0.0014,0.1553,0,0,0,0,0,0,0.1575,0.1239,0,1.00E-04,0.3701,0.054
0.0287,0.1788,0.1788,0,0,0,0,0,0,0.0534,0,0,0,0,0,0,0,0.0015,0,0,0.0669,0
0,0,0,0,0,0,0,0,0,0,0,0,0,0,0,0,0,0,0,0,0,0
0,0,0,0,0,0,0,0,0,0,0,0,0,0,0,0,0,0,0,0,0,0
0,0,0,0,0,0,0,0,0,0,0,0,0,0,0,0,0,0,0,0,0,0
0,0,0,0,0,0,0,0,0,0,0,0,0,0,0,0,0,0,0,0,0,0
0,0,0,0,0,0,0,0,0,0,0,0,0,0,0,0,0,0,0,0,0,0
0,0,0,0,0,0,0,0,0,0,0,0,0,0,0,0,0,0,0,0,0,0
0,0,0,0,0,0,0,0,0,0,0,0,0,0,0,0,0,0,0,0,0,0
0,0,0,0,0,0,0,0,0,0,0,0,0,0,0,0,0,0,0,0,0,0
0,0,0,0,0,0,0,0,0,0,0,0,0,0,0,0,0,0,0,0,0,0
0,0,0,0,0,0,0,0,0,0,0,0,0,0,0,0,0,0,0,0,0,0
0,0,0,0,0,0,0,0,0,0,0,0,0,0,0,0,0,0,0,0,0,0
0,0,0,0.2823,0.0587,0.0018,0.006,0.0018,1.00E-04,0,0.0792,0.0792,0,0.1732,0.0829,0.0728,0,0.0002,0.1071,0.0177,0,0
0,0,0,0.8535,0.2385,0.1525,0.1416,0.1704,0.0526,0,0.3504,0.3504,0.192,0.4873,0.3299,0.2895,0,0.1556,0.4075,0.2669,0.0026,0.1248
0.0327,0.0024,0.0024,1.3157,0.4161,0.4063,0.3312,0.4603,0.2533,0.0016,0.588,0.588,0.5256,0.7056,0.5063,0.4751,0.0314,0.7625,0.6718,0.5647,0.0599,0.4188
0.2958,0.1524,0.1524,1.6342,0.5439,0.5964,0.4836,0.6943,0.4239,0.0327,0.7224,0.7224,0.7464,0.8096,0.6209,0.6227,0.1166,1.4364,0.8291,0.778,0.3339,0.648
0.5679,0.4392,0.4392,1.8125,0.5674,0.7498,0.6192,0.828,0.4707,0.1503,0.7044,0.7044,0.8652,0.7737,0.6867,0.7488,0.2041,1.9252,0.9102,0.8951,0.6066,0.7908
0.7421,0.6648,0.6648,1.866,0.4636,0.8425,0.5604,0.8923,0.5157,0.2938,0.5508,0.5508,0.9132,0.5954,0.6281,0.7841,0.2797,2.1002,0.9336,0.9377,0.7658,0.864
0.8498,0.7296,0.7296,1.7971,0.3179,0.8364,0.5148,0.8962,0.5145,0.3675,0.3972,0.3972,0.8964,0.4889,0.5217,0.7257,0.3717,2.02,0.8861,0.9013,0.8549,0.882
0.89,0.7968,0.7968,1.6035,0.2028,0.7095,0.3636,0.84,0.4069,0.3699,0.2604,0.2604,0.804,0.5249,0.3912,0.5955,0.4538,1.7917,0.7781,0.7234,0.8777,0.8436
0.8689,0.8352,0.8352,1.2804,0.1059,0.4639,0.2376,0.7218,0.2984,0.3371,0.15,0.15,0.5544,0.4861,0.2563,0.3961,0.4626,1.4461,0.6066,0.5389,0.8397,0.7452
0.7861,0.7968,0.7968,0.8204,0.0152,0.2062,0.1068,0.5316,0.1578,0.3021,0.0408,0.0408,0.198,0.2324,0.0938,0.1642,0.3962,1.0443,0.3583,0.3768,0.7421,0.576
0.6204,0.6456,0.6456,0.1693,0,0.0633,0.0036,0.2844,0.0336,0.1501,0,0,0.0336,0.0029,0.0015,0.0096,0.2926,0.562,0.0348,0.1122,0.5715,0.348
0.3925,0.4548,0.4548,0.0001,0,9.00E-04,0,0.015,5.00E-04,0.0549,0,0,0,0,0,0,0.1159,0.0668,0,1.00E-04,0.339,0.0492
0.1,0.2352,0.2352,0,0,0,0,0,0,0.013,0,0,0,0,0,0,0,0.0002,0,0,0.0646,0
0,0,0,0,0,0,0,0,0,0,0,0,0,0,0,0,0,0,0,0,0,0
0,0,0,0,0,0,0,0,0,0,0,0,0,0,0,0,0,0,0,0,0,0
0,0,0,0,0,0,0,0,0,0,0,0,0,0,0,0,0,0,0,0,0,0
0,0,0,0,0,0,0,0,0,0,0,0,0,0,0,0,0,0,0,0,0,0
0,0,0,0,0,0,0,0,0,0,0,0,0,0,0,0,0,0,0,0,0,0
0,0,0,0,0,0,0,0,0,0,0,0,0,0,0,0,0,0,0,0,0,0
0,0,0,0,0,0,0,0,0,0,0,0,0,0,0,0,0,0,0,0,0,0
0,0,0,0,0,0,0,0,0,0,0,0,0,0,0,0,0,0,0,0,0,0
0,0,0,0,0,0,0,0,0,0,0,0,0,0,0,0,0,0,0,0,0,0
0,0,0,0,0,0,0,0,0,0,0,0,0,0,0,0,0,0,0,0,0,0
0,0,0,0,0,0,0,0,0,0,0,0,0,0,0,0,0,0,0,0,0,0
0,0,0,0.2989,0.114,0,0.0144,0.0024,1.00E-04,0,0.1464,0.1464,0,0.1671,0.1198,0.0733,0,0.0002,0.0981,0.0108,0,0
0,0,0,0.8968,0.3548,0.0421,0.2568,0.1754,0.0588,0,0.4452,0.4452,0.0708,0.4869,0.4086,0.3178,0,0.1666,0.4234,0.1486,0.0016,0.0768
0.0335,0.0048,0.0048,1.3614,0.5732,0.1986,0.5748,0.4468,0.2773,0.002,0.6696,0.6696,0.2652,0.7242,0.639,0.574,0.1967,0.9135,0.6731,0.3904,0.0731,0.2928
0.2844,0.2136,0.2136,1.6864,0.735,0.4149,0.7788,0.6408,0.4735,0.0247,0.8172,0.8172,0.492,0.8772,0.7902,0.7196,0.5267,1.7016,0.8345,0.5961,0.3347,0.444
0.568,0.498,0.498,1.8506,0.8293,0.5654,0.8868,0.7535,0.5999,0.0787,0.8316,0.8316,0.6192,0.9498,0.8186,0.7244,0.7452,2.2345,0.9197,0.7073,0.5435,0.5016
0.7507,0.6996,0.6996,1.8923,0.8159,0.6171,0.9252,0.7898,0.6859,0.1192,0.7908,0.7908,0.5868,0.9598,0.8159,0.6577,0.869,2.4845,0.9377,0.7392,0.675,0.4536
0.8552,0.8304,0.8304,1.8139,0.6864,0.6465,0.8928,0.7664,0.7013,0.1675,0.5976,0.5976,0.6156,0.9006,0.573,0.486,0.9149,2.5122,0.8939,0.6915,0.7354,0.3528
0.8665,0.8856,0.8856,1.6155,0.496,0.5934,0.798,0.7012,0.6729,0.1999,0.3504,0.3504,0.5448,0.7411,0.4377,0.4226,0.8708,2.3782,0.7835,0.6058,0.7906,0.282
0.8435,0.8772,0.8772,1.2901,0.2169,0.4815,0.612,0.6003,0.5745,0.2578,0.2268,0.2268,0.4128,0.4426,0.2682,0.2588,0.7143,2.0754,0.6072,0.4597,0.798,0.2724
0.7659,0.8076,0.8076,0.828,0.0354,0.322,0.3612,0.4378,0.4022,0.2112,0.0936,0.0936,0.2208,0.2231,0.1145,0.1228,0.53,1.5776,0.3624,0.2824,0.7382,0.2412
0.6195,0.6672,0.6672,0.1699,0,0.1469,0.024,0.2249,0.1621,0.1129,0,0,0.06,0.004,0,0.0027,0.4925,0.886,0.0342,0.0699,0.5795,0.1716
0.3936,0.4608,0.4608,0.0001,0,0.0036,0,0.0081,7.00E-04,0.0634,0,0,0,0,0,0,0.27,0.0934,0,1.00E-04,0.3504,0.024
0.089,0.2496,0.2496,0,0,0,0,0,0,0.0209,0,0,0,0,0,0,0,0.0011,0,0,0.0655,0
0,0,0,0,0,0,0,0,0,0,0,0,0,0,0,0,0,0,0,0,0,0
0,0,0,0,0,0,0,0,0,0,0,0,0,0,0,0,0,0,0,0,0,0
0,0,0,0,0,0,0,0,0,0,0,0,0,0,0,0,0,0,0,0,0,0
0,0,0,0,0,0,0,0,0,0,0,0,0,0,0,0,0,0,0,0,0,0
0,0,0,0,0,0,0,0,0,0,0,0,0,0,0,0,0,0,0,0,0,0
0,0,0,0,0,0,0,0,0,0,0,0,0,0,0,0,0,0,0,0,0,0
0,0,0,0,0,0,0,0,0,0,0,0,0,0,0,0,0,0,0,0,0,0
0,0,0,0,0,0,0,0,0,0,0,0,0,0,0,0,0,0,0,0,0,0
0,0,0,0,0,0,0,0,0,0,0,0,0,0,0,0,0,0,0,0,0,0
0,0,0,0,0,0,0,0,0,0,0,0,0,0,0,0,0,0,0,0,0,0
0,0,0,0,0,0,0,0,0,0,0,0,0,0,0,0,0,0,0,0,0,0
0,0,0,0.3036,0.1821,7.00E-04,0.0084,6.00E-04,1.00E-04,0,0.1464,0.1464,0,0.0324,0.1212,0.0768,0,0.0001,0.0573,0.0027,0,0
0,0,0,0.8951,0.4778,0.0943,0.2148,0.1283,0.0343,0,0.4848,0.4848,0.0276,0.1213,0.4401,0.3415,0,0.1479,0.2977,0.0691,0.002,0.0936
0.0327,0.0048,0.0048,1.346,0.6915,0.3095,0.474,0.3773,0.2178,6.00E-04,0.7164,0.7164,0.1032,0.2101,0.6781,0.5853,0.0976,0.8682,0.4863,0.249,0.0898,0.3732
0.2909,0.2352,0.2352,1.6475,0.8021,0.5146,0.6732,0.5839,0.4424,0.02,0.8604,0.8604,0.24,0.2582,0.8401,0.7643,0.288,1.654,0.4606,0.5605,0.389,0.5988
0.546,0.5172,0.5172,1.8103,0.847,0.6905,0.7332,0.7056,0.6371,0.0726,0.9228,0.9228,0.4968,0.2588,0.9132,0.8529,0.4715,2.1739,0.4289,0.7541,0.6337,0.7164
0.7461,0.7116,0.7116,1.7996,0.8376,0.8114,0.756,0.7513,0.736,0.1623,0.8988,0.8988,0.72,0.2401,0.8964,0.8508,0.5951,2.2678,0.4672,0.8048,0.7859,0.7752
0.8543,0.8316,0.8316,1.551,0.7548,0.8125,0.6888,0.7494,0.7257,0.2507,0.7464,0.7464,0.7596,0.2261,0.7617,0.754,0.6673,2.0909,0.4994,0.7828,0.8686,0.7716
0.8846,0.8832,0.8832,1.1371,0.5196,0.7376,0.5388,0.6871,0.6145,0.305,0.4656,0.4656,0.7464,0.225,0.5303,0.5938,0.5773,1.8101,0.4377,0.6963,0.892,0.7296
0.8575,0.876,0.876,1.0231,0.2401,0.5327,0.3444,0.6042,0.4281,0.3423,0.216,0.216,0.6156,0.1798,0.3143,0.3973,0.4013,1.3482,0.2901,0.6029,0.8575,0.6432
0.7723,0.8076,0.8076,0.6984,0.0308,0.3186,0.1392,0.4502,0.2249,0.3259,0.0504,0.0504,0.4116,0.0568,0.1133,0.176,0.2105,0.9076,0.1086,0.4187,0.7603,0.4956
0.6136,0.6768,0.6768,0.1459,0,0.0599,0.006,0.2355,0.056,0.2688,0,0,0.09,0.0049,1.00E-04,0.0077,0.1372,0.4737,0.006,0.1246,0.6002,0.294
0.3811,0.4788,0.4788,0,0,0,0,0.0109,4.00E-04,0.1623,0,0,0,0,0,0,0.0804,0.0915,0,0,0.3734,0.0372
0.0805,0.2652,0.2652,0,0,0,0,0,0,0.0498,0,0,0,0,0,0,0,0.0013,0,0,0.0691,0
0,0,0,0,0,0,0,0,0,0,0,0,0,0,0,0,0,0,0,0,0,0
0,0,0,0,0,0,0,0,0,0,0,0,0,0,0,0,0,0,0,0,0,0
0,0,0,0,0,0,0,0,0,0,0,0,0,0,0,0,0,0,0,0,0,0
0,0,0,0,0,0,0,0,0,0,0,0,0,0,0,0,0,0,0,0,0,0
0,0,0,0,0,0,0,0,0,0,0,0,0,0,0,0,0,0,0,0,0,0
0,0,0,0,0,0,0,0,0,0,0,0,0,0,0,0,0,0,0,0,0,0
0,0,0,0,0,0,0,0,0,0,0,0,0,0,0,0,0,0,0,0,0,0
0,0,0,0,0,0,0,0,0,0,0,0,0,0,0,0,0,0,0,0,0,0
0,0,0,0,0,0,0,0,0,0,0,0,0,0,0,0,0,0,0,0,0,0
0,0,0,0,0,0,0,0,0,0,0,0,0,0,0,0,0,0,0,0,0,0
0,0,0,0,0,0,0,0,0,0,0,0,0,0,0,0,0,0,0,0,0,0
0,0,0,0.0901,0.1696,7.00E-04,0.0036,0.0012,0,0,0.1128,0.1128,0,0.1424,0.097,0.0643,0,0.0001,0.0675,0.0115,0,0
0,0,0,0.3739,0.4547,0.0788,0.1452,0.1285,0.023,0,0.36,0.36,0.0672,0.4711,0.3712,0.3393,0,0.0779,0.3507,0.1718,0.0021,0.1008
0.0278,0.0036,0.0036,0.7849,0.6745,0.2202,0.3696,0.3581,0.1437,3.00E-04,0.6372,0.6372,0.2604,0.709,0.6676,0.6236,0.1803,0.4722,0.6266,0.3097,0.0927,0.3936
0.2833,0.2268,0.2268,1.2973,0.7951,0.3585,0.6228,0.5336,0.3457,0.0244,0.8448,0.8448,0.5232,0.8738,0.8608,0.8124,0.494,0.8956,0.8301,0.3634,0.399,0.6264
0.5477,0.5052,0.5052,1.5543,0.8427,0.4708,0.7068,0.6483,0.5301,0.1699,0.9396,0.9396,0.72,0.956,0.9471,0.9116,0.6712,1.1979,0.9314,0.5176,0.6412,0.7716
0.7277,0.6972,0.6972,1.6234,0.8148,0.5238,0.708,0.7219,0.6052,0.4003,0.9144,0.9144,0.8052,0.9594,0.9284,0.9425,0.8613,1.319,0.9542,0.6459,0.7911,0.8412
0.8352,0.816,0.816,1.4651,0.7142,0.5363,0.7488,0.7688,0.5854,0.5566,0.834,0.834,0.8304,0.9061,0.8662,0.8971,0.9273,1.4051,0.9152,0.631,0.8689,0.852
0.8804,0.8664,0.8664,1.1188,0.4876,0.4972,0.6408,0.6797,0.4946,0.5946,0.714,0.714,0.756,0.7752,0.744,0.7739,0.9273,1.3826,0.806,0.4967,0.89,0.8064
0.8546,0.8568,0.8568,0.7695,0.2607,0.4157,0.4848,0.4719,0.3757,0.6209,0.4932,0.4932,0.63,0.5682,0.5282,0.5767,0.8635,1.1922,0.6187,0.313,0.8529,0.708
0.7554,0.7932,0.7932,0.4056,0.0413,0.2723,0.18,0.3032,0.2381,0.5119,0.1464,0.1464,0.402,0.2928,0.2153,0.3073,0.7361,0.8948,0.3612,0.1325,0.7562,0.5364
0.5845,0.6636,0.6636,0.0555,0,0.0587,0.0072,0.1441,0.0687,0.3551,0,0,0.0804,0.0016,0,0.0123,0.5373,0.5101,0.0306,0.0186,0.5961,0.294
0.3584,0.468,0.468,0,0,0,0,0.0068,0.0022,0.1816,0,0,0,0,0,0,0.2459,0.0919,0,0,0.3713,0.0288
0.0798,0.252,0.252,0,0,0,0,0,0,0.0453,0,0,0,0,0,0,0,0.0011,0,0,0.0666,0
0,0,0,0,0,0,0,0,0,0,0,0,0,0,0,0,0,0,0,0,0,0
0,0,0,0,0,0,0,0,0,0,0,0,0,0,0,0,0,0,0,0,0,0
0,0,0,0,0,0,0,0,0,0,0,0,0,0,0,0,0,0,0,0,0,0
0,0,0,0,0,0,0,0,0,0,0,0,0,0,0,0,0,0,0,0,0,0
0,0,0,0,0,0,0,0,0,0,0,0,0,0,0,0,0,0,0,0,0,0
0,0,0,0,0,0,0,0,0,0,0,0,0,0,0,0,0,0,0,0,0,0
0,0,0,0,0,0,0,0,0,0,0,0,0,0,0,0,0,0,0,0,0,0
0,0,0,0,0,0,0,0,0,0,0,0,0,0,0,0,0,0,0,0,0,0
0,0,0,0,0,0,0,0,0,0,0,0,0,0,0,0,0,0,0,0,0,0
0,0,0,0,0,0,0,0,0,0,0,0,0,0,0,0,0,0,0,0,0,0
0,0,0,0,0,0,0,0,0,0,0,0,0,0,0,0,0,0,0,0,0,0
0,0,0,0.1921,0.2223,4.00E-04,0.0024,0.0018,0,0,0.1572,0.1572,0,0.0701,0.134,0.0723,0,0.0002,0.0072,0.0059,0,0
0,0,0,0.6816,0.5491,0.082,0.1092,0.1636,0.0133,0,0.4608,0.4608,0.0588,0.1932,0.4573,0.3695,0,0.1302,0.0893,0.2095,0.0028,0.132
0.0293,0.0024,0.0024,1.1511,0.7705,0.267,0.2892,0.4502,0.087,7.00E-04,0.66,0.66,0.168,0.2126,0.6971,0.6433,0.1739,0.8457,0.2674,0.4913,0.0865,0.4524
0.2949,0.21,0.21,1.5035,0.9019,0.4514,0.522,0.6912,0.1753,0.0282,0.8172,0.8172,0.2376,0.1665,0.8586,0.8155,0.4991,1.6805,0.4691,0.7079,0.384,0.6888
0.5681,0.4884,0.4884,1.724,0.9496,0.6068,0.6828,0.8413,0.3663,0.166,0.9324,0.9324,0.2688,0.2529,0.9426,0.9018,0.7223,2.2971,0.5044,0.828,0.6269,0.8412
0.7528,0.684,0.684,1.7811,0.9225,0.6865,0.8148,0.9176,0.5266,0.3613,0.9564,0.9564,0.2472,0.3156,0.9349,0.8997,0.8603,2.6708,0.531,0.8331,0.7784,0.9216
0.8522,0.8112,0.8112,1.7124,0.8452,0.6603,0.8232,0.9224,0.5525,0.4816,0.8868,0.8868,0.1824,0.1798,0.8623,0.832,0.9263,2.7553,0.5103,0.7035,0.861,0.9384
0.8896,0.864,0.864,1.5213,0.6954,0.5669,0.7416,0.8708,0.5006,0.5124,0.7368,0.7368,0.1164,0.1158,0.7344,0.7206,0.925,2.6341,0.4447,0.5422,0.8832,0.8964
0.8639,0.8568,0.8568,1.1879,0.4573,0.4269,0.5772,0.7431,0.35,0.4592,0.5076,0.5076,0.0672,0.1369,0.4802,0.4794,0.8625,2.2993,0.3458,0.3251,0.8473,0.7944
0.7696,0.7896,0.7896,0.7533,0.0785,0.2725,0.3348,0.5295,0.1589,0.3362,0.1656,0.1656,0.03,0.0247,0.1462,0.1799,0.7341,1.7528,0.178,0.1403,0.7482,0.6276
0.6126,0.6588,0.6588,0.1257,0,0.1316,0.0144,0.2699,0.0449,0.1843,0,0,0.0024,8.00E-04,0,0.0072,0.536,1.0421,0.0109,0.0243,0.5888,0.3936
0.386,0.4596,0.4596,0,0,0.0027,0,0.0137,3.00E-04,0.0696,0,0,0,0,0,0,0.2464,0.1106,0,0,0.3617,0.0528
0.0716,0.2412,0.2412,0,0,0,0,0,0,0.0136,0,0,0,0,0,0,0,0.0011,0,0,0.0592,0
0,0,0,0,0,0,0,0,0,0,0,0,0,0,0,0,0,0,0,0,0,0
0,0,0,0,0,0,0,0,0,0,0,0,0,0,0,0,0,0,0,0,0,0
0,0,0,0,0,0,0,0,0,0,0,0,0,0,0,0,0,0,0,0,0,0
0,0,0,0,0,0,0,0,0,0,0,0,0,0,0,0,0,0,0,0,0,0
0,0,0,0,0,0,0,0,0,0,0,0,0,0,0,0,0,0,0,0,0,0
0,0,0,0,0,0,0,0,0,0,0,0,0,0,0,0,0,0,0,0,0,0
0,0,0,0,0,0,0,0,0,0,0,0,0,0,0,0,0,0,0,0,0,0
0,0,0,0,0,0,0,0,0,0,0,0,0,0,0,0,0,0,0,0,0,0
0,0,0,0,0,0,0,0,0,0,0,0,0,0,0,0,0,0,0,0,0,0
0,0,0,0,0,0,0,0,0,0,0,0,0,0,0,0,0,0,0,0,0,0
0,0,0,0,0,0,0,0,0,0,0,0,0,0,0,0,0,0,0,0,0,0
0,0,0,0.2348,0.021,0,0.0024,0.0012,0,0,0.0036,0.0036,0,0.0425,0.0037,0.006,0,0.0001,0.0492,0.0012,0,0
0,0,0,0.7736,0.0661,0.0574,0.1392,0.1798,0.0367,0,0.03,0.03,0.0276,0.26,0.0356,0.0799,0,0.2029,0.1908,0.0493,0.0025,0.1176
0.0242,0.0024,0.0024,1.2853,0.107,0.2629,0.5184,0.4992,0.2549,6.00E-04,0.0636,0.0636,0.1512,0.4356,0.0782,0.207,0.1977,1.0937,0.3542,0.1594,0.0806,0.4308
0.2807,0.2124,0.2124,1.6354,0.1441,0.4978,0.7608,0.7291,0.4838,0.0241,0.0816,0.0816,0.3264,0.5496,0.1194,0.3567,0.5337,1.9016,0.4697,0.3161,0.3738,0.666
0.5488,0.4992,0.4992,1.8354,0.1562,0.7382,0.8748,0.8738,0.6453,0.1255,0.0804,0.0804,0.5904,0.6489,0.16,0.4505,0.7534,2.4264,0.573,0.4758,0.6192,0.8124
0.7287,0.7056,0.7056,1.8986,0.1507,0.7911,0.9144,0.9467,0.6723,0.2835,0.0804,0.0804,0.558,0.6136,0.1636,0.4651,0.8829,2.6946,0.6307,0.6189,0.7763,0.8916
0.8241,0.8364,0.8364,1.8109,0.1163,0.8146,0.8832,0.9548,0.6408,0.4704,0.0696,0.0696,0.6288,0.5684,0.1417,0.438,0.9429,2.7606,0.6134,0.6032,0.859,0.912
0.8588,0.8904,0.8904,1.6031,0.0676,0.7502,0.78,0.898,0.613,0.5413,0.0432,0.0432,0.5604,0.4151,0.0987,0.3567,0.9405,2.6375,0.5322,0.5561,0.8802,0.87
0.8375,0.8844,0.8844,1.2657,0.0268,0.6038,0.6012,0.7759,0.5518,0.5809,0.018,0.018,0.396,0.2049,0.0454,0.2303,0.8745,2.3198,0.4045,0.4419,0.8433,0.7656
0.7501,0.8148,0.8148,0.7914,3.00E-04,0.3985,0.3432,0.5886,0.3738,0.5087,0.0012,0.0012,0.1992,0.0428,0.0085,0.0965,0.7508,1.7953,0.2299,0.2282,0.7431,0.6072
0.596,0.6792,0.6792,0.1377,0,0.1504,0.0132,0.3347,0.1635,0.3691,0,0,0.0264,4.00E-04,0,0.007,0.5528,1.0598,0.0161,0.0455,0.5782,0.3732
0.3771,0.4728,0.4728,0.0001,0,0.0023,0,0.0141,1.00E-04,0.1573,0,0,0,0,0,0,0.2523,0.1035,0,1.00E-04,0.3338,0.0468
0.0679,0.2124,0.2124,0,0,0,0,0,0,0.0406,0,0,0,0,0,0,0,0.0004,0,0,0.0407,0
0,0,0,0,0,0,0,0,0,0,0,0,0,0,0,0,0,0,0,0,0,0
0,0,0,0,0,0,0,0,0,0,0,0,0,0,0,0,0,0,0,0,0,0
0,0,0,0,0,0,0,0,0,0,0,0,0,0,0,0,0,0,0,0,0,0
0,0,0,0,0,0,0,0,0,0,0,0,0,0,0,0,0,0,0,0,0,0
0,0,0,0,0,0,0,0,0,0,0,0,0,0,0,0,0,0,0,0,0,0
0,0,0,0,0,0,0,0,0,0,0,0,0,0,0,0,0,0,0,0,0,0
0,0,0,0,0,0,0,0,0,0,0,0,0,0,0,0,0,0,0,0,0,0
0,0,0,0,0,0,0,0,0,0,0,0,0,0,0,0,0,0,0,0,0,0
0,0,0,0,0,0,0,0,0,0,0,0,0,0,0,0,0,0,0,0,0,0
0,0,0,0,0,0,0,0,0,0,0,0,0,0,0,0,0,0,0,0,0,0
0,0,0,0,0,0,0,0,0,0,0,0,0,0,0,0,0,0,0,0,0,0
0,0,0,0.3012,0.0174,0,0.0048,0.0018,0,0,0.0132,0.0132,0,0.0493,0.0162,0.016,0,0.0002,0.0756,0.0067,0,0
0,0,0,0.9377,0.0776,0.1068,0.2268,0.1972,0.0376,0,0.06,0.06,0.0576,0.2233,0.0898,0.1318,0,0.1764,0.398,0.131,0.0023,0.1116
0.0191,0,0,1.4219,0.126,0.3736,0.5628,0.5108,0.2378,0,0.1224,0.1224,0.2364,0.4573,0.2193,0.368,0.1831,1.0098,0.6913,0.3609,0.0277,0.4212
0.2584,0.1056,0.1056,1.7424,0.1515,0.6144,0.7632,0.7372,0.4658,0.0143,0.1872,0.1872,0.48,0.6689,0.3709,0.6459,0.5097,1.7605,0.8617,0.7282,0.2077,0.6588
0.4996,0.3084,0.3084,1.9211,0.1573,0.7654,0.8784,0.8783,0.699,0.1202,0.2448,0.2448,0.6444,0.7668,0.5445,0.8487,0.7423,2.2449,0.9481,0.8917,0.5257,0.8076
0.6716,0.552,0.552,1.9747,0.1655,0.8406,0.9192,0.9481,0.7421,0.296,0.3276,0.3276,0.7356,0.7986,0.6503,0.9255,0.8767,2.513,0.9685,0.9414,0.7143,0.888
0.7592,0.7224,0.7224,1.9012,0.1446,0.8529,0.8868,0.9553,0.7714,0.4484,0.4644,0.4644,0.792,0.8469,0.7125,0.8886,0.9401,2.5843,0.9277,0.926,0.8028,0.9096
0.7638,0.7812,0.7812,1.7004,0.0802,0.7985,0.7824,0.8984,0.7077,0.5224,0.4896,0.4896,0.7656,0.7652,0.6495,0.7689,0.9438,2.4484,0.8227,0.8407,0.8143,0.87
0.6754,0.7704,0.7704,1.363,0.0348,0.6582,0.5808,0.7774,0.5727,0.5129,0.3204,0.3204,0.6192,0.5672,0.451,0.57,0.8723,2.1232,0.6499,0.6836,0.7628,0.7716
0.5535,0.6684,0.6684,0.884,0.0042,0.4395,0.2808,0.5871,0.3842,0.4732,0.0792,0.0792,0.384,0.3146,0.1842,0.2977,0.7405,1.5956,0.4081,0.451,0.6213,0.612
0.4937,0.5496,0.5496,0.1639,0,0.1429,0.006,0.3294,0.1395,0.3545,0,0,0.0624,0.0016,0,0.0088,0.5394,0.8575,0.0324,0.1101,0.3655,0.3792
0.31,0.288,0.288,0.0001,0,9.00E-04,0,0.0133,4.00E-04,0.2041,0,0,0,0,0,0,0.2318,0.0373,0,1.00E-04,0.1349,0.0456
0.0508,0.072,0.072,0,0,0,0,0,0,0.0429,0,0,0,0,0,0,0,0,0,0,0.0081,0
0,0,0,0,0,0,0,0,0,0,0,0,0,0,0,0,0,0,0,0,0,0
0,0,0,0,0,0,0,0,0,0,0,0,0,0,0,0,0,0,0,0,0,0
0,0,0,0,0,0,0,0,0,0,0,0,0,0,0,0,0,0,0,0,0,0
0,0,0,0,0,0,0,0,0,0,0,0,0,0,0,0,0,0,0,0,0,0
0,0,0,0,0,0,0,0,0,0,0,0,0,0,0,0,0,0,0,0,0,0
0,0,0,0,0,0,0,0,0,0,0,0,0,0,0,0,0,0,0,0,0,0
0,0,0,0,0,0,0,0,0,0,0,0,0,0,0,0,0,0,0,0,0,0
0,0,0,0,0,0,0,0,0,0,0,0,0,0,0,0,0,0,0,0,0,0
0,0,0,0,0,0,0,0,0,0,0,0,0,0,0,0,0,0,0,0,0,0
0,0,0,0,0,0,0,0,0,0,0,0,0,0,0,0,0,0,0,0,0,0
0,0,0,0,0,0,0,0,0,0,0,0,0,0,0,0,0,0,0,0,0,0
0,0,0,0.2894,0.1837,0,0,6.00E-04,0,0,0.1584,0.1584,0,0.1482,0.1356,0.0822,0,0.0001,0.1095,0.011,0,0
0,0,0,0.903,0.509,0.0623,0.0564,0.1263,0.0142,0,0.4836,0.4836,0.048,0.477,0.4572,0.3735,0,0.0628,0.4407,0.2281,0.0022,0.1032
0,0,0,1.3663,0.7326,0.2641,0.2148,0.3515,0.0954,2.00E-04,0.7104,0.7104,0.2376,0.7159,0.6919,0.6358,0.0214,0.4576,0.6982,0.5315,0.0436,0.4056
0.0762,0.1632,0.1632,1.679,0.8639,0.5387,0.6,0.6014,0.1984,0.0141,0.8436,0.8436,0.5688,0.8676,0.8334,0.8056,0.1428,1.0374,0.8584,0.7273,0.2365,0.6444
0.3445,0.4872,0.4872,1.8498,0.9139,0.6991,0.78,0.7631,0.3281,0.09,0.9012,0.9012,0.6564,0.9413,0.8987,0.891,0.4733,1.5493,0.9418,0.8487,0.5018,0.7956
0.5005,0.6864,0.6864,1.8883,0.8931,0.6737,0.8316,0.8857,0.3795,0.2299,0.8892,0.8892,0.4176,0.9458,0.8944,0.9059,0.8524,1.9426,0.9604,0.8996,0.7213,0.8784
0.5997,0.7464,0.7464,1.8125,0.8031,0.6123,0.7968,0.9088,0.3908,0.3683,0.8208,0.8208,0.2664,0.8798,0.8293,0.8499,0.9309,1.9867,0.9173,0.8699,0.8229,0.9012
0.658,0.6684,0.6684,1.6139,0.6391,0.5749,0.6948,0.8465,0.3589,0.4463,0.6756,0.6756,0.3432,0.7446,0.6898,0.7268,0.9226,1.7648,0.8099,0.7221,0.8247,0.864
0.638,0.5652,0.5652,1.2802,0.3971,0.4752,0.5016,0.7359,0.2032,0.4536,0.4536,0.4536,0.2556,0.533,0.4712,0.5264,0.8363,1.515,0.6359,0.5112,0.763,0.768
0.5694,0.4608,0.4608,0.8077,0.0471,0.2408,0.2004,0.5556,0.0699,0.408,0.1188,0.1188,0.0384,0.27,0.1631,0.254,0.6802,1.0946,0.3906,0.2878,0.6801,0.6012
0.455,0.378,0.378,0.1315,0,0.066,0.0036,0.3034,0.0141,0.3002,0,0,0,0.0013,0,0.0076,0.4759,0.5896,0.0276,0.0666,0.5222,0.3624
0.2683,0.2832,0.2832,0.0001,0,5.00E-04,0,0.011,1.00E-04,0.1574,0,0,0,0,0,0,0.178,0.0565,0,1.00E-04,0.2874,0.0396
0.0448,0.168,0.168,0,0,0,0,0,0,0.0386,0,0,0,0,0,0,0,0.0002,0,0,0.0292,0
0,0,0,0,0,0,0,0,0,0,0,0,0,0,0,0,0,0,0,0,0,0
0,0,0,0,0,0,0,0,0,0,0,0,0,0,0,0,0,0,0,0,0,0
0,0,0,0,0,0,0,0,0,0,0,0,0,0,0,0,0,0,0,0,0,0
0,0,0,0,0,0,0,0,0,0,0,0,0,0,0,0,0,0,0,0,0,0
0,0,0,0,0,0,0,0,0,0,0,0,0,0,0,0,0,0,0,0,0,0
0,0,0,0,0,0,0,0,0,0,0,0,0,0,0,0,0,0,0,0,0,0
0,0,0,0,0,0,0,0,0,0,0,0,0,0,0,0,0,0,0,0,0,0
0,0,0,0,0,0,0,0,0,0,0,0,0,0,0,0,0,0,0,0,0,0
0,0,0,0,0,0,0,0,0,0,0,0,0,0,0,0,0,0,0,0,0,0
0,0,0,0,0,0,0,0,0,0,0,0,0,0,0,0,0,0,0,0,0,0
0,0,0,0,0,0,0,0,0,0,0,0,0,0,0,0,0,0,0,0,0,0
0,0,0,0.0806,0.103,0,0,6.00E-04,0,0,0.072,0.072,0,0.1283,0.0427,0.0179,0,0.0001,0.0934,0.0096,0,0
0,0,0,0.3741,0.4083,0.0702,0.0732,0.1369,0.016,0,0.3468,0.3468,0.0252,0.4496,0.2124,0.1235,0,0.0941,0.4048,0.252,9.00E-04,0.042
0.0091,0,0,0.8969,0.6789,0.259,0.1824,0.3617,0.1146,0,0.558,0.558,0.0744,0.6917,0.354,0.2687,0.1384,0.7336,0.6629,0.5472,0.0675,0.204
0.194,0.2052,0.2052,1.2434,0.8091,0.5181,0.3912,0.5365,0.313,0.0188,0.6516,0.6516,0.378,0.8423,0.4606,0.4144,0.4502,1.4183,0.8231,0.7447,0.3703,0.3336
0.4151,0.504,0.504,1.5499,0.8524,0.6688,0.6216,0.6235,0.4613,0.154,0.618,0.618,0.6576,0.9125,0.5439,0.5897,0.6568,1.7774,0.9065,0.8571,0.6293,0.3768
0.5784,0.7188,0.7188,1.4564,0.8283,0.7525,0.6228,0.6257,0.5575,0.3479,0.5892,0.5892,0.7788,0.9168,0.5753,0.662,0.6102,2.0347,0.9251,0.9016,0.8068,0.3972
0.6671,0.8244,0.8244,1.3543,0.7223,0.7511,0.5748,0.6446,0.6012,0.576,0.5076,0.5076,0.7776,0.8545,0.5076,0.6134,0.5084,1.997,0.8849,0.8836,0.9131,0.4068
0.684,0.8148,0.8148,1.1773,0.57,0.6462,0.2508,0.6041,0.5685,0.6573,0.372,0.372,0.6972,0.7238,0.3911,0.5099,0.4386,1.6327,0.7788,0.8018,0.9398,0.3912
0.6282,0.7692,0.7692,0.8374,0.3483,0.4832,0.0636,0.4698,0.4863,0.6438,0.2364,0.2364,0.5424,0.5179,0.2287,0.3154,0.4793,1.2194,0.6054,0.6534,0.9045,0.3072
0.444,0.7068,0.7068,0.4435,0.0331,0.2743,0.0288,0.2963,0.288,0.5903,0.0396,0.0396,0.3132,0.2552,0.0433,0.1247,0.2872,0.8324,0.3636,0.4332,0.7964,0.1764
0.3127,0.5904,0.5904,0.0512,0,0.0451,0,0.1234,0.061,0.4666,0,0,0.0372,0.001,0,0.0063,0.1349,0.3606,0.0222,0.0991,0.6025,0.078
0.1643,0.4236,0.4236,0.001,0,0,0,0.002,1.00E-04,0.2731,0,0,0,0,0,0,0.0322,0.0651,0,0.0015,0.3039,0.0048
0.0349,0.2244,0.2244,0,0,0,0,0,0,0.0463,0,0,0,0,0,0,0,0.0013,0,0,0.0303,0
0,0,0,0,0,0,0,0,0,0,0,0,0,0,0,0,0,0,0,0,0,0
0,0,0,0,0,0,0,0,0,0,0,0,0,0,0,0,0,0,0,0,0,0
0,0,0,0,0,0,0,0,0,0,0,0,0,0,0,0,0,0,0,0,0,0
0,0,0,0,0,0,0,0,0,0,0,0,0,0,0,0,0,0,0,0,0,0
0,0,0,0,0,0,0,0,0,0,0,0,0,0,0,0,0,0,0,0,0,0
0,0,0,0,0,0,0,0,0,0,0,0,0,0,0,0,0,0,0,0,0,0
0,0,0,0,0,0,0,0,0,0,0,0,0,0,0,0,0,0,0,0,0,0
0,0,0,0,0,0,0,0,0,0,0,0,0,0,0,0,0,0,0,0,0,0
0,0,0,0,0,0,0,0,0,0,0,0,0,0,0,0,0,0,0,0,0,0
0,0,0,0,0,0,0,0,0,0,0,0,0,0,0,0,0,0,0,0,0,0
0,0,0,0,0,0,0,0,0,0,0,0,0,0,0,0,0,0,0,0,0,0
0,0,0,0.0735,0.0734,0,0,0,0,0,0.0696,0.0696,0,0.1029,0.0404,0.0214,0,0,0.0637,0.0067,0,0
0,0,0,0.3297,0.3031,0.0361,0.1044,0.0593,0.0118,0,0.2772,0.2772,0.0708,0.4057,0.1816,0.1621,0,0.0199,0.3153,0.0964,6.00E-04,0.0264
0.0131,0.0012,0.0012,0.5363,0.4933,0.1828,0.2568,0.1814,0.078,4.00E-04,0.5196,0.5196,0.3612,0.673,0.4179,0.3786,0.1378,0.2886,0.5189,0.351,0.0759,0.1116
0.2796,0.2304,0.2304,0.7537,0.5275,0.3504,0.2964,0.2367,0.1762,0.0269,0.7296,0.7296,0.6108,0.822,0.7274,0.6295,0.513,0.9482,0.6583,0.649,0.3982,0.1992
0.5823,0.5388,0.5388,1.1517,0.6268,0.5363,0.3564,0.2516,0.2424,0.0843,0.84,0.84,0.7224,0.8934,0.8514,0.7155,0.7743,1.5678,0.7766,0.7733,0.664,0.27
0.7703,0.7512,0.7512,1.5998,0.6707,0.5844,0.3324,0.2773,0.3578,0.17,0.834,0.834,0.6732,0.8975,0.8514,0.7704,0.9096,1.8065,0.8135,0.7762,0.8298,0.3096
0.8457,0.882,0.882,1.6629,0.5913,0.5574,0.3048,0.2915,0.4661,0.2153,0.75,0.75,0.684,0.8318,0.7743,0.7041,0.9335,1.8471,0.7662,0.692,0.9161,0.2748
0.89,0.9384,0.9384,1.3964,0.4628,0.5084,0.366,0.3152,0.4025,0.2105,0.6048,0.6048,0.5496,0.7017,0.6361,0.66,0.805,1.8714,0.6457,0.5478,0.9414,0.2028
0.8763,0.9312,0.9312,1.0148,0.2616,0.4515,0.3396,0.3443,0.4049,0.1965,0.384,0.384,0.4956,0.5002,0.4221,0.4866,0.6566,1.736,0.5055,0.4117,0.9057,0.1524
0.7969,0.858,0.858,0.6451,0.0249,0.2627,0.12,0.2807,0.2097,0.1626,0.0816,0.0816,0.2328,0.2378,0.1186,0.1844,0.495,1.4153,0.2735,0.2273,0.8074,0.108
0.6146,0.7176,0.7176,0.0979,0,0.0851,0.0024,0.1314,0.1198,0.1185,0,0,0.0144,6.00E-04,0,0.001,0.3552,0.8184,0.0114,0.0285,0.6426,0.0624
0.384,0.504,0.504,0,0,5.00E-04,0,0.0014,6.00E-04,0.0574,0,0,0,0,0,0,0.1226,0.0768,0,0,0.4051,0.006
0.0678,0.2424,0.2424,0,0,0,0,0,0,0.0114,0,0,0,0,0,0,0,0.0162,0,0,0.068,0
0,0,0,0,0,0,0,0,0,0,0,0,0,0,0,0,0,0,0,0,0,0
0,0,0,0,0,0,0,0,0,0,0,0,0,0,0,0,0,0,0,0,0,0
0,0,0,0,0,0,0,0,0,0,0,0,0,0,0,0,0,0,0,0,0,0
0,0,0,0,0,0,0,0,0,0,0,0,0,0,0,0,0,0,0,0,0,0
0,0,0,0,0,0,0,0,0,0,0,0,0,0,0,0,0,0,0,0,0,0
0,0,0,0,0,0,0,0,0,0,0,0,0,0,0,0,0,0,0,0,0,0
0,0,0,0,0,0,0,0,0,0,0,0,0,0,0,0,0,0,0,0,0,0
0,0,0,0,0,0,0,0,0,0,0,0,0,0,0,0,0,0,0,0,0,0
0,0,0,0,0,0,0,0,0,0,0,0,0,0,0,0,0,0,0,0,0,0
0,0,0,0,0,0,0,0,0,0,0,0,0,0,0,0,0,0,0,0,0,0
0,0,0,0,0,0,0,0,0,0,0,0,0,0,0,0,0,0,0,0,0,0
0,0,0,0.2206,0.0825,0,0,0,0,0,0.0648,0.0648,0,0.0509,0.0493,0.0312,0,0,0.0375,0.0018,0,0
0,0,0,0.7857,0.3274,0.0742,0.006,0.0643,0.053,0,0.246,0.246,0.1044,0.2148,0.2407,0.1903,0,0.1391,0.2266,0.0326,0.0015,0.0708
0.0152,0,0,1.2386,0.5948,0.3785,0.0672,0.2399,0.2545,8.00E-04,0.4164,0.4164,0.5004,0.3831,0.4506,0.3802,0.1835,1.0058,0.4586,0.1009,0.0859,0.3672
0.295,0.2292,0.2292,1.5646,0.7673,0.6253,0.1548,0.3875,0.4659,0.0245,0.5832,0.5832,0.7584,0.4976,0.6223,0.5128,0.5507,1.8737,0.5021,0.1766,0.4185,0.6504
0.5843,0.5388,0.5388,1.7469,0.8241,0.8137,0.27,0.5159,0.6445,0.069,0.6888,0.6888,0.906,0.5468,0.7227,0.5742,0.7932,2.4398,0.492,0.2589,0.6778,0.8436
0.7691,0.75,0.75,1.7993,0.8009,0.9253,0.3588,0.5992,0.7321,0.1208,0.7116,0.7116,0.9672,0.5403,0.7375,0.5815,0.9384,2.7561,0.4341,0.3771,0.8203,0.9372
0.8602,0.8772,0.8772,1.7303,0.7109,0.9564,0.4068,0.6248,0.7428,0.169,0.6816,0.6816,0.9528,0.494,0.673,0.5204,1,2.8504,0.3176,0.4931,0.8831,0.9588
0.8819,0.9324,0.9324,1.5358,0.5428,0.8911,0.4056,0.5854,0.6335,0.2063,0.5544,0.5544,0.864,0.4032,0.5026,0.4045,1,2.7324,0.208,0.6767,0.9123,0.9204
0.8241,0.9216,0.9216,1.1326,0.2739,0.7361,0.3384,0.4936,0.4639,0.2045,0.2928,0.2928,0.672,0.2533,0.27,0.258,0.9323,2.411,0.1134,0.6411,0.8824,0.8196
0.6604,0.8484,0.8484,0.5137,0.0153,0.4485,0.21,0.3618,0.3125,0.1959,0.0384,0.0384,0.2496,0.0889,0.051,0.102,0.7918,1.8604,0.0396,0.4358,0.7855,0.6528
0.4689,0.7068,0.7068,0.052,0,0.152,0.0048,0.203,0.1273,0.1735,0,0,0.0168,0,0,0.0053,0.5805,1.0911,0,0.1001,0.6267,0.4152
0.2802,0.4932,0.4932,0,0,9.00E-04,0,0.0117,3.00E-04,0.1055,0,0,0,0,0,0,0.2248,0.0977,0,0,0.3964,0.0468
0.0529,0.234,0.234,0,0,0,0,0,0,0.0217,0,0,0,0,0,0,0,0,0,0,0.0512,0
0,0,0,0,0,0,0,0,0,0,0,0,0,0,0,0,0,0,0,0,0,0
0,0,0,0,0,0,0,0,0,0,0,0,0,0,0,0,0,0,0,0,0,0
0,0,0,0,0,0,0,0,0,0,0,0,0,0,0,0,0,0,0,0,0,0
0,0,0,0,0,0,0,0,0,0,0,0,0,0,0,0,0,0,0,0,0,0
0,0,0,0,0,0,0,0,0,0,0,0,0,0,0,0,0,0,0,0,0,0
0,0,0,0,0,0,0,0,0,0,0,0,0,0,0,0,0,0,0,0,0,0
0,0,0,0,0,0,0,0,0,0,0,0,0,0,0,0,0,0,0,0,0,0
0,0,0,0,0,0,0,0,0,0,0,0,0,0,0,0,0,0,0,0,0,0
0,0,0,0,0,0,0,0,0,0,0,0,0,0,0,0,0,0,0,0,0,0
0,0,0,0,0,0,0,0,0,0,0,0,0,0,0,0,0,0,0,0,0,0
0,0,0,0,0,0,0,0,0,0,0,0,0,0,0,0,0,0,0,0,0,0
0,0,0,0.1115,0.0119,0,0,6.00E-04,0,0,0.0012,0.0012,0,0.0047,0.0029,0.0061,0,0.0001,0.0089,0.0014,0,0
0,0,0,0.5273,0.0327,0.1384,0.174,0.179,0.063,0,0.03,0.03,0.156,0.0253,0.0441,0.1366,0,0.1272,0.0856,0.248,6.00E-04,0.0264
0.0107,0,0,1.0593,0.0612,0.4424,0.4428,0.4654,0.3697,4.00E-04,0.0768,0.0768,0.4992,0.0532,0.1195,0.3102,0.0654,0.8767,0.2327,0.5574,0.0727,0.156
0.2652,0.222,0.222,1.475,0.1153,0.6694,0.6744,0.6725,0.6457,0.0242,0.12,0.12,0.7356,0.1019,0.2348,0.4837,0.3148,1.6045,0.4243,0.7699,0.3947,0.294
0.568,0.528,0.528,1.6894,0.1552,0.8418,0.8388,0.7949,0.8189,0.0689,0.1728,0.1728,0.8844,0.1531,0.3717,0.6415,0.5862,2.0609,0.6097,0.9007,0.6599,0.3744
0.7616,0.7356,0.7356,1.6221,0.1524,0.9327,0.8412,0.8591,0.9013,0.1318,0.2616,0.2616,0.9504,0.1662,0.5082,0.747,0.7682,2.2134,0.6747,0.955,0.8238,0.45
0.8749,0.8628,0.8628,1.3493,0.1301,0.9235,0.786,0.7978,0.8946,0.1935,0.3144,0.3144,0.9432,0.1505,0.5756,0.7673,0.8782,2.2131,0.6482,0.9408,0.9096,0.5076
0.9219,0.9156,0.9156,0.8654,0.1069,0.8051,0.696,0.6553,0.7591,0.2531,0.3348,0.3348,0.8604,0.1121,0.5555,0.7033,0.9291,1.9277,0.5696,0.86,0.934,0.5232
0.8948,0.906,0.906,0.4338,0.0641,0.5694,0.5124,0.5088,0.5214,0.2759,0.258,0.258,0.702,0.0685,0.4081,0.5311,0.8986,1.2825,0.4126,0.7046,0.8942,0.4572
0.7907,0.8352,0.8352,0.1221,0.0078,0.338,0.1944,0.3085,0.306,0.2563,0.0552,0.0552,0.4632,0.0248,0.1368,0.2563,0.7555,0.744,0.219,0.4716,0.7894,0.222
0.5764,0.6996,0.6996,0.0088,0,0.0574,0.0012,0.1343,0.0842,0.1966,0,0,0.0696,8.00E-04,0,0.0081,0.5235,0.3706,0.0091,0.1034,0.6197,0.0708
0.3269,0.4932,0.4932,0,0,0,0,0.0017,4.00E-04,0.1183,0,0,0,0,0,0,0.1793,0.0715,0,0,0.3831,0.0036
0.0501,0.1836,0.1836,0,0,0,0,0,0,0.0349,0,0,0,0,0,0,0,0,0,0,0.0396,0
0,0,0,0,0,0,0,0,0,0,0,0,0,0,0,0,0,0,0,0,0,0
0,0,0,0,0,0,0,0,0,0,0,0,0,0,0,0,0,0,0,0,0,0
0,0,0,0,0,0,0,0,0,0,0,0,0,0,0,0,0,0,0,0,0,0
0,0,0,0,0,0,0,0,0,0,0,0,0,0,0,0,0,0,0,0,0,0
0,0,0,0,0,0,0,0,0,0,0,0,0,0,0,0,0,0,0,0,0,0
0,0,0,0,0,0,0,0,0,0,0,0,0,0,0,0,0,0,0,0,0,0
0,0,0,0,0,0,0,0,0,0,0,0,0,0,0,0,0,0,0,0,0,0
0,0,0,0,0,0,0,0,0,0,0,0,0,0,0,0,0,0,0,0,0,0
0,0,0,0,0,0,0,0,0,0,0,0,0,0,0,0,0,0,0,0,0,0
0,0,0,0,0,0,0,0,0,0,0,0,0,0,0,0,0,0,0,0,0,0
0,0,0,0,0,0,0,0,0,0,0,0,0,0,0,0,0,0,0,0,0,0
0,0,0,0.2111,0.1601,0,0,0,0,0,0.1248,0.1248,0,0.0899,0.1144,0.0716,0,0,0.0278,0.0042,0,0
0,0,0,0.6899,0.4969,0.046,0.2112,0.1024,0.0166,0,0.4644,0.4644,0.0324,0.3551,0.452,0.361,0,0.1071,0.1668,0.0733,7.00E-04,0.0336
0.008,0,0,0.8938,0.7284,0.2294,0.4788,0.3466,0.1775,0,0.7116,0.7116,0.1296,0.5585,0.7059,0.612,0.0144,0.9486,0.318,0.2218,0.0711,0.2496
0.237,0.1212,0.1212,0.7854,0.8671,0.3906,0.5616,0.6445,0.4015,0.008,0.8664,0.8664,0.2184,0.6831,0.8646,0.749,0.0957,1.8337,0.451,0.3163,0.3835,0.576
0.5128,0.3012,0.3012,0.7267,0.925,0.5036,0.5772,0.8757,0.5152,0.0664,0.936,0.936,0.3084,0.7611,0.9403,0.7968,0.2352,2.3894,0.5166,0.324,0.6355,0.8352
0.6968,0.3936,0.3936,0.9295,0.9118,0.5536,0.4476,0.959,0.5289,0.1362,0.9324,0.9324,0.3444,0.7525,0.9416,0.8031,0.4243,2.6526,0.5469,0.3156,0.7783,0.93
0.7897,0.4692,0.4692,1.3589,0.8258,0.5538,0.3444,0.9671,0.5331,0.1958,0.858,0.858,0.3648,0.6946,0.8743,0.7567,0.6559,2.7511,0.564,0.2882,0.8612,0.9516
0.8097,0.504,0.504,1.4075,0.6644,0.5376,0.2244,0.9088,0.5034,0.2589,0.7104,0.7104,0.4152,0.5491,0.7327,0.6175,0.814,2.6226,0.3986,0.238,0.8385,0.9084
0.7544,0.438,0.438,1.0401,0.4216,0.4665,0.1236,0.7851,0.4158,0.3343,0.4824,0.4824,0.3612,0.3442,0.5116,0.4238,0.7894,2.2976,0.1664,0.1942,0.7316,0.8004
0.6607,0.3768,0.3768,0.4829,0.0412,0.3035,0.0432,0.5906,0.2723,0.3624,0.1116,0.1116,0.1764,0.1091,0.1574,0.1535,0.6666,1.7445,0.044,0.0962,0.5564,0.6288
0.5202,0.2628,0.2628,0.0426,0,0.1219,0,0.3248,0.0975,0.3218,0,0,0.0216,0,0,3.00E-04,0.4182,0.9737,0,0.0158,0.2869,0.3804
0.3018,0.1248,0.1248,0,0,0.0014,0,0.0107,3.00E-04,0.1913,0,0,0,0,0,0,0.1001,0.0894,0,0,0.1498,0.0336
0.03,0.0192,0.0192,0,0,0,0,0,0,0.0507,0,0,0,0,0,0,0,0,0,0,0.0066,0
0,0,0,0,0,0,0,0,0,0,0,0,0,0,0,0,0,0,0,0,0,0
0,0,0,0,0,0,0,0,0,0,0,0,0,0,0,0,0,0,0,0,0,0
0,0,0,0,0,0,0,0,0,0,0,0,0,0,0,0,0,0,0,0,0,0
0,0,0,0,0,0,0,0,0,0,0,0,0,0,0,0,0,0,0,0,0,0
0,0,0,0,0,0,0,0,0,0,0,0,0,0,0,0,0,0,0,0,0,0
0,0,0,0,0,0,0,0,0,0,0,0,0,0,0,0,0,0,0,0,0,0
0,0,0,0,0,0,0,0,0,0,0,0,0,0,0,0,0,0,0,0,0,0
0,0,0,0,0,0,0,0,0,0,0,0,0,0,0,0,0,0,0,0,0,0
0,0,0,0,0,0,0,0,0,0,0,0,0,0,0,0,0,0,0,0,0,0
0,0,0,0,0,0,0,0,0,0,0,0,0,0,0,0,0,0,0,0,0,0
0,0,0,0,0,0,0,0,0,0,0,0,0,0,0,0,0,0,0,0,0,0
0,0,0,0.2396,0.0821,0,0,0,0,0,0.0396,0.0396,0,0.0062,0.0256,0.0105,0,0,0.0096,8.00E-04,0,0
0,0,0,0.8353,0.3071,0.0448,0.1428,0.1662,0.0117,0,0.228,0.228,0.0144,0.0439,0.1582,0.144,0,0.082,0.0671,0.1539,0.0022,0.1056
0.0049,0,0,1.2975,0.5334,0.1339,0.4104,0.4963,0.1346,6.00E-04,0.5148,0.5148,0.1032,0.1149,0.3736,0.3576,0.1,0.4696,0.0914,0.4451,0.0171,0.4296
0.1907,0.0408,0.0408,1.5997,0.7171,0.2446,0.6696,0.7413,0.309,0.0288,0.6144,0.6144,0.27,0.1898,0.5229,0.5515,0.4079,1.0084,0.1049,0.6492,0.0843,0.69
0.4724,0.15,0.15,1.7641,0.7456,0.4419,0.7356,0.8828,0.5517,0.2445,0.7068,0.7068,0.6552,0.2518,0.6077,0.6242,0.6602,1.5698,0.1992,0.7163,0.1907,0.8268
0.6678,0.3012,0.3012,1.8059,0.6347,0.547,0.588,0.9435,0.7373,0.5247,0.8412,0.8412,0.8472,0.2037,0.6775,0.6269,0.7822,1.9425,0.3069,0.7935,0.299,0.8652
0.7812,0.4116,0.4116,1.7158,0.4721,0.5437,0.3264,0.9607,0.8101,0.7019,0.7188,0.7188,0.8244,0.163,0.5593,0.5491,0.893,2.0808,0.4693,0.8281,0.3526,0.9312
0.8315,0.4032,0.4032,1.5031,0.2845,0.4733,0.2184,0.9045,0.7726,0.7853,0.3072,0.3072,0.7212,0.1774,0.2779,0.3937,0.8904,1.9692,0.5747,0.7847,0.3931,0.9072
0.8029,0.3744,0.3744,1.1395,0.1131,0.3775,0.15,0.7755,0.6391,0.7871,0.1272,0.1272,0.5916,0.1373,0.1352,0.1864,0.8256,1.6934,0.4551,0.6105,0.3387,0.7956
0.635,0.3312,0.3312,0.6198,0.0057,0.225,0.1104,0.5655,0.4363,0.6706,0.012,0.012,0.3576,0.0437,0.0273,0.0648,0.7186,1.2513,0.2327,0.338,0.2309,0.618
0.4316,0.264,0.264,0.0679,0,0.0352,0.0012,0.2331,0.1351,0.4926,0,0,0.0336,5.00E-04,0,0.0015,0.5176,0.6575,0.0072,0.0436,0.1271,0.3732
0.2205,0.1884,0.1884,0,0,0,0,0.008,6.00E-04,0.3313,0,0,0,0,0,0,0.1684,0.0369,0,0,0.0514,0.0312
0.0113,0.0588,0.0588,0,0,0,0,0,0,0.0336,0,0,0,0,0,0,0,0,0,0,0.0037,0
0,0,0,0,0,0,0,0,0,0,0,0,0,0,0,0,0,0,0,0,0,0
0,0,0,0,0,0,0,0,0,0,0,0,0,0,0,0,0,0,0,0,0,0
0,0,0,0,0,0,0,0,0,0,0,0,0,0,0,0,0,0,0,0,0,0
0,0,0,0,0,0,0,0,0,0,0,0,0,0,0,0,0,0,0,0,0,0
0,0,0,0,0,0,0,0,0,0,0,0,0,0,0,0,0,0,0,0,0,0
0,0,0,0,0,0,0,0,0,0,0,0,0,0,0,0,0,0,0,0,0,0
0,0,0,0,0,0,0,0,0,0,0,0,0,0,0,0,0,0,0,0,0,0
0,0,0,0,0,0,0,0,0,0,0,0,0,0,0,0,0,0,0,0,0,0
0,0,0,0,0,0,0,0,0,0,0,0,0,0,0,0,0,0,0,0,0,0
0,0,0,0,0,0,0,0,0,0,0,0,0,0,0,0,0,0,0,0,0,0
0,0,0,0,0,0,0,0,0,0,0,0,0,0,0,0,0,0,0,0,0,0
0,0,0,0.2158,0.0156,0,0,0,0,0,0.006,0.006,0,0.029,0.007,0.0066,0,0,0.0229,0.0026,0,0
0,0,0,0.7994,0.0772,0.1027,0.1944,0.1592,0.0314,0,0.0552,0.0552,0.1128,0.1931,0.0626,0.1113,0,0.1191,0.1853,0.1891,0.0022,0.1068
0.0018,0,0,1.2603,0.1713,0.4017,0.5076,0.4912,0.2893,2.00E-04,0.1212,0.1212,0.438,0.3924,0.142,0.2942,0.1628,0.9461,0.3958,0.5042,0.0285,0.4392
0.107,0.0756,0.0756,1.562,0.3066,0.66,0.7152,0.7304,0.5371,0.0111,0.18,0.18,0.672,0.528,0.2283,0.4526,0.5106,1.7939,0.583,0.7475,0.1847,0.6984
0.3126,0.2712,0.2712,1.7216,0.4529,0.8273,0.828,0.876,0.6999,0.0591,0.2484,0.2484,0.8148,0.624,0.3451,0.5894,0.7424,2.3659,0.6272,0.8846,0.4338,0.8616
0.5389,0.54,0.54,1.7492,0.452,0.8931,0.8676,0.9485,0.8077,0.128,0.2376,0.2376,0.8736,0.6707,0.4278,0.7016,0.8755,2.6287,0.6278,0.9357,0.7081,0.948
0.6438,0.7644,0.7644,1.5167,0.3075,0.8848,0.8304,0.9554,0.8305,0.1973,0.198,0.198,0.8496,0.6448,0.4513,0.7367,0.9288,2.6919,0.5767,0.9141,0.7968,0.9672
0.6924,0.816,0.816,1.0693,0.1739,0.8129,0.7236,0.8977,0.7374,0.2247,0.1632,0.1632,0.7656,0.5354,0.4041,0.6589,0.9178,2.5594,0.4905,0.8268,0.8178,0.924
0.6558,0.786,0.786,0.5278,0.0639,0.6665,0.5364,0.7731,0.572,0.2417,0.1152,0.1152,0.6024,0.3627,0.2807,0.4836,0.8636,2.2343,0.3482,0.6678,0.7845,0.8172
0.5115,0.7092,0.7092,0.1816,0.0024,0.4201,0.264,0.5773,0.3503,0.2332,0.0204,0.0204,0.3324,0.142,0.0918,0.2193,0.7385,1.6859,0.1629,0.4213,0.7088,0.642
0.3442,0.588,0.588,0.0168,0,0.1238,0.0012,0.3127,0.114,0.1746,0,0,0.0276,4.00E-04,0,0.0042,0.5405,0.9455,0.0043,0.0773,0.5554,0.3972
0.2218,0.3768,0.3768,0,0,0,0,0.0175,1.00E-04,0.0969,0,0,0,0,0,0,0.1786,0.0725,0,0,0.3212,0.036
0.0315,0.102,0.102,0,0,0,0,0,0,0.0114,0,0,0,0,0,0,0,0,0,0,0.0282,0
0,0,0,0,0,0,0,0,0,0,0,0,0,0,0,0,0,0,0,0,0,0
0,0,0,0,0,0,0,0,0,0,0,0,0,0,0,0,0,0,0,0,0,0
0,0,0,0,0,0,0,0,0,0,0,0,0,0,0,0,0,0,0,0,0,0
0,0,0,0,0,0,0,0,0,0,0,0,0,0,0,0,0,0,0,0,0,0
0,0,0,0,0,0,0,0,0,0,0,0,0,0,0,0,0,0,0,0,0,0
0,0,0,0,0,0,0,0,0,0,0,0,0,0,0,0,0,0,0,0,0,0
0,0,0,0,0,0,0,0,0,0,0,0,0,0,0,0,0,0,0,0,0,0
0,0,0,0,0,0,0,0,0,0,0,0,0,0,0,0,0,0,0,0,0,0
0,0,0,0,0,0,0,0,0,0,0,0,0,0,0,0,0,0,0,0,0,0
0,0,0,0,0,0,0,0,0,0,0,0,0,0,0,0,0,0,0,0,0,0
0,0,0,0,0,0,0,0,0,0,0,0,0,0,0,0,0,0,0,0,0,0
0,0,0,0.1281,0.1153,0,0,0,0,0,0.1128,0.1128,0,0.0955,0.1008,0.0594,0,0,0.037,0.0058,0,0
0,0,0,0.6499,0.45,0.0618,0.1308,0.1628,0.0228,0,0.4392,0.4392,0.0732,0.4094,0.4276,0.3136,0,0.1064,0.242,0.1758,0.0018,0.0852
4.00E-04,0,0,1.1486,0.6935,0.342,0.4152,0.4733,0.1667,2.00E-04,0.684,0.684,0.3528,0.6615,0.6796,0.6138,0.061,0.8488,0.4364,0.5161,0.0438,0.342
0.1171,0.066,0.066,1.4526,0.8382,0.6374,0.678,0.7024,0.4059,0.0166,0.8328,0.8328,0.6,0.8208,0.8332,0.813,0.2719,1.693,0.5684,0.7691,0.2052,0.5652
0.4075,0.2256,0.2256,1.5648,0.897,0.7849,0.798,0.8639,0.5678,0.0734,0.9012,0.9012,0.7548,0.8915,0.9059,0.9016,0.503,2.2338,0.6224,0.8881,0.4111,0.7992
0.6031,0.4596,0.4596,1.5448,0.8824,0.8508,0.8316,0.9436,0.6598,0.1376,0.8976,0.8976,0.828,0.8503,0.9061,0.9133,0.6824,2.4822,0.6274,0.9304,0.5838,0.9228
0.7178,0.57,0.57,1.4404,0.7933,0.8508,0.786,0.9525,0.6708,0.1595,0.8172,0.8172,0.8436,0.6961,0.833,0.8543,0.7982,2.4962,0.5889,0.9085,0.703,0.9504
0.7338,0.6348,0.6348,1.2752,0.6277,0.7778,0.6816,0.8968,0.6036,0.1512,0.6672,0.6672,0.7776,0.4121,0.6903,0.7242,0.846,2.3513,0.4917,0.8174,0.7584,0.9108
0.6461,0.552,0.552,0.9093,0.3782,0.631,0.504,0.7747,0.4689,0.1204,0.4368,0.4368,0.6216,0.1636,0.4661,0.5209,0.7915,2.0031,0.3208,0.6552,0.7619,0.8064
0.5248,0.3828,0.3828,0.5108,0.0259,0.4085,0.2496,0.5806,0.2597,0.1132,0.0804,0.0804,0.3612,0.0389,0.1284,0.2345,0.6277,1.4374,0.1376,0.4228,0.633,0.6336
0.3747,0.2436,0.2436,0.0518,0,0.1057,0.0012,0.318,0.0452,0.0906,0,0,0.0252,3.00E-04,0,0.0055,0.3515,0.7729,0.003,0.0778,0.4579,0.39
0.2071,0.1752,0.1752,0,0,0,0,0.0077,4.00E-04,0.0473,0,0,0,0,0,0,0.0696,0.0632,0,0,0.2827,0.0324
0.0265,0.0372,0.0372,0,0,0,0,0,0,0.0037,0,0,0,0,0,0,0,0,0,0,0.0244,0
0,0,0,0,0,0,0,0,0,0,0,0,0,0,0,0,0,0,0,0,0,0
0,0,0,0,0,0,0,0,0,0,0,0,0,0,0,0,0,0,0,0,0,0
0,0,0,0,0,0,0,0,0,0,0,0,0,0,0,0,0,0,0,0,0,0
0,0,0,0,0,0,0,0,0,0,0,0,0,0,0,0,0,0,0,0,0,0
0,0,0,0,0,0,0,0,0,0,0,0,0,0,0,0,0,0,0,0,0,0
0,0,0,0,0,0,0,0,0,0,0,0,0,0,0,0,0,0,0,0,0,0
0,0,0,0,0,0,0,0,0,0,0,0,0,0,0,0,0,0,0,0,0,0
0,0,0,0,0,0,0,0,0,0,0,0,0,0,0,0,0,0,0,0,0,0
0,0,0,0,0,0,0,0,0,0,0,0,0,0,0,0,0,0,0,0,0,0
0,0,0,0,0,0,0,0,0,0,0,0,0,0,0,0,0,0,0,0,0,0
0,0,0,0,0,0,0,0,0,0,0,0,0,0,0,0,0,0,0,0,0,0
0,0,0,0.1281,0.1072,0,0,0,0,0,0.0648,0.0648,0,0.0103,0.0424,0.0169,0,0,0.0036,3.00E-04,0,0
0,0,0,0.6213,0.4445,0.0857,0.0348,0.1668,0.013,0,0.3372,0.3372,0.0684,0.0704,0.2549,0.1719,0,0.0978,0.0526,0.1717,0.0022,0.1032
7.00E-04,0,0,1.1699,0.6964,0.3939,0.1224,0.4888,0.197,0,0.6204,0.6204,0.3864,0.1285,0.4912,0.3964,0.1275,0.6847,0.1192,0.4948,0.0482,0.426
0.1259,0.1032,0.1032,1.4812,0.8355,0.6563,0.3948,0.7265,0.4833,0.0077,0.7524,0.7524,0.6708,0.1974,0.6372,0.5673,0.4599,1.3745,0.1629,0.7148,0.3048,0.684
0.3576,0.3624,0.3624,1.655,0.8936,0.7981,0.648,0.8666,0.634,0.0462,0.8232,0.8232,0.8112,0.2934,0.7074,0.6503,0.7017,1.8988,0.1926,0.8274,0.5748,0.8364
0.5684,0.6708,0.6708,1.685,0.8793,0.864,0.7452,0.929,0.6948,0.1088,0.822,0.822,0.8664,0.3832,0.6883,0.6566,0.8446,2.1602,0.1771,0.8713,0.7495,0.9156
0.6739,0.81,0.81,1.5806,0.7938,0.8641,0.7824,0.9369,0.6805,0.1497,0.7128,0.7128,0.8532,0.4126,0.5544,0.5699,0.9117,2.1902,0.1471,0.8518,0.8389,0.9264
0.6888,0.87,0.87,1.4011,0.6258,0.769,0.732,0.8732,0.5745,0.1759,0.4416,0.4416,0.7452,0.3419,0.3607,0.4659,0.9007,1.9753,0.1169,0.766,0.8655,0.8532
0.6598,0.8628,0.8628,1.0969,0.3508,0.5912,0.5532,0.7436,0.351,0.1651,0.1932,0.1932,0.5076,0.1813,0.1564,0.3019,0.819,1.5965,0.074,0.6143,0.8298,0.7188
0.5574,0.7884,0.7884,0.6036,0.0173,0.3429,0.2784,0.5423,0.142,0.1249,0.018,0.018,0.1824,0.0438,0.0204,0.1408,0.6621,1.1002,0.0271,0.3979,0.726,0.5328
0.4416,0.6432,0.6432,0.0616,0,0.0926,0.0012,0.2936,0.0198,0.0883,0,0,0.0084,0,0,0.0039,0.4568,0.5214,0,0.0737,0.5577,0.3576
0.2662,0.4212,0.4212,0,0,0,0,0.0068,1.00E-04,0.0411,0,0,0,0,0,0,0.1231,0.0698,0,0,0.3136,0.0288
0.0355,0.156,0.156,0,0,0,0,0,0,0.0081,0,0,0,0,0,0,0,0,0,0,0.0257,0
0,0,0,0,0,0,0,0,0,0,0,0,0,0,0,0,0,0,0,0,0,0
0,0,0,0,0,0,0,0,0,0,0,0,0,0,0,0,0,0,0,0,0,0
0,0,0,0,0,0,0,0,0,0,0,0,0,0,0,0,0,0,0,0,0,0
0,0,0,0,0,0,0,0,0,0,0,0,0,0,0,0,0,0,0,0,0,0
0,0,0,0,0,0,0,0,0,0,0,0,0,0,0,0,0,0,0,0,0,0
0,0,0,0,0,0,0,0,0,0,0,0,0,0,0,0,0,0,0,0,0,0
0,0,0,0,0,0,0,0,0,0,0,0,0,0,0,0,0,0,0,0,0,0
0,0,0,0,0,0,0,0,0,0,0,0,0,0,0,0,0,0,0,0,0,0
0,0,0,0,0,0,0,0,0,0,0,0,0,0,0,0,0,0,0,0,0,0
0,0,0,0,0,0,0,0,0,0,0,0,0,0,0,0,0,0,0,0,0,0
0,0,0,0,0,0,0,0,0,0,0,0,0,0,0,0,0,0,0,0,0,0
0,0,0,0.2348,0.1068,0,0,0,0,0,0.042,0.042,0,0.0056,0.0371,0.0139,0,0,0.0198,0.0014,0,0
0,0,0,0.8627,0.3624,0.0205,0.0192,0.1231,0.0116,0,0.2568,0.2568,0.0216,0.0479,0.2458,0.1249,0,0.0633,0.1748,0.0534,0.0016,0.0768
0.0011,0,0,1.3544,0.5796,0.1556,0.0804,0.4387,0.1286,2.00E-04,0.3864,0.3864,0.096,0.1099,0.4859,0.3449,0.1383,0.6918,0.3588,0.1474,0.0598,0.3684
0.197,0.1164,0.1164,1.6703,0.6845,0.3886,0.168,0.667,0.2402,0.0194,0.4488,0.4488,0.078,0.2026,0.6084,0.5273,0.4798,1.5384,0.5503,0.2614,0.3344,0.624
0.5048,0.3564,0.3564,1.844,0.6864,0.5293,0.2424,0.7957,0.3236,0.0752,0.4812,0.4812,0.1284,0.3397,0.6531,0.6505,0.7158,2.1126,0.6896,0.4364,0.5948,0.7752
0.7055,0.6804,0.6804,1.8904,0.6865,0.6344,0.3264,0.8392,0.4307,0.1374,0.4788,0.4788,0.3624,0.4743,0.6448,0.6123,0.8,2.3896,0.7606,0.6095,0.7662,0.8616
0.8065,0.8148,0.8148,1.8169,0.601,0.6348,0.4224,0.808,0.4805,0.1905,0.4248,0.4248,0.438,0.4692,0.5921,0.539,0.7879,2.4429,0.7155,0.6587,0.8521,0.8628
0.8325,0.8748,0.8748,1.6208,0.4323,0.5052,0.3228,0.7269,0.5484,0.2268,0.324,0.324,0.2952,0.345,0.4818,0.4607,0.7506,2.3353,0.5923,0.6163,0.8834,0.828
0.7859,0.8676,0.8676,1.2928,0.2277,0.376,0.1524,0.6165,0.4726,0.2117,0.216,0.216,0.222,0.1859,0.3211,0.3247,0.711,2.0457,0.4136,0.4744,0.8489,0.7368
0.6987,0.7944,0.7944,0.8161,0.0104,0.2388,0.0468,0.4399,0.2911,0.1695,0.0276,0.0276,0.1248,0.0517,0.0738,0.102,0.6057,1.5093,0.1871,0.2315,0.7542,0.57
0.5463,0.6528,0.6528,0.1056,0,0.0893,0,0.2115,0.0721,0.0686,0,0,0.006,2.00E-04,0,1.00E-04,0.4739,0.7814,0.0018,0.0301,0.5855,0.3204
0.313,0.4368,0.4368,0,0,0,0,0.0046,3.00E-04,0.0365,0,0,0,0,0,0,0.1373,0.0769,0,0,0.3445,0.0192
0.0334,0.1608,0.1608,0,0,0,0,0,0,0.0072,0,0,0,0,0,0,0,0,0,0,0.0288,0
0,0,0,0,0,0,0,0,0,0,0,0,0,0,0,0,0,0,0,0,0,0
0,0,0,0,0,0,0,0,0,0,0,0,0,0,0,0,0,0,0,0,0,0
0,0,0,0,0,0,0,0,0,0,0,0,0,0,0,0,0,0,0,0,0,0
0,0,0,0,0,0,0,0,0,0,0,0,0,0,0,0,0,0,0,0,0,0
0,0,0,0,0,0,0,0,0,0,0,0,0,0,0,0,0,0,0,0,0,0
0,0,0,0,0,0,0,0,0,0,0,0,0,0,0,0,0,0,0,0,0,0
0,0,0,0,0,0,0,0,0,0,0,0,0,0,0,0,0,0,0,0,0,0
0,0,0,0,0,0,0,0,0,0,0,0,0,0,0,0,0,0,0,0,0,0
0,0,0,0,0,0,0,0,0,0,0,0,0,0,0,0,0,0,0,0,0,0
0,0,0,0,0,0,0,0,0,0,0,0,0,0,0,0,0,0,0,0,0,0
0,0,0,0,0,0,0,0,0,0,0,0,0,0,0,0,0,0,0,0,0,0
0,0,0,0.1423,0.0863,0,0,0,0,0,0.0228,0.0228,0,0.0356,0.0192,0.0141,0,0,0.0119,9.00E-04,0,0
0,0,0,0.6433,0.3649,0.0406,0.0324,0.1232,0.0027,0,0.1152,0.1152,0.0048,0.182,0.1154,0.1238,0,0.0667,0.0937,0.1253,0.0015,0.0708
0.0015,0,0,1.0086,0.5667,0.2013,0.1116,0.4151,0.0844,0,0.222,0.222,0.0552,0.316,0.2376,0.2655,0.14,0.6553,0.1933,0.3842,0.0675,0.3552
0.1946,0.1716,0.1716,1.3358,0.6674,0.4282,0.2184,0.6556,0.3331,0.0099,0.4056,0.4056,0.1584,0.4017,0.4113,0.4263,0.4855,1.5492,0.3311,0.6194,0.3569,0.6024
0.4511,0.4716,0.4716,1.3503,0.6772,0.5628,0.3336,0.7997,0.6095,0.0952,0.5688,0.5688,0.2796,0.4388,0.5647,0.5675,0.7244,2.2962,0.4975,0.7359,0.6169,0.7632
0.6464,0.6828,0.6828,1.3071,0.643,0.6445,0.4092,0.8734,0.7032,0.2063,0.5604,0.5604,0.372,0.4632,0.5325,0.5538,0.8625,2.5962,0.6884,0.786,0.7801,0.8496
0.7591,0.8136,0.8136,1.1497,0.5332,0.5919,0.4296,0.8832,0.7081,0.2168,0.3492,0.3492,0.2976,0.3062,0.3396,0.4433,0.9273,2.6707,0.7052,0.7064,0.8664,0.8676
0.8079,0.87,0.87,0.9236,0.3263,0.4814,0.4236,0.8291,0.6385,0.2312,0.1884,0.1884,0.1908,0.1561,0.186,0.3149,0.926,2.5444,0.6377,0.5735,0.8901,0.8244
0.7885,0.8628,0.8628,0.6463,0.1475,0.3649,0.2964,0.709,0.5179,0.1806,0.0936,0.0936,0.0984,0.068,0.0845,0.1955,0.8612,2.2078,0.4979,0.3598,0.8521,0.714
0.6786,0.7932,0.7932,0.327,0.0057,0.2382,0.1128,0.5167,0.3062,0.1672,0.0084,0.0084,0.0432,0.0189,0.0109,0.0805,0.7291,1.6531,0.2316,0.1469,0.7464,0.5376
0.4981,0.6528,0.6528,0.0282,0,0.1025,0,0.2465,0.083,0.1393,0,0,0.0012,3.00E-04,0,5.00E-04,0.5262,0.8844,0.0036,0.0171,0.5684,0.264
0.2694,0.438,0.438,0,0,0,0,0.0037,0,0.117,0,0,0,0,0,0,0.1481,0.0791,0,0,0.3207,0.0156
0.032,0.156,0.156,0,0,0,0,0,0,0.0136,0,0,0,0,0,0,0,0,0,0,0.0267,0
0,0,0,0,0,0,0,0,0,0,0,0,0,0,0,0,0,0,0,0,0,0
0,0,0,0,0,0,0,0,0,0,0,0,0,0,0,0,0,0,0,0,0,0
0,0,0,0,0,0,0,0,0,0,0,0,0,0,0,0,0,0,0,0,0,0
0,0,0,0,0,0,0,0,0,0,0,0,0,0,0,0,0,0,0,0,0,0
0,0,0,0,0,0,0,0,0,0,0,0,0,0,0,0,0,0,0,0,0,0
0,0,0,0,0,0,0,0,0,0,0,0,0,0,0,0,0,0,0,0,0,0
0,0,0,0,0,0,0,0,0,0,0,0,0,0,0,0,0,0,0,0,0,0
0,0,0,0,0,0,0,0,0,0,0,0,0,0,0,0,0,0,0,0,0,0
0,0,0,0,0,0,0,0,0,0,0,0,0,0,0,0,0,0,0,0,0,0
0,0,0,0,0,0,0,0,0,0,0,0,0,0,0,0,0,0,0,0,0,0
0,0,0,0,0,0,0,0,0,0,0,0,0,0,0,0,0,0,0,0,0,0
0,0,0,0.1921,0.0125,0,0,0,0,0,0.0624,0.0624,0,0.0212,0.0609,0.0366,0,0,0.028,0.0013,0,0
0,0,0,0.817,0.0979,0.0406,0.1152,0.1319,0.0069,0,0.36,0.36,0.006,0.1338,0.3482,0.2783,0,0.0805,0.2701,0.1048,0.0019,0.0912
0.0015,0,0,1.3086,0.2469,0.2079,0.3936,0.4215,0.1483,0,0.6444,0.6444,0.0444,0.3155,0.6291,0.5566,0.147,0.8093,0.5958,0.3923,0.0427,0.3996
0.2208,0.138,0.138,1.6248,0.3643,0.4182,0.6312,0.6842,0.3773,0.0147,0.816,0.816,0.0816,0.4769,0.8018,0.7412,0.4938,1.698,0.7899,0.6578,0.2899,0.6456
0.5045,0.4584,0.4584,1.7962,0.4264,0.5656,0.7344,0.8256,0.454,0.0759,0.8916,0.8916,0.1464,0.6638,0.8816,0.8419,0.7291,2.1885,0.8796,0.7938,0.5607,0.7956
0.7012,0.6804,0.6804,1.838,0.4371,0.6532,0.7992,0.8945,0.5317,0.1415,0.8832,0.8832,0.2448,0.663,0.8798,0.8618,0.8648,2.4328,0.8925,0.8503,0.7333,0.8796
0.7877,0.8172,0.8172,1.7432,0.3997,0.7049,0.756,0.9062,0.6143,0.2055,0.8016,0.8016,0.408,0.5697,0.8054,0.8091,0.9272,2.4803,0.8452,0.8391,0.8195,0.9012
0.7671,0.8736,0.8736,1.533,0.3115,0.7378,0.654,0.852,0.6119,0.2039,0.6564,0.6564,0.6396,0.4207,0.6647,0.684,0.9258,2.3329,0.7319,0.7585,0.8388,0.864
0.7328,0.8652,0.8652,1.1957,0.177,0.6191,0.4668,0.734,0.4868,0.1945,0.4284,0.4284,0.5604,0.2692,0.4444,0.4815,0.8618,1.9766,0.5418,0.6025,0.7937,0.7644
0.6512,0.7944,0.7944,0.714,0.0095,0.3926,0.2004,0.5329,0.2919,0.1673,0.0636,0.0636,0.3144,0.0752,0.0987,0.1835,0.7328,1.4177,0.2785,0.3623,0.6907,0.5976
0.5098,0.6528,0.6528,0.0792,0,0.1036,0,0.2716,0.0726,0.1334,0,0,0.018,3.00E-04,0,0.0022,0.5335,0.7156,0.0054,0.0484,0.5268,0.3552
0.2888,0.438,0.438,0,0,0,0,0.0048,1.00E-04,0.082,0,0,0,0,0,0,0.1518,1.57E-02,0,0,0.3017,0.0204
0.0254,0.15,0.15,0,0,0,0,0,0,0.0141,0,0,0,0,0,0,0,0,0,0,0.0245,0
0,0,0,0,0,0,0,0,0,0,0,0,0,0,0,0,0,0,0,0,0,0
0,0,0,0,0,0,0,0,0,0,0,0,0,0,0,0,0,0,0,0,0,0
0,0,0,0,0,0,0,0,0,0,0,0,0,0,0,0,0,0,0,0,0,0
0,0,0,0,0,0,0,0,0,0,0,0,0,0,0,0,0,0,0,0,0,0
0,0,0,0,0,0,0,0,0,0,0,0,0,0,0,0,0,0,0,0,0,0
0,0,0,0,0,0,0,0,0,0,0,0,0,0,0,0,0,0,0,0,0,0
0,0,0,0,0,0,0,0,0,0,0,0,0,0,0,0,0,0,0,0,0,0
0,0,0,0,0,0,0,0,0,0,0,0,0,0,0,0,0,0,0,0,0,0
0,0,0,0,0,0,0,0,0,0,0,0,0,0,0,0,0,0,0,0,0,0
0,0,0,0,0,0,0,0,0,0,0,0,0,0,0,0,0,0,0,0,0,0
0,0,0,0,0,0,0,0,0,0,0,0,0,0,0,0,0,0,0,0,0,0
0,0,0,0.2514,0.0285,0,0,0,0,0,0.0168,0.0168,0,0.0285,0.0415,0.0368,0,0,0.0693,0.0036,0,0
0,0,0,0.8917,0.1541,0.0361,0.0336,0.1087,0.0071,0,0.1272,0.1272,0.0168,0.1756,0.2483,0.2701,0,0.0349,0.3986,0.1892,0.0015,0.0708
0.0013,0,0,1.3623,0.3284,0.1534,0.288,0.3569,0.1448,0,0.3396,0.3396,0.1152,0.3706,0.5059,0.5414,0.0844,0.3964,0.6705,0.4925,0.0561,0.36
0.2258,0.1392,0.1392,1.6694,0.5911,0.3166,0.66,0.5756,0.3461,0.0153,0.6072,0.6072,0.222,0.5582,0.7243,0.7435,0.4149,1.023,0.841,0.7179,0.3388,0.606
0.5166,0.4512,0.4512,1.816,0.8052,0.4453,0.7932,0.7592,0.4562,0.0814,0.7812,0.7812,0.4332,0.7409,0.8399,0.854,0.6908,1.5094,0.9322,0.8349,0.6028,0.7476
0.7226,0.6648,0.6648,1.8663,0.8288,0.4384,0.822,0.8345,0.4611,0.1799,0.8412,0.8412,0.4116,0.7922,0.8648,0.868,0.8586,1.759,0.9544,0.8697,0.769,0.8292
0.834,0.8004,0.8004,1.8025,0.7435,0.3421,0.774,0.7884,0.4481,0.2516,0.7704,0.7704,0.2724,0.7308,0.7975,0.8085,0.9354,1.8358,0.9124,0.7493,0.8623,0.8664
0.8772,0.8556,0.8556,1.6017,0.5787,0.2283,0.6612,0.6871,0.46,0.3046,0.6228,0.6228,0.144,0.5955,0.656,0.6722,0.9354,1.7927,0.805,0.4747,0.8814,0.8376
0.8508,0.8472,0.8472,1.2594,0.3302,0.1466,0.4584,0.5753,0.3122,0.4359,0.39,0.39,0.0624,0.3951,0.4314,0.4581,0.8705,1.5654,0.6274,0.2559,0.8369,0.7356
0.7504,0.774,0.774,0.7707,0.0136,0.0917,0.1224,0.4025,0.1603,0.4092,0.0504,0.0504,0.0216,0.1408,0.0963,0.1443,0.7355,1.151,0.3754,0.1621,0.7225,0.504
0.5479,0.6348,0.6348,0.0882,0,0.0218,0,0.1666,0.0437,0.2969,0,0,0,3.00E-04,0,4.00E-04,0.5197,0.574,0.0096,0.0277,0.5339,0.2292
0.2942,0.4212,0.4212,0,0,0,0,0.0023,3.00E-04,0.1487,0,0,0,0,0,0,0.1114,0.0258,0,0,0.2769,0.0096
0.029,0.138,0.138,0,0,0,0,0,0,0.013,0,0,0,0,0,0,0,0,0,0,0.0201,0
0,0,0,0,0,0,0,0,0,0,0,0,0,0,0,0,0,0,0,0,0,0
0,0,0,0,0,0,0,0,0,0,0,0,0,0,0,0,0,0,0,0,0,0
0,0,0,0,0,0,0,0,0,0,0,0,0,0,0,0,0,0,0,0,0,0
0,0,0,0,0,0,0,0,0,0,0,0,0,0,0,0,0,0,0,0,0,0
0,0,0,0,0,0,0,0,0,0,0,0,0,0,0,0,0,0,0,0,0,0
0,0,0,0,0,0,0,0,0,0,0,0,0,0,0,0,0,0,0,0,0,0
0,0,0,0,0,0,0,0,0,0,0,0,0,0,0,0,0,0,0,0,0,0
0,0,0,0,0,0,0,0,0,0,0,0,0,0,0,0,0,0,0,0,0,0
0,0,0,0,0,0,0,0,0,0,0,0,0,0,0,0,0,0,0,0,0,0
0,0,0,0,0,0,0,0,0,0,0,0,0,0,0,0,0,0,0,0,0,0
0,0,0,0,0,0,0,0,0,0,0,0,0,0,0,0,0,0,0,0,0,0
0,0,0,0.1708,0.0119,0,0,0,0,0,0.0168,0.0168,0,0.0419,0.0182,0.0126,0,0,0.0662,0.0034,0,0
0,0,0,0.7826,0.0892,0.0966,0.1644,0.0987,0.0302,0,0.1152,0.1152,0.1044,0.2213,0.1382,0.1169,0,0.0675,0.3749,0.0634,6.00E-04,0.0264
0.0015,0,0,1.1285,0.2855,0.4217,0.432,0.3111,0.2709,0,0.2472,0.2472,0.4092,0.4677,0.3427,0.3724,0.1403,0.8849,0.5501,0.2269,0.0516,0.1236
0.2415,0.162,0.162,1.5511,0.556,0.6822,0.6804,0.4685,0.5215,0.0158,0.438,0.438,0.6456,0.7187,0.5292,0.592,0.5027,1.7316,0.7213,0.4955,0.3354,0.1632
0.5499,0.4692,0.4692,1.6959,0.7625,0.8007,0.7848,0.6055,0.6104,0.0736,0.6492,0.6492,0.6636,0.9067,0.7439,0.8137,0.756,2.2785,0.8887,0.7342,0.5946,0.198
0.7452,0.684,0.684,1.7857,0.8016,0.795,0.5448,0.6699,0.7144,0.1296,0.7908,0.7908,0.4848,0.9085,0.8425,0.8781,0.9023,2.5832,0.8903,0.8632,0.7551,0.2136
0.8368,0.8136,0.8136,1.6724,0.7071,0.771,0.2976,0.6737,0.7408,0.1162,0.7656,0.7656,0.4056,0.8429,0.777,0.8165,0.9683,2.6768,0.8131,0.8671,0.8389,0.2328
0.865,0.8664,0.8664,1.4022,0.5145,0.7494,0.2868,0.6072,0.7305,0.1183,0.624,0.624,0.4884,0.7086,0.5872,0.6332,0.9644,2.5652,0.6725,0.786,0.862,0.2172
0.8667,0.858,0.858,1.0955,0.2639,0.6235,0.144,0.4726,0.6178,0.1277,0.3756,0.3756,0.3876,0.4452,0.3366,0.3639,0.8919,2.2412,0.3586,0.6248,0.824,0.1656
0.7551,0.786,0.786,0.4914,0.0095,0.3963,0.0504,0.2907,0.4069,0.1062,0.0192,0.0192,0.1596,0.073,0.0366,0.1041,0.7209,1.6908,0.087,0.3822,0.724,0.096
0.5843,0.648,0.648,0.0399,0,0.1338,0,0.1267,0.1107,0.0632,0,0,0.0084,0,0,0.0019,0.4512,0.9494,0.0024,0.0484,0.5595,0.0348
0.3489,0.4356,0.4356,0,0,0,0,0,0,0.0265,0,0,0,0,0,0,0.0759,0.0661,0,0,0.3245,0
0.044,0.144,0.144,0,0,0,0,0,0,0.0059,0,0,0,0,0,0,0,0,0,0,0.0223,0
0,0,0,0,0,0,0,0,0,0,0,0,0,0,0,0,0,0,0,0,0,0
0,0,0,0,0,0,0,0,0,0,0,0,0,0,0,0,0,0,0,0,0,0
0,0,0,0,0,0,0,0,0,0,0,0,0,0,0,0,0,0,0,0,0,0
0,0,0,0,0,0,0,0,0,0,0,0,0,0,0,0,0,0,0,0,0,0
0,0,0,0,0,0,0,0,0,0,0,0,0,0,0,0,0,0,0,0,0,0
0,0,0,0,0,0,0,0,0,0,0,0,0,0,0,0,0,0,0,0,0,0
0,0,0,0,0,0,0,0,0,0,0,0,0,0,0,0,0,0,0,0,0,0
0,0,0,0,0,0,0,0,0,0,0,0,0,0,0,0,0,0,0,0,0,0
0,0,0,0,0,0,0,0,0,0,0,0,0,0,0,0,0,0,0,0,0,0
0,0,0,0,0,0,0,0,0,0,0,0,0,0,0,0,0,0,0,0,0,0
0,0,0,0,0,0,0,0,0,0,0,0,0,0,0,0,0,0,0,0,0,0
0,0,0,0.2514,0.038,0,0,0,0,0,0.0636,0.0636,0,0.1144,0.0494,0.0308,0,0,0.0705,0.0055,0,0
0,0,0,0.9108,0.2549,0.0565,0.0516,0.1643,0.0213,0,0.318,0.318,0.0276,0.4535,0.2908,0.2163,0,0.0765,0.4139,0.2442,0.0019,0.0924
4.00E-04,0,0,1.398,0.5105,0.2677,0.1884,0.5019,0.2003,0,0.5676,0.5676,0.2136,0.7138,0.5471,0.4457,0.0817,0.6572,0.6882,0.5839,0.055,0.4224
0.2321,0.162,0.162,1.707,0.6789,0.5917,0.306,0.7466,0.4545,0.0078,0.636,0.636,0.4356,0.8791,0.6575,0.6032,0.2612,1.4629,0.8647,0.8083,0.3397,0.6864
0.5211,0.4632,0.4632,1.874,0.7576,0.7936,0.4032,0.8984,0.7439,0.0406,0.7416,0.7416,0.6864,0.9591,0.7675,0.6741,0.4204,1.9015,0.9571,0.9349,0.6016,0.852
0.7117,0.6744,0.6744,1.9111,0.7256,0.8684,0.4632,0.9732,0.8792,0.0897,0.6984,0.6984,0.8088,0.9672,0.7324,0.7129,0.5298,2.245,0.9805,0.9373,0.7685,0.9396
0.8133,0.7992,0.7992,1.8233,0.6339,0.8371,0.4488,0.9798,0.8645,0.1341,0.6264,0.6264,0.8436,0.9057,0.6397,0.6086,0.5487,2.2495,0.9361,0.7401,0.852,0.9612
0.8501,0.852,0.852,1.6082,0.4413,0.812,0.3684,0.9205,0.6741,0.1936,0.4068,0.4068,0.7956,0.7703,0.4689,0.5077,0.4832,1.9895,0.8264,0.525,0.8759,0.918
0.8221,0.8448,0.8448,1.254,0.1947,0.6739,0.2112,0.795,0.3806,0.2165,0.2196,0.2196,0.6792,0.5536,0.282,0.3417,0.3754,1.6548,0.644,0.4841,0.8386,0.8136
0.7259,0.7776,0.7776,0.7463,0.0029,0.3308,0.072,0.5963,0.1571,0.2107,0.018,0.018,0.4212,0.2135,0.0376,0.0911,0.3139,1.0242,0.3756,0.4257,0.7347,0.6408
0.5654,0.642,0.642,0.0755,0,0.0258,0,0.3259,0.0117,0.1632,0,0,0.0264,3.00E-04,0,0.0018,0.2381,0.5627,0.0072,0.0616,0.5641,0.3924
0.3326,0.4332,0.4332,0,0,0,0,0.006,0,0.0774,0,0,0,0,0,0,0.0344,0.0736,0,0,0.32,0.0252
0.0258,0.1404,0.1404,0,0,0,0,0,0,0.0108,0,0,0,0,0,0,0,0,0,0,0.0191,0
0,0,0,0,0,0,0,0,0,0,0,0,0,0,0,0,0,0,0,0,0,0
0,0,0,0,0,0,0,0,0,0,0,0,0,0,0,0,0,0,0,0,0,0
0,0,0,0,0,0,0,0,0,0,0,0,0,0,0,0,0,0,0,0,0,0
0,0,0,0,0,0,0,0,0,0,0,0,0,0,0,0,0,0,0,0,0,0
0,0,0,0,0,0,0,0,0,0,0,0,0,0,0,0,0,0,0,0,0,0
0,0,0,0,0,0,0,0,0,0,0,0,0,0,0,0,0,0,0,0,0,0
0,0,0,0,0,0,0,0,0,0,0,0,0,0,0,0,0,0,0,0,0,0
0,0,0,0,0,0,0,0,0,0,0,0,0,0,0,0,0,0,0,0,0,0
0,0,0,0,0,0,0,0,0,0,0,0,0,0,0,0,0,0,0,0,0,0
0,0,0,0,0,0,0,0,0,0,0,0,0,0,0,0,0,0,0,0,0,0
0,0,0,0,0,0,0,0,0,0,0,0,0,0,0,0,0,0,0,0,0,0
0,0,0,0.1969,0.0697,0,0,0,0,0,0.0108,0.0108,0,0.1025,0.0115,0.0126,0,0,0.0639,0.0046,0,0
0,0,0,0.8253,0.2537,0.0523,0.0336,0.1615,0.0262,0,0.0996,0.0996,0.0912,0.4555,0.1575,0.1708,0,0.0834,0.3951,0.1607,0.0019,0.0912
0,0,0,1.3219,0.3867,0.3385,0.2124,0.4874,0.268,0,0.1704,0.1704,0.4128,0.7146,0.2517,0.3501,0.0817,0.7884,0.667,0.482,0.0496,0.4044
0.1861,0.1452,0.1452,1.6474,0.4119,0.6134,0.3576,0.7255,0.5675,0.0085,0.3216,0.3216,0.6792,0.8753,0.3163,0.4399,0.4146,1.5973,0.8417,0.7456,0.3176,0.654
0.4233,0.4488,0.4488,1.8189,0.3828,0.7997,0.5772,0.8678,0.7419,0.0807,0.534,0.534,0.8364,0.9382,0.4716,0.5501,0.6825,2.0991,0.933,0.8632,0.5778,0.804
0.5883,0.672,0.672,1.8583,0.3476,0.8754,0.738,0.9355,0.8124,0.2257,0.282,0.282,0.9012,0.8491,0.4162,0.6717,0.8312,2.2918,0.9505,0.9002,0.7469,0.8808
0.6984,0.804,0.804,1.7846,0.2377,0.867,0.7356,0.9393,0.751,0.3897,0.2268,0.2268,0.8772,0.8515,0.4094,0.6804,0.8989,2.2989,0.9061,0.8688,0.8278,0.9
0.7767,0.864,0.864,1.5577,0.1785,0.7803,0.4836,0.8782,0.6292,0.5788,0.2856,0.2856,0.7692,0.739,0.4225,0.6134,0.8948,2.2493,0.791,0.7797,0.8521,0.8544
0.7982,0.8604,0.8604,1.201,0.1301,0.5882,0.2472,0.7515,0.4829,0.6445,0.2364,0.2364,0.5124,0.5187,0.3427,0.478,0.8176,2.0708,0.5991,0.6129,0.8139,0.7476
0.7145,0.7932,0.7932,0.7101,0.002,0.3439,0.0768,0.5492,0.3029,0.621,0.0264,0.0264,0.2232,0.1839,0.0717,0.1686,0.6769,1.511,0.328,0.372,0.7308,0.5628
0.5372,0.6552,0.6552,0.0726,0,0.0993,0,0.2751,0.0296,0.5073,0,0,0.0036,2.00E-04,0,7.00E-04,0.456,0.7306,0.0042,0.0506,0.5601,0.2868
0.2919,0.438,0.438,0,0,0,0,0.0026,0,0.2896,0,0,0,0,0,0,0.0879,0.065,0,0,0.3146,0.0108
0.0267,0.1392,0.1392,0,0,0,0,0,0,0.0268,0,0,0,0,0,0,0,0,0,0,0.0181,0
0,0,0,0,0,0,0,0,0,0,0,0,0,0,0,0,0,0,0,0,0,0
0,0,0,0,0,0,0,0,0,0,0,0,0,0,0,0,0,0,0,0,0,0
0,0,0,0,0,0,0,0,0,0,0,0,0,0,0,0,0,0,0,0,0,0
0,0,0,0,0,0,0,0,0,0,0,0,0,0,0,0,0,0,0,0,0,0
0,0,0,0,0,0,0,0,0,0,0,0,0,0,0,0,0,0,0,0,0,0
0,0,0,0,0,0,0,0,0,0,0,0,0,0,0,0,0,0,0,0,0,0
0,0,0,0,0,0,0,0,0,0,0,0,0,0,0,0,0,0,0,0,0,0
0,0,0,0,0,0,0,0,0,0,0,0,0,0,0,0,0,0,0,0,0,0
0,0,0,0,0,0,0,0,0,0,0,0,0,0,0,0,0,0,0,0,0,0
0,0,0,0,0,0,0,0,0,0,0,0,0,0,0,0,0,0,0,0,0,0
0,0,0,0,0,0,0,0,0,0,0,0,0,0,0,0,0,0,0,0,0,0
0,0,0,0.083,0.059,0,0,0,0,0,0.0516,0.0516,0,0.0931,0.0484,0.0327,0,0,0.0609,0.0041,0,0
0,0,0,0.4438,0.2788,0.0499,0.0768,0.0714,0.0048,0,0.3624,0.3624,0.0216,0.4161,0.3568,0.304,0,0.0395,0.3879,0.104,0.0012,0.0576
0,0,0,0.8487,0.4998,0.2696,0.252,0.2991,0.16,0,0.6288,0.6288,0.1092,0.673,0.6277,0.593,0.0479,0.5462,0.6598,0.317,0.0434,0.3264
0.2203,0.126,0.126,1.1926,0.6778,0.4529,0.4524,0.4924,0.3754,0.0177,0.7908,0.7908,0.2052,0.832,0.7915,0.7738,0.2771,1.1278,0.8279,0.532,0.3038,0.5652
0.5317,0.4212,0.4212,1.3599,0.7697,0.5241,0.4884,0.6157,0.5398,0.1464,0.8748,0.8748,0.2904,0.9057,0.8756,0.8636,0.5641,1.4545,0.9118,0.615,0.5453,0.7188
0.7296,0.6336,0.6336,1.388,0.772,0.4977,0.4752,0.6358,0.6296,0.3462,0.8844,0.8844,0.3228,0.9088,0.8857,0.8778,0.8177,1.5531,0.9292,0.6163,0.6882,0.78
0.8472,0.768,0.768,1.2834,0.6664,0.4759,0.5232,0.5504,0.5667,0.5328,0.8016,0.8016,0.2976,0.8428,0.8106,0.8193,0.908,1.6144,0.8854,0.527,0.7601,0.7044
0.8937,0.828,0.828,1.188,0.4746,0.489,0.4056,0.4136,0.4686,0.6242,0.6444,0.6444,0.186,0.705,0.6635,0.6831,0.9636,1.6767,0.7739,0.4154,0.8087,0.4824
0.8715,0.8256,0.8256,0.884,0.2462,0.3519,0.1716,0.2758,0.3578,0.5662,0.3864,0.3864,0.0888,0.4861,0.4205,0.4629,0.903,1.4804,0.5909,0.3225,0.7694,0.2436
0.7683,0.7644,0.7644,0.4647,0.0066,0.1723,0.0252,0.1512,0.2273,0.4697,0.0396,0.0396,0.036,0.1607,0.0771,0.1555,0.7604,1.1214,0.3311,0.1846,0.677,0.1092
0.5979,0.6264,0.6264,0.0344,0,0.0395,0,0.0403,0.0439,0.3616,0,0,0,2.00E-04,0,2.00E-04,0.5358,0.5319,0.0048,0.0101,0.5255,0.0336
0.3423,0.42,0.42,0,0,0,0,0,1.00E-04,0.1756,0,0,0,0,0,0,0.1191,5.38E-02,0,0,0.3002,0
0.0195,0.1032,0.1032,0,0,0,0,0,0,0.0103,0,0,0,0,0,0,0,0,0,0,0.014,0
0,0,0,0,0,0,0,0,0,0,0,0,0,0,0,0,0,0,0,0,0,0
0,0,0,0,0,0,0,0,0,0,0,0,0,0,0,0,0,0,0,0,0,0
0,0,0,0,0,0,0,0,0,0,0,0,0,0,0,0,0,0,0,0,0,0
0,0,0,0,0,0,0,0,0,0,0,0,0,0,0,0,0,0,0,0,0,0
0,0,0,0,0,0,0,0,0,0,0,0,0,0,0,0,0,0,0,0,0,0
0,0,0,0,0,0,0,0,0,0,0,0,0,0,0,0,0,0,0,0,0,0
0,0,0,0,0,0,0,0,0,0,0,0,0,0,0,0,0,0,0,0,0,0
0,0,0,0,0,0,0,0,0,0,0,0,0,0,0,0,0,0,0,0,0,0
0,0,0,0,0,0,0,0,0,0,0,0,0,0,0,0,0,0,0,0,0,0
0,0,0,0,0,0,0,0,0,0,0,0,0,0,0,0,0,0,0,0,0,0
0,0,0,0,0,0,0,0,0,0,0,0,0,0,0,0,0,0,0,0,0,0
0,0,0,0.0617,0.0036,0,0,0,0,0,0.0012,0.0012,0,0.0217,0.0024,0.0031,0,0,0.0053,4.00E-04,0,0
0,0,0,0.2942,0.0343,0.0847,0.1872,0.0231,0.0297,0,0.0384,0.0384,0.108,0.1665,0.048,0.0992,0,0.0407,0.0751,0.0602,3.00E-04,0.0144
0,0,0,0.7004,0.0714,0.4283,0.5244,0.1597,0.2574,0,0.0732,0.0732,0.4488,0.2527,0.0922,0.2602,0.0822,0.8094,0.1796,0.2932,0.042,0.1452
0.2018,0.072,0.072,1.2373,0.1116,0.6922,0.744,0.2916,0.4391,0.0124,0.0972,0.0972,0.69,0.3354,0.1136,0.3513,0.3173,1.6828,0.2331,0.5296,0.32,0.2916
0.4858,0.252,0.252,1.4493,0.1297,0.8175,0.876,0.3912,0.5521,0.065,0.0984,0.0984,0.7272,0.3802,0.1171,0.3975,0.5974,2.2448,0.2162,0.7094,0.5768,0.45
0.6663,0.372,0.372,1.3621,0.1204,0.7736,0.924,0.5026,0.6152,0.1479,0.0876,0.0876,0.5016,0.4551,0.1052,0.4086,0.7985,2.5503,0.1535,0.8032,0.7365,0.606
0.764,0.4356,0.4356,1.2394,0.0951,0.6939,0.888,0.6121,0.6252,0.2288,0.0732,0.0732,0.2892,0.3101,0.092,0.3793,0.8423,2.6203,0.1379,0.7848,0.8175,0.69
0.7992,0.408,0.408,1.1049,0.0527,0.6549,0.7752,0.6151,0.5935,0.2869,0.0504,0.0504,0.4344,0.2125,0.0699,0.2922,0.8357,2.5293,0.0992,0.7176,0.8396,0.744
0.7502,0.3816,0.3816,0.6834,0.0176,0.6094,0.576,0.574,0.4514,0.3249,0.024,0.024,0.6216,0.073,0.0427,0.1701,0.7715,2.186,0.0533,0.583,0.7904,0.6756
0.5861,0.318,0.318,0.2608,0,0.3847,0.264,0.3959,0.171,0.2515,0,0,0.3048,0.005,0.0063,0.0969,0.6255,1.4894,0.0131,0.3721,0.6406,0.5136
0.3536,0.2424,0.2424,0.0164,0,0.1018,0,0.1683,0.0147,0.1376,0,0,0.0048,0,0,8.00E-04,0.4517,0.6885,0,0.0429,0.3924,0.2496
0.1634,0.1104,0.1104,0,0,0,0,0.0023,1.00E-04,0.0436,0,0,0,0,0,0,0.097,0.0626,0,0,0.1477,0.0096
0.0042,0.0228,0.0228,0,0,0,0,0,0,9.00E-04,0,0,0,0,0,0,0,0,0,0,0.0037,0
0,0,0,0,0,0,0,0,0,0,0,0,0,0,0,0,0,0,0,0,0,0
0,0,0,0,0,0,0,0,0,0,0,0,0,0,0,0,0,0,0,0,0,0
0,0,0,0,0,0,0,0,0,0,0,0,0,0,0,0,0,0,0,0,0,0
0,0,0,0,0,0,0,0,0,0,0,0,0,0,0,0,0,0,0,0,0,0
0,0,0,0,0,0,0,0,0,0,0,0,0,0,0,0,0,0,0,0,0,0
0,0,0,0,0,0,0,0,0,0,0,0,0,0,0,0,0,0,0,0,0,0
0,0,0,0,0,0,0,0,0,0,0,0,0,0,0,0,0,0,0,0,0,0
0,0,0,0,0,0,0,0,0,0,0,0,0,0,0,0,0,0,0,0,0,0
0,0,0,0,0,0,0,0,0,0,0,0,0,0,0,0,0,0,0,0,0,0
0,0,0,0,0,0,0,0,0,0,0,0,0,0,0,0,0,0,0,0,0,0
0,0,0,0,0,0,0,0,0,0,0,0,0,0,0,0,0,0,0,0,0,0
0,0,0,0.0546,0.0236,0,0,0,0,0,0.0468,0.0468,0,0.0432,0.0484,0.0298,0,0,0.0192,0.0021,0,0
0,0,0,0.36,0.1783,0.0811,0.108,0.1388,0.024,0,0.3468,0.3468,0.0972,0.3145,0.3402,0.2629,0,0.0728,0.2517,0.2016,0.0017,0.0828
0,0,0,0.8263,0.3416,0.4058,0.4092,0.4758,0.2352,0,0.612,0.612,0.426,0.626,0.4916,0.4576,0.0726,0.8863,0.5606,0.5419,0.0424,0.4032
0.1821,0.0468,0.0468,1.2369,0.4055,0.6735,0.594,0.7347,0.4908,0.0042,0.4908,0.4908,0.684,0.8099,0.496,0.6282,0.3739,1.7813,0.7928,0.7654,0.3135,0.6948
0.4484,0.2232,0.2232,1.5604,0.3976,0.8333,0.684,0.8869,0.6547,0.026,0.42,0.42,0.834,0.9017,0.5803,0.7842,0.6144,2.3372,0.9008,0.8963,0.5682,0.8556
0.6374,0.5508,0.5508,1.6947,0.3192,0.905,0.63,0.9612,0.7637,0.0883,0.3972,0.3972,0.8952,0.9214,0.6358,0.8794,0.7197,2.6264,0.9313,0.9479,0.7289,0.9396
0.7516,0.7176,0.7176,1.6401,0.2096,0.9003,0.5928,0.9674,0.8114,0.1331,0.4848,0.4848,0.8808,0.8626,0.6888,0.8522,0.7607,2.6967,0.893,0.9294,0.8002,0.9612
0.7634,0.8028,0.8028,1.4322,0.1366,0.7679,0.5088,0.9061,0.7725,0.1567,0.456,0.456,0.624,0.7284,0.579,0.7261,0.7259,2.5555,0.785,0.8385,0.8145,0.912
0.7271,0.8028,0.8028,1.0495,0.0515,0.6632,0.36,0.7774,0.6234,0.159,0.2808,0.2808,0.5976,0.5061,0.3795,0.51,0.6304,2.1981,0.6014,0.6739,0.7657,0.8004
0.634,0.5532,0.5532,0.4966,0.0014,0.4263,0.0636,0.5756,0.3822,0.1291,0.0312,0.0312,0.3696,0.1667,0.0743,0.1852,0.4591,1.6048,0.3339,0.423,0.6333,0.6336
0.4704,0.2868,0.2868,0.0367,0,0.0946,0,0.3057,0.0663,0.1001,0,0,0.0156,2.00E-04,0,0.0012,0.2138,0.8153,0.0036,0.0497,0.4062,0.3768
0.2461,0.1776,0.1776,0,0,0,0,0.0046,2.00E-04,0.0518,0,0,0,0,0,0,0.0216,4.68E-02,0,0,0.1974,0.0192
0.0174,0.036,0.036,0,0,0,0,0,0,0.0037,0,0,0,0,0,0,0,0,0,0,0.0091,0
0,0,0,0,0,0,0,0,0,0,0,0,0,0,0,0,0,0,0,0,0,0
0,0,0,0,0,0,0,0,0,0,0,0,0,0,0,0,0,0,0,0,0,0
0,0,0,0,0,0,0,0,0,0,0,0,0,0,0,0,0,0,0,0,0,0
0,0,0,0,0,0,0,0,0,0,0,0,0,0,0,0,0,0,0,0,0,0
0,0,0,0,0,0,0,0,0,0,0,0,0,0,0,0,0,0,0,0,0,0
0,0,0,0,0,0,0,0,0,0,0,0,0,0,0,0,0,0,0,0,0,0
0,0,0,0,0,0,0,0,0,0,0,0,0,0,0,0,0,0,0,0,0,0
0,0,0,0,0,0,0,0,0,0,0,0,0,0,0,0,0,0,0,0,0,0
0,0,0,0,0,0,0,0,0,0,0,0,0,0,0,0,0,0,0,0,0,0
0,0,0,0,0,0,0,0,0,0,0,0,0,0,0,0,0,0,0,0,0,0
0,0,0,0,0,0,0,0,0,0,0,0,0,0,0,0,0,0,0,0,0,0
0,0,0,0.1518,0.0755,0,0,0,0,0,0.0576,0.0576,0,0.0997,0.0484,0.0309,0,0,0.0466,0.0039,0,0
0,0,0,0.7491,0.3562,0.0634,0.0612,0.1365,0.0184,0,0.3372,0.3372,0.0648,0.4275,0.3298,0.2863,0,0.049,0.3553,0.2119,9.00E-04,0.0432
0,0,0,1.2459,0.6021,0.3066,0.2568,0.4367,0.2434,0,0.5568,0.5568,0.3528,0.6846,0.56,0.5818,0.0918,0.5955,0.6569,0.5477,0.0329,0.264
0.1377,0.012,0.012,1.5549,0.7415,0.5558,0.5796,0.6888,0.5187,0.0026,0.7032,0.7032,0.6384,0.8425,0.7237,0.7692,0.4068,1.4301,0.8273,0.7697,0.2714,0.582
0.3658,0.072,0.072,1.7217,0.757,0.7102,0.7668,0.8262,0.6821,0.0164,0.7164,0.7164,0.786,0.9199,0.7729,0.8743,0.6701,2.0231,0.9161,0.889,0.5246,0.7104
0.537,0.1548,0.1548,1.7562,0.7405,0.7829,0.8436,0.8691,0.6816,0.0652,0.7104,0.7104,0.8448,0.9257,0.7633,0.87,0.8324,2.2955,0.939,0.9342,0.6898,0.6804
0.6359,0.2196,0.2196,1.6778,0.6915,0.7724,0.81,0.8624,0.6625,0.1214,0.7188,0.7188,0.8316,0.8607,0.756,0.8211,0.881,2.3369,0.8934,0.9068,0.7964,0.6552
0.6223,0.282,0.282,1.4793,0.5465,0.6801,0.6924,0.8153,0.6129,0.1575,0.6192,0.6192,0.7464,0.7229,0.6504,0.7112,0.8347,2.1837,0.7818,0.8081,0.8174,0.6684
0.5055,0.3576,0.3576,1.0943,0.2827,0.4944,0.4548,0.7073,0.4796,0.1697,0.3744,0.3744,0.558,0.5026,0.4206,0.5026,0.712,1.8032,0.5952,0.6294,0.7789,0.6468
0.2904,0.2916,0.2916,0.5342,0.0058,0.199,0.1644,0.5088,0.2423,0.1353,0.0336,0.0336,0.1464,0.1632,0.0738,0.1741,0.5865,1.214,0.3288,0.3629,0.6881,0.4944
0.2963,0.1656,0.1656,0.0408,0,0.029,0,0.2417,0.0276,0.1229,0,0,0.0024,1.00E-04,0,4.00E-04,0.4855,0.5958,0.003,0.0398,0.5172,0.2664
0.196,0.0924,0.0924,0,0,0,0,0.0026,1.00E-04,0.06,0,0,0,0,0,0,0.0979,5.60E-02,0,0,0.2646,0.0108
0.0091,0.0144,0.0144,0,0,0,0,0,0,0.0034,0,0,0,0,0,0,0,0,0,0,0.0085,0
0,0,0,0,0,0,0,0,0,0,0,0,0,0,0,0,0,0,0,0,0,0
0,0,0,0,0,0,0,0,0,0,0,0,0,0,0,0,0,0,0,0,0,0
0,0,0,0,0,0,0,0,0,0,0,0,0,0,0,0,0,0,0,0,0,0
0,0,0,0,0,0,0,0,0,0,0,0,0,0,0,0,0,0,0,0,0,0
0,0,0,0,0,0,0,0,0,0,0,0,0,0,0,0,0,0,0,0,0,0
0,0,0,0,0,0,0,0,0,0,0,0,0,0,0,0,0,0,0,0,0,0
0,0,0,0,0,0,0,0,0,0,0,0,0,0,0,0,0,0,0,0,0,0
0,0,0,0,0,0,0,0,0,0,0,0,0,0,0,0,0,0,0,0,0,0
0,0,0,0,0,0,0,0,0,0,0,0,0,0,0,0,0,0,0,0,0,0
0,0,0,0,0,0,0,0,0,0,0,0,0,0,0,0,0,0,0,0,0,0
0,0,0,0,0,0,0,0,0,0,0,0,0,0,0,0,0,0,0,0,0,0
0,0,0,0.1328,0.0245,0,0,0,0,0,0.0288,0.0288,0,0.0581,0.0271,0.0185,0,0,0.0394,0.0025,0,0
0,0,0,0.5343,0.169,0.0456,0.0132,0.1068,9.00E-04,0,0.2352,0.2352,0.0228,0.342,0.245,0.1959,0,0.0339,0.3411,0.1638,4.00E-04,0.0204
0,0,0,0.8436,0.3848,0.2534,0.066,0.361,0.0611,0,0.5088,0.5088,0.1176,0.6356,0.5229,0.477,0.0779,0.443,0.6107,0.4679,0.0381,0.1908
0.0478,0.03,0.03,1.295,0.6023,0.4626,0.1848,0.5839,0.1873,0.002,0.6312,0.6312,0.2364,0.806,0.6696,0.7105,0.4257,1.0494,0.7752,0.6713,0.3076,0.4176
0.1624,0.1332,0.1332,1.4261,0.7053,0.6493,0.3348,0.7524,0.3451,0.0227,0.5772,0.5772,0.4692,0.8902,0.6616,0.7838,0.687,1.7144,0.8604,0.8119,0.567,0.6384
0.2079,0.3156,0.3156,1.0456,0.705,0.7681,0.3228,0.8403,0.4811,0.0925,0.4656,0.4656,0.6612,0.8967,0.5337,0.719,0.8275,2.0427,0.8755,0.8817,0.736,0.7524
0.2474,0.378,0.378,0.7776,0.6293,0.7941,0.1584,0.8494,0.4915,0.1504,0.3516,0.3516,0.7368,0.8024,0.375,0.5756,0.8923,1.9835,0.8148,0.8605,0.8187,0.7368
0.2391,0.3192,0.3192,0.5768,0.4646,0.6943,0.0864,0.7856,0.4017,0.1601,0.2124,0.2124,0.6636,0.6444,0.2311,0.41,0.8899,1.7447,0.6553,0.7606,0.841,0.6504
0.2069,0.24,0.24,0.2701,0.211,0.4748,0.0552,0.619,0.2381,0.1675,0.0804,0.0804,0.5004,0.3938,0.0942,0.2229,0.8215,1.319,0.4039,0.5677,0.7928,0.4044
0.1411,0.2196,0.2196,0.0991,3.00E-04,0.2255,0.0312,0.4129,0.0848,0.1069,0.0036,0.0036,0.2388,0.0869,0.0086,0.0733,0.6784,0.9507,0.1733,0.325,0.6816,0.2808
0.071,0.2568,0.2568,0.0069,0,0.0168,0,0.1875,0.006,0.0526,0,0,0.0048,0,0,5.00E-04,0.4575,0.4696,6.00E-04,0.0307,0.4942,0.1404
0.0204,0.12,0.12,0,0,0,0,6.00E-04,0,0.0153,0,0,0,0,0,0,0.0783,0.0512,0,0,0.2368,0.0024
0,0.024,0.024,0,0,0,0,0,0,0.001,0,0,0,0,0,0,0,0,0,0,0.0078,0
0,0,0,0,0,0,0,0,0,0,0,0,0,0,0,0,0,0,0,0,0,0
0,0,0,0,0,0,0,0,0,0,0,0,0,0,0,0,0,0,0,0,0,0
0,0,0,0,0,0,0,0,0,0,0,0,0,0,0,0,0,0,0,0,0,0
0,0,0,0,0,0,0,0,0,0,0,0,0,0,0,0,0,0,0,0,0,0
0,0,0,0,0,0,0,0,0,0,0,0,0,0,0,0,0,0,0,0,0,0
0,0,0,0,0,0,0,0,0,0,0,0,0,0,0,0,0,0,0,0,0,0
0,0,0,0,0,0,0,0,0,0,0,0,0,0,0,0,0,0,0,0,0,0
0,0,0,0,0,0,0,0,0,0,0,0,0,0,0,0,0,0,0,0,0,0
0,0,0,0,0,0,0,0,0,0,0,0,0,0,0,0,0,0,0,0,0,0
0,0,0,0,0,0,0,0,0,0,0,0,0,0,0,0,0,0,0,0,0,0
0,0,0,0,0,0,0,0,0,0,0,0,0,0,0,0,0,0,0,0,0,0
0,0,0,0.1898,0.0049,0,0,0,0,0,0,0,0,0.0665,1.00E-04,0.0032,0,0,0.0113,0.0016,0,0
0,0,0,0.7712,0.0529,0.0077,0.012,0.0981,0.0015,0,0.018,0.018,0.0024,0.3545,0.0241,0.0423,0,0.0263,0.1313,0.1036,0.001,0.048
0,0,0,1.2385,0.1211,0.069,0.0564,0.3412,0.0245,0,0.0492,0.0492,0.042,0.6064,0.0709,0.1128,0.0908,0.2614,0.3493,0.3676,0.0311,0.2988
0.0346,0.0336,0.0336,1.5409,0.2003,0.1518,0.1248,0.5348,0.0505,0.0111,0.0744,0.0744,0.0804,0.7362,0.1234,0.204,0.4364,0.6034,0.6011,0.5685,0.2997,0.5592
0.1159,0.1188,0.1188,1.7122,0.1982,0.2098,0.294,0.6574,0.0736,0.0819,0.0816,0.0816,0.156,0.8312,0.1641,0.2909,0.6896,0.8904,0.7673,0.7089,0.5607,0.7248
0.2098,0.2508,0.2508,1.7517,0.1663,0.2676,0.4644,0.7248,0.0883,0.2109,0.0804,0.0804,0.2568,0.8817,0.1893,0.3977,0.8372,1.1036,0.8428,0.7792,0.7288,0.8076
0.2967,0.2976,0.2976,1.6377,0.1277,0.3268,0.5328,0.7566,0.1019,0.3156,0.072,0.072,0.3312,0.818,0.2527,0.517,0.9057,1.1633,0.8103,0.7843,0.8201,0.822
0.3223,0.2352,0.2352,1.4772,0.0752,0.2731,0.4296,0.719,0.0916,0.3668,0.0504,0.0504,0.1764,0.6803,0.2624,0.5312,0.9057,1.1608,0.7047,0.7241,0.8413,0.78
0.2837,0.2004,0.2004,1.0945,0.0235,0.1533,0.2172,0.5839,0.0655,0.3775,0.018,0.018,0.0528,0.4578,0.1518,0.3426,0.8361,1.1451,0.5152,0.565,0.7984,0.6768
0.2226,0.1656,0.1656,0.6556,0,0.0507,0.0588,0.3811,0.0333,0.2554,0,0,0.0156,0.1313,0.0234,0.095,0.6932,0.8969,0.2397,0.3174,0.6778,0.504
0.1399,0.168,0.168,0.0562,0,0.0033,0,0.136,0.0065,0.1338,0,0,0,0,0,2.00E-04,0.4723,0.3825,6.00E-04,0.029,0.4952,0.2076
0.0492,0.12,0.12,0,0,0,0,0.0017,1.00E-04,0.039,0,0,0,0,0,0,0.0787,0.0536,0,0,0.2417,0.0072
0.0014,0.0192,0.0192,0,0,0,0,0,0,8.00E-04,0,0,0,0,0,0,0,0,0,0,0.0066,0
0,0,0,0,0,0,0,0,0,0,0,0,0,0,0,0,0,0,0,0,0,0
0,0,0,0,0,0,0,0,0,0,0,0,0,0,0,0,0,0,0,0,0,0
0,0,0,0,0,0,0,0,0,0,0,0,0,0,0,0,0,0,0,0,0,0
0,0,0,0,0,0,0,0,0,0,0,0,0,0,0,0,0,0,0,0,0,0
0,0,0,0,0,0,0,0,0,0,0,0,0,0,0,0,0,0,0,0,0,0
0,0,0,0,0,0,0,0,0,0,0,0,0,0,0,0,0,0,0,0,0,0
0,0,0,0,0,0,0,0,0,0,0,0,0,0,0,0,0,0,0,0,0,0
0,0,0,0,0,0,0,0,0,0,0,0,0,0,0,0,0,0,0,0,0,0
0,0,0,0,0,0,0,0,0,0,0,0,0,0,0,0,0,0,0,0,0,0
0,0,0,0,0,0,0,0,0,0,0,0,0,0,0,0,0,0,0,0,0,0
0,0,0,0,0,0,0,0,0,0,0,0,0,0,0,0,0,0,0,0,0,0
0,0,0,0.185,6.00E-04,0,0,0,0,0,0,0,0,0.0274,0,0.0013,0,0,0.0219,5.00E-04,0,0
0,0,0,0.7616,0.02,0.0067,0.0108,0.1002,0.0071,0,0.0252,0.0252,0.0084,0.1436,0.0165,0.0244,0,0.0318,0.1846,0.0563,0.0014,0.0648
0,0,0,1.2288,0.0583,0.0753,0.036,0.3618,0.1254,0,0.0576,0.0576,0.102,0.2306,0.0492,0.0711,0.0323,0.3582,0.3644,0.2382,0.0265,0.3492
0.1209,0.0492,0.0492,1.5375,0.0931,0.2004,0.0912,0.5784,0.3542,0.0032,0.0792,0.0792,0.306,0.2543,0.1004,0.1306,0.2326,0.9166,0.5614,0.3991,0.2742,0.5952
0.3716,0.1668,0.1668,1.7089,0.1216,0.4277,0.1668,0.7175,0.6155,0.0589,0.0972,0.0972,0.4716,0.2593,0.1391,0.1839,0.4459,1.8659,0.6333,0.481,0.5465,0.7512
0.571,0.258,0.258,1.7554,0.1173,0.5403,0.234,0.7941,0.7844,0.1767,0.0996,0.0996,0.5268,0.2372,0.1458,0.2172,0.5733,2.3787,0.6539,0.5154,0.7222,0.8364
0.6941,0.3528,0.3528,1.6749,0.0885,0.5617,0.2472,0.8074,0.8021,0.2151,0.0996,0.0996,0.5568,0.1895,0.1692,0.2188,0.6923,2.4433,0.5959,0.4586,0.8102,0.8568
0.5848,0.4152,0.4152,1.4626,0.0602,0.5441,0.1956,0.7541,0.7382,0.2012,0.1764,0.1764,0.588,0.1622,0.2268,0.2087,0.7968,2.2974,0.4825,0.3588,0.8352,0.8148
0.4916,0.39,0.39,1.1394,0.026,0.4351,0.1212,0.6292,0.5925,0.2051,0.1116,0.1116,0.4428,0.1519,0.1494,0.1366,0.8216,1.966,0.3599,0.2443,0.7957,0.7104
0.3969,0.3888,0.3888,0.6491,2.00E-04,0.2543,0.0276,0.4204,0.3536,0.1755,0.0048,0.0048,0.2136,0.0604,0.0196,0.0286,0.7122,1.3751,0.1454,0.1015,0.7088,0.522
0.2885,0.2976,0.2976,0.0478,0,0.052,0,0.1872,0.052,0.0944,0,0,0.0048,0,0,1.00E-04,0.4949,0.5995,0,0.0086,0.5367,0.258
0.0934,0.1332,0.1332,0,0,0,0,0.0023,0,0.0349,0,0,0,0,0,0,0.0894,0.0546,0,0,0.2869,0.0096
7.00E-04,0.0204,0.0204,0,0,0,0,0,0,8.00E-04,0,0,0,0,0,0,0,0,0,0,0.0097,0
0,0,0,0,0,0,0,0,0,0,0,0,0,0,0,0,0,0,0,0,0,0
0,0,0,0,0,0,0,0,0,0,0,0,0,0,0,0,0,0,0,0,0,0
0,0,0,0,0,0,0,0,0,0,0,0,0,0,0,0,0,0,0,0,0,0
0,0,0,0,0,0,0,0,0,0,0,0,0,0,0,0,0,0,0,0,0,0
0,0,0,0,0,0,0,0,0,0,0,0,0,0,0,0,0,0,0,0,0,0
0,0,0,0,0,0,0,0,0,0,0,0,0,0,0,0,0,0,0,0,0,0
0,0,0,0,0,0,0,0,0,0,0,0,0,0,0,0,0,0,0,0,0,0
0,0,0,0,0,0,0,0,0,0,0,0,0,0,0,0,0,0,0,0,0,0
0,0,0,0,0,0,0,0,0,0,0,0,0,0,0,0,0,0,0,0,0,0
0,0,0,0,0,0,0,0,0,0,0,0,0,0,0,0,0,0,0,0,0,0
0,0,0,0,0,0,0,0,0,0,0,0,0,0,0,0,0,0,0,0,0,0
0,0,0,0.2419,0.0293,0,0,0,0,0,0.006,0.006,0,0.0213,0.0145,0.0164,0,0,0.0256,0.0013,0,0
0,0,0,0.8474,0.1742,0.0108,0.012,0.0878,0.0012,0,0.066,0.066,0.0108,0.178,0.1637,0.1824,0,0.0238,0.2968,0.1038,6.00E-04,0.0288
0,0,0,1.3124,0.4506,0.1228,0.0852,0.3164,0.0895,0,0.1644,0.1644,0.0924,0.3329,0.3347,0.385,0.0709,0.3974,0.5645,0.3808,0.0292,0.1956
0.0631,0.0552,0.0552,1.614,0.6591,0.2692,0.2508,0.5186,0.2082,0.014,0.456,0.456,0.1812,0.4489,0.5809,0.5534,0.4265,0.9808,0.7356,0.6096,0.2846,0.3936
0.2106,0.1824,0.1824,1.7758,0.7668,0.4313,0.4392,0.6839,0.2968,0.0473,0.6108,0.6108,0.2616,0.4747,0.6906,0.6215,0.7058,1.6533,0.8208,0.7174,0.5351,0.6216
0.4261,0.2976,0.2976,1.8054,0.7899,0.5358,0.4632,0.7684,0.3603,0.1058,0.6852,0.6852,0.3288,0.4642,0.7314,0.603,0.8652,2.0253,0.8359,0.7795,0.7016,0.7212
0.5703,0.612,0.612,1.7268,0.7039,0.5297,0.36,0.7699,0.3914,0.1553,0.7044,0.7044,0.4272,0.4169,0.7109,0.5379,0.9384,2.1233,0.7658,0.7576,0.7924,0.66
0.4964,0.7776,0.7776,1.5341,0.5301,0.4375,0.288,0.6827,0.3612,0.1711,0.5472,0.5472,0.402,0.3225,0.5466,0.4311,0.93,1.9464,0.6424,0.6627,0.8272,0.4932
0.3774,0.8112,0.8112,1.2014,0.2609,0.2245,0.1752,0.544,0.2004,0.1469,0.2904,0.2904,0.2304,0.2075,0.2877,0.2525,0.8491,1.4699,0.4437,0.4872,0.7894,0.3492
0.5423,0.72,0.72,0.7133,0.0023,0.092,0.0396,0.3313,0.1628,0.1328,0.0144,0.0144,0.0852,0.0501,0.0285,0.0539,0.6599,0.9961,0.181,0.2172,0.6885,0.2856
0.5067,0.5304,0.5304,0.0578,0,0.006,0,0.1491,0.0269,0.0886,0,0,0,0,0,0,0.1782,0.4354,6.00E-04,0.0116,0.4974,0.1848
0.2537,0.2244,0.2244,0,0,0,0,0.0017,1.00E-04,0.0283,0,0,0,0,0,0,0.0084,0.0401,0,0,0.2387,0.0072
0.0098,0.048,0.048,0,0,0,0,0,0,0.002,0,0,0,0,0,0,0,0,0,0,0.0074,0
0,0,0,0,0,0,0,0,0,0,0,0,0,0,0,0,0,0,0,0,0,0
0,0,0,0,0,0,0,0,0,0,0,0,0,0,0,0,0,0,0,0,0,0
0,0,0,0,0,0,0,0,0,0,0,0,0,0,0,0,0,0,0,0,0,0
0,0,0,0,0,0,0,0,0,0,0,0,0,0,0,0,0,0,0,0,0,0
0,0,0,0,0,0,0,0,0,0,0,0,0,0,0,0,0,0,0,0,0,0
0,0,0,0,0,0,0,0,0,0,0,0,0,0,0,0,0,0,0,0,0,0
0,0,0,0,0,0,0,0,0,0,0,0,0,0,0,0,0,0,0,0,0,0
0,0,0,0,0,0,0,0,0,0,0,0,0,0,0,0,0,0,0,0,0,0
0,0,0,0,0,0,0,0,0,0,0,0,0,0,0,0,0,0,0,0,0,0
0,0,0,0,0,0,0,0,0,0,0,0,0,0,0,0,0,0,0,0,0,0
0,0,0,0,0,0,0,0,0,0,0,0,0,0,0,0,0,0,0,0,0,0
0,0,0,0.1115,0.0062,0,0,0,0,0,0.0072,0.0072,0,0.0459,0.0059,0.0055,0,0,0.0155,0.0012,0,0
0,0,0,0.556,0.054,0.0035,0.0036,0.0354,0.0027,0,0.09,0.09,0.0012,0.3017,0.0846,0.0751,0,0.0166,0.194,0.0284,6.00E-04,0.0276
0,0,0,1.0495,0.1094,0.1345,0.0348,0.1636,0.2031,0,0.1992,0.1992,0.0384,0.5536,0.1954,0.1731,0.1056,0.67,0.4421,0.1043,0.0197,0.2244
0.0994,0.0732,0.0732,1.427,0.1412,0.3142,0.0624,0.3345,0.5024,0.0036,0.2304,0.2304,0.1656,0.7154,0.2746,0.2832,0.4766,1.5187,0.6355,0.1705,0.1802,0.4164
0.3219,0.1944,0.1944,1.5728,0.143,0.477,0.0684,0.4669,0.7214,0.0223,0.2748,0.2748,0.4296,0.7979,0.3809,0.382,0.7239,2.0418,0.7378,0.2035,0.4806,0.516
0.5181,0.2688,0.2688,1.5433,0.1525,0.587,0.0888,0.538,0.8307,0.066,0.4116,0.4116,0.6588,0.8197,0.5,0.3902,0.8646,2.2944,0.7087,0.21,0.6894,0.5628
0.6191,0.3732,0.3732,1.3245,0.1745,0.6324,0.0924,0.481,0.8449,0.1078,0.4188,0.4188,0.7776,0.7618,0.4604,0.3631,0.9171,2.3337,0.6152,0.1886,0.7685,0.4368
0.6199,0.5688,0.5688,1.2904,0.1247,0.5791,0.0876,0.3856,0.7814,0.1585,0.282,0.282,0.7104,0.6209,0.3132,0.2531,0.9194,2.1623,0.4623,0.1915,0.7922,0.2304
0.5457,0.6072,0.6072,0.7945,0.0557,0.48,0.066,0.2887,0.6402,0.1792,0.1284,0.1284,0.564,0.4059,0.1344,0.116,0.8476,1.8784,0.3256,0.1403,0.77,0.1656
0.5017,0.4524,0.4524,0.343,5.00E-04,0.3119,0.0144,0.1625,0.4076,0.1601,0.006,0.006,0.3048,0.1018,0.0145,0.0212,0.7052,1.3944,0.149,0.05,0.6852,0.1164
0.2436,0.2772,0.2772,0.0215,0,0.0882,0,0.0412,0.0618,0.1161,0,0,0.006,0,0,0,0.4768,0.6537,0,2.00E-04,0.5141,0.0492
0.0697,0.114,0.114,0,0,0,0,0,0,0.0433,0,0,0,0,0,0,0.0632,4.65E-02,0,0,0.2662,0
0.0014,0.0168,0.0168,0,0,0,0,0,0,7.00E-04,0,0,0,0,0,0,0,0,0,0,0.0066,0
0,0,0,0,0,0,0,0,0,0,0,0,0,0,0,0,0,0,0,0,0,0
0,0,0,0,0,0,0,0,0,0,0,0,0,0,0,0,0,0,0,0,0,0
0,0,0,0,0,0,0,0,0,0,0,0,0,0,0,0,0,0,0,0,0,0
0,0,0,0,0,0,0,0,0,0,0,0,0,0,0,0,0,0,0,0,0,0
0,0,0,0,0,0,0,0,0,0,0,0,0,0,0,0,0,0,0,0,0,0
0,0,0,0,0,0,0,0,0,0,0,0,0,0,0,0,0,0,0,0,0,0
0,0,0,0,0,0,0,0,0,0,0,0,0,0,0,0,0,0,0,0,0,0
0,0,0,0,0,0,0,0,0,0,0,0,0,0,0,0,0,0,0,0,0,0
0,0,0,0,0,0,0,0,0,0,0,0,0,0,0,0,0,0,0,0,0,0
0,0,0,0,0,0,0,0,0,0,0,0,0,0,0,0,0,0,0,0,0,0
0,0,0,0,0,0,0,0,0,0,0,0,0,0,0,0,0,0,0,0,0,0
0,0,0,0.0498,0.0122,0,0,0,0,0,0.0264,0.0264,0,0.0127,0.0146,0.0041,0,0,0.0077,4.00E-04,0,0
0,0,0,0.2734,0.2087,0.0649,0.144,0.0318,0.0185,0,0.2976,0.2976,0.09,0.1207,0.1788,0.0713,0,0.0372,0.1282,0.0924,0.0011,0.054
0,0,0,0.6413,0.5681,0.3821,0.456,0.1874,0.2727,0,0.6108,0.6108,0.4296,0.3104,0.3581,0.2571,0.0356,0.5958,0.3532,0.3498,0.0224,0.3396
0.0855,0.0708,0.0708,1.1663,0.7322,0.6314,0.66,0.3285,0.5254,0.0032,0.6732,0.6732,0.6816,0.4362,0.4247,0.3977,0.2123,1.1979,0.5043,0.6355,0.2362,0.5976
0.3014,0.318,0.318,1.281,0.7687,0.7608,0.8004,0.4135,0.6232,0.0506,0.432,0.432,0.816,0.4345,0.4484,0.5809,0.4007,1.5066,0.5565,0.7791,0.5349,0.738
0.3116,0.5508,0.5508,1.248,0.7016,0.7881,0.8688,0.4614,0.6056,0.2246,0.5928,0.5928,0.882,0.4265,0.682,0.7695,0.5347,1.5686,0.5731,0.8311,0.7046,0.8052
0.3353,0.7032,0.7032,1.2866,0.4421,0.7549,0.852,0.4824,0.5231,0.4344,0.6684,0.6684,0.8772,0.3027,0.7461,0.8058,0.6117,1.5608,0.5272,0.8174,0.7801,0.8412
0.3616,0.7536,0.7536,1.1714,0.27,0.6711,0.75,0.433,0.3701,0.4829,0.594,0.594,0.7944,0.1895,0.6291,0.6841,0.6948,1.4709,0.4188,0.7362,0.7975,0.8136
0.3609,0.6984,0.6984,0.887,0.1387,0.5195,0.5556,0.3631,0.2479,0.425,0.342,0.342,0.6228,0.0989,0.3858,0.4693,0.6001,1.223,0.2576,0.5847,0.7619,0.7176
0.2882,0.5172,0.5172,0.4958,0.0025,0.3115,0.2556,0.2522,0.1164,0.363,0.0192,0.0192,0.3504,0.0245,0.0503,0.1428,0.3739,0.8652,0.0893,0.3522,0.6756,0.5532
0.1692,0.3456,0.3456,0.0361,0,0.0409,0,0.1095,0.0053,0.2553,0,0,0.0072,0,0,7.00E-04,0.2111,0.4089,0,0.0292,0.512,0.2892
0.0888,0.168,0.168,0,0,0,0,0.0017,1.00E-04,0.092,0,0,0,0,0,0,0.03,0.0448,0,0,0.2596,0.0072
0.0063,0.0384,0.0384,0,0,0,0,0,0,0.0027,0,0,0,0,0,0,0,0,0,0,0.0072,0
0,0,0,0,0,0,0,0,0,0,0,0,0,0,0,0,0,0,0,0,0,0
0,0,0,0,0,0,0,0,0,0,0,0,0,0,0,0,0,0,0,0,0,0
0,0,0,0,0,0,0,0,0,0,0,0,0,0,0,0,0,0,0,0,0,0
0,0,0,0,0,0,0,0,0,0,0,0,0,0,0,0,0,0,0,0,0,0
0,0,0,0,0,0,0,0,0,0,0,0,0,0,0,0,0,0,0,0,0,0
0,0,0,0,0,0,0,0,0,0,0,0,0,0,0,0,0,0,0,0,0,0
0,0,0,0,0,0,0,0,0,0,0,0,0,0,0,0,0,0,0,0,0,0
0,0,0,0,0,0,0,0,0,0,0,0,0,0,0,0,0,0,0,0,0,0
0,0,0,0,0,0,0,0,0,0,0,0,0,0,0,0,0,0,0,0,0,0
0,0,0,0,0,0,0,0,0,0,0,0,0,0,0,0,0,0,0,0,0,0
0,0,0,0,0,0,0,0,0,0,0,0,0,0,0,0,0,0,0,0,0,0
0,0,0,0.1542,0.1145,0,0,0,0,0,0.0792,0.0792,0,0.0871,0.0625,0.0343,0,0,0.0113,0.002,0,0
0,0,0,0.6033,0.4497,0.0128,0.0672,0.0704,7.00E-04,0,0.4152,0.4152,0.0048,0.4149,0.4028,0.3254,0,0.0179,0.184,0.0561,7.00E-04,0.0312
0,0,0,0.9056,0.6802,0.0789,0.1776,0.2884,0.0167,0,0.6504,0.6504,0.0576,0.6688,0.6551,0.6081,1.00E-04,0.1953,0.3559,0.1764,0.0176,0.2208
0.1509,0.096,0.096,1.0518,0.773,0.1451,0.2952,0.5033,0.0658,0.0111,0.8064,0.8064,0.114,0.824,0.8205,0.7746,0.0331,0.5093,0.416,0.2902,0.2196,0.4632
0.4363,0.3816,0.3816,1.3459,0.8493,0.1952,0.4332,0.6536,0.1261,0.0418,0.8832,0.8832,0.1428,0.8982,0.8866,0.8362,0.1017,0.8692,0.4353,0.3376,0.4732,0.7008
0.6389,0.642,0.642,1.5942,0.8784,0.2045,0.2928,0.7277,0.1679,0.0884,0.8964,0.8964,0.1572,0.8946,0.9193,0.8557,0.2224,1.1024,0.3949,0.3284,0.653,0.8352
0.7639,0.7764,0.7764,1.598,0.7985,0.1798,0.2592,0.7363,0.1888,0.1259,0.8448,0.8448,0.1872,0.7968,0.8548,0.74,0.3549,1.25,0.3482,0.2869,0.7367,0.8796
0.8287,0.8328,0.8328,1.3931,0.6229,0.1438,0.2196,0.6674,0.1483,0.1466,0.6864,0.6864,0.1668,0.635,0.7019,0.5698,0.4662,1.2119,0.2621,0.235,0.7206,0.84
0.7999,0.8244,0.8244,1.0025,0.3466,0.0836,0.0804,0.5203,0.0845,0.1322,0.4308,0.4308,0.0708,0.3917,0.4556,0.3564,0.4606,0.9987,0.1664,0.153,0.6025,0.738
0.6966,0.7524,0.7524,0.4333,0.0053,0.0316,0.0156,0.3387,0.0405,0.1095,0.0336,0.0336,0.0168,0.0824,0.0694,0.0767,0.4278,0.6539,0.0551,0.0551,0.469,0.5664
0.519,0.6084,0.6084,0.0254,0,0.0054,0,0.1298,0.0066,0.0827,0,0,0,0,0,0,0.3224,0.2522,0,0.0039,0.4265,0.312
0.2508,0.3852,0.3852,0,0,0,0,0.0023,0,0.036,0,0,0,0,0,0,0.0455,0.0144,0,0,0.2261,0.0096
0.0125,0.1008,0.1008,0,0,0,0,0,0,0.0042,0,0,0,0,0,0,0,0,0,0,0.0048,0
0,0,0,0,0,0,0,0,0,0,0,0,0,0,0,0,0,0,0,0,0,0
0,0,0,0,0,0,0,0,0,0,0,0,0,0,0,0,0,0,0,0,0,0
0,0,0,0,0,0,0,0,0,0,0,0,0,0,0,0,0,0,0,0,0,0
0,0,0,0,0,0,0,0,0,0,0,0,0,0,0,0,0,0,0,0,0,0
0,0,0,0,0,0,0,0,0,0,0,0,0,0,0,0,0,0,0,0,0,0
0,0,0,0,0,0,0,0,0,0,0,0,0,0,0,0,0,0,0,0,0,0
0,0,0,0,0,0,0,0,0,0,0,0,0,0,0,0,0,0,0,0,0,0
0,0,0,0,0,0,0,0,0,0,0,0,0,0,0,0,0,0,0,0,0,0
0,0,0,0,0,0,0,0,0,0,0,0,0,0,0,0,0,0,0,0,0,0
0,0,0,0,0,0,0,0,0,0,0,0,0,0,0,0,0,0,0,0,0,0
0,0,0,0,0,0,0,0,0,0,0,0,0,0,0,0,0,0,0,0,0,0
0,0,0,0.1637,0.0069,0,0,0,0,0,0.0096,0.0096,0,0.0046,0.0045,7.00E-04,0,0,0.0048,2.00E-04,0,0
0,0,0,0.6674,0.0553,0.0011,0.0072,0.0626,0.0022,0,0.0876,0.0876,0.0024,0.0827,0.0509,0.0225,0,0.0273,0.1029,0.0175,9.00E-04,0.042
0,0,0,0.9933,0.1083,0.0432,0.0144,0.2903,0.0871,0,0.132,0.132,0.0768,0.2123,0.0853,0.0553,0.0253,0.3745,0.2221,0.078,0.0303,0.2784
0.1877,0.1392,0.1392,1.3121,0.1454,0.1177,0.042,0.4996,0.2094,0.007,0.126,0.126,0.1944,0.3284,0.0993,0.0859,0.2905,0.8385,0.2933,0.1569,0.3022,0.4656
0.4872,0.4512,0.4512,1.5522,0.1499,0.1921,0.0816,0.672,0.3139,0.036,0.108,0.108,0.2892,0.42,0.0981,0.1077,0.6601,1.2161,0.3774,0.2329,0.5698,0.5964
0.6876,0.672,0.672,1.585,0.1407,0.2603,0.1752,0.7753,0.3466,0.0956,0.0744,0.0744,0.4392,0.4306,0.1176,0.1455,0.8326,1.3671,0.3627,0.2828,0.7429,0.7548
0.7812,0.8028,0.8028,1.557,0.1133,0.2588,0.2028,0.6969,0.3353,0.1302,0.0564,0.0564,0.4536,0.4115,0.1242,0.1509,0.8975,1.1755,0.3291,0.2812,0.8337,0.762
0.8038,0.8604,0.8604,1.3803,0.0529,0.1967,0.144,0.6028,0.271,0.1437,0.0684,0.0684,0.3696,0.3022,0.1163,0.1178,0.878,0.9665,0.2567,0.24,0.8566,0.6636
0.7671,0.8532,0.8532,1.0495,0.0161,0.1174,0.066,0.4278,0.1564,0.1428,0.0384,0.0384,0.2352,0.1143,0.0523,0.0517,0.8017,0.7418,0.1754,0.1576,0.8165,0.5112
0.6695,0.78,0.78,0.5303,0,0.0389,0.012,0.2354,0.0468,0.1169,0,0,0.078,0.0118,0.0011,0.0036,0.6061,0.4468,0.067,0.0639,0.7075,0.2928
0.503,0.636,0.636,0.0317,0,9.00E-04,0,0.0908,0.0014,0.0669,0,0,0,0,0,0,0.2878,0.2041,0,0.0038,0.5291,0.0948
0.2479,0.4116,0.4116,0,0,0,0,3.00E-04,0,0.0292,0,0,0,0,0,0,0.0274,0.0419,0,0,0.2706,0.0012
0.0111,0.1092,0.1092,0,0,0,0,0,0,0.0045,0,0,0,0,0,0,0,0,0,0,0.0091,0
0,0,0,0,0,0,0,0,0,0,0,0,0,0,0,0,0,0,0,0,0,0
0,0,0,0,0,0,0,0,0,0,0,0,0,0,0,0,0,0,0,0,0,0
0,0,0,0,0,0,0,0,0,0,0,0,0,0,0,0,0,0,0,0,0,0
0,0,0,0,0,0,0,0,0,0,0,0,0,0,0,0,0,0,0,0,0,0
0,0,0,0,0,0,0,0,0,0,0,0,0,0,0,0,0,0,0,0,0,0
0,0,0,0,0,0,0,0,0,0,0,0,0,0,0,0,0,0,0,0,0,0
0,0,0,0,0,0,0,0,0,0,0,0,0,0,0,0,0,0,0,0,0,0
0,0,0,0,0,0,0,0,0,0,0,0,0,0,0,0,0,0,0,0,0,0
0,0,0,0,0,0,0,0,0,0,0,0,0,0,0,0,0,0,0,0,0,0
0,0,0,0,0,0,0,0,0,0,0,0,0,0,0,0,0,0,0,0,0,0
0,0,0,0,0,0,0,0,0,0,0,0,0,0,0,0,0,0,0,0,0,0
0,0,0,0.1494,0,0,0,0,0,0,0.006,0.006,0,0.0057,0.0032,0.0014,0,0,0.0047,1.00E-04,0,0
0,0,0,0.664,0.0262,0.0045,0.0084,0.0651,0.0023,0,0.1092,0.1092,0.0024,0.0868,0.0775,0.0448,0,0.015,0.09,0.0256,6.00E-04,0.0288
0,0,0,1.1348,0.0766,0.0824,0.042,0.2729,0.1676,0,0.2568,0.2568,0.0648,0.2306,0.1788,0.1189,0.0783,0.3038,0.2905,0.1175,0.0295,0.2172
0.1276,0.1212,0.1212,1.4359,0.1253,0.2016,0.0684,0.444,0.4446,0.0073,0.3348,0.3348,0.1824,0.3161,0.2552,0.1967,0.456,0.7332,0.4817,0.2372,0.3068,0.4224
0.3349,0.4356,0.4356,1.5984,0.1575,0.3503,0.0876,0.6365,0.6109,0.0296,0.2988,0.2988,0.3468,0.318,0.3036,0.306,0.7159,1.1405,0.5877,0.3174,0.5816,0.612
0.4817,0.6768,0.6768,1.5596,0.1561,0.4844,0.0936,0.7029,0.6571,0.0835,0.2088,0.2088,0.528,0.3086,0.3438,0.3925,0.8655,1.4515,0.5948,0.3415,0.7569,0.684
0.5503,0.8136,0.8136,1.4485,0.125,0.409,0.1356,0.7265,0.5205,0.1273,0.1764,0.1764,0.5976,0.28,0.3736,0.4076,0.9317,1.3265,0.5759,0.2853,0.8545,0.6996
0.5676,0.8676,0.8676,1.3254,0.0772,0.2889,0.1488,0.7007,0.437,0.16,0.1452,0.1452,0.5076,0.1979,0.3176,0.336,0.92,1.132,0.52,0.2268,0.879,0.6504
0.5489,0.8556,0.8556,1.0177,0.0245,0.2015,0.12,0.5713,0.2896,0.1578,0.084,0.084,0.3408,0.0928,0.1843,0.1978,0.8426,0.9041,0.299,0.1656,0.8409,0.5496
0.4855,0.7812,0.7812,0.5219,0,0.0938,0.042,0.3661,0.0909,0.1251,0.0024,0.0024,0.1416,0.0151,0.0198,0.0292,0.6909,0.5962,0.0898,0.0716,0.7325,0.33
0.3691,0.6384,0.6384,0.0282,0,0.009,0,0.1343,0.0035,0.0825,0,0,0,0,0,0,0.4433,0.2665,0,0.0051,0.5535,0.144
0.1975,0.414,0.414,0,0,0,0,6.00E-04,0,0.0383,0,0,0,0,0,0,0.0472,0.0467,0,0,0.2906,0.0024
0.0104,0.1044,0.1044,0,0,0,0,0,0,0.0043,0,0,0,0,0,0,0,0,0,0,0.009,0
0,0,0,0,0,0,0,0,0,0,0,0,0,0,0,0,0,0,0,0,0,0
0,0,0,0,0,0,0,0,0,0,0,0,0,0,0,0,0,0,0,0,0,0
0,0,0,0,0,0,0,0,0,0,0,0,0,0,0,0,0,0,0,0,0,0
0,0,0,0,0,0,0,0,0,0,0,0,0,0,0,0,0,0,0,0,0,0
0,0,0,0,0,0,0,0,0,0,0,0,0,0,0,0,0,0,0,0,0,0
0,0,0,0,0,0,0,0,0,0,0,0,0,0,0,0,0,0,0,0,0,0
0,0,0,0,0,0,0,0,0,0,0,0,0,0,0,0,0,0,0,0,0,0
0,0,0,0,0,0,0,0,0,0,0,0,0,0,0,0,0,0,0,0,0,0
0,0,0,0,0,0,0,0,0,0,0,0,0,0,0,0,0,0,0,0,0,0
0,0,0,0,0,0,0,0,0,0,0,0,0,0,0,0,0,0,0,0,0,0
0,0,0,0,0,0,0,0,0,0,0,0,0,0,0,0,0,0,0,0,0,0
0,0,0,0.1352,0.0232,0,0,0,0,0,0.006,0.006,0,0.032,0.0025,0.0016,0,0,0.0071,7.00E-04,0,0
0,0,0,0.5762,0.2447,0.0081,0.0216,0.0495,2.00E-04,0,0.0792,0.0792,0.0012,0.1742,0.0541,0.0367,0,0.0111,0.1589,0.0541,3.00E-04,0.0156
0,0,0,0.8504,0.479,0.077,0.126,0.2557,0.0192,0,0.126,0.126,0.024,0.3621,0.095,0.1264,0.0017,0.2846,0.3676,0.1374,0.0241,0.09
0.0988,0.144,0.144,1.0147,0.4783,0.1606,0.3648,0.4008,0.0863,0.0147,0.1608,0.1608,0.06,0.5,0.1356,0.2175,0.0504,0.9115,0.5853,0.1941,0.3016,0.144
0.3248,0.4584,0.4584,1.2733,0.3643,0.289,0.5532,0.5115,0.1063,0.068,0.1896,0.1896,0.0636,0.4116,0.1507,0.133,0.1176,1.4397,0.65,0.2424,0.5746,0.2352
0.5164,0.6792,0.6792,1.5984,0.3455,0.3971,0.1704,0.5497,0.1048,0.1257,0.1416,0.1416,0.06,0.3003,0.1154,0.1142,0.1779,1.8276,0.6215,0.284,0.7388,0.4008
0.6722,0.798,0.798,1.5077,0.3136,0.4065,0.114,0.5077,0.1105,0.1488,0.0816,0.0816,0.0456,0.2296,0.076,0.1069,0.2163,1.9601,0.6568,0.349,0.813,0.4296
0.704,0.8508,0.8508,1.0415,0.2322,0.3894,0.0696,0.4077,0.1033,0.1708,0.054,0.054,0.0384,0.1285,0.0511,0.0889,0.2355,1.8668,0.6166,0.3127,0.814,0.3168
0.7218,0.8412,0.8412,0.3932,0.0437,0.3158,0.0432,0.2772,0.0803,0.1477,0.0156,0.0156,0.024,0.064,0.0155,0.0411,0.2144,1.4495,0.4133,0.1806,0.7648,0.2292
0.6313,0.7608,0.7608,0.1052,0,0.1781,0.0072,0.1214,0.0396,0.1168,0,0,0.0048,0.0113,0,0.0047,0.1793,0.8782,0.1166,0.0552,0.661,0.1344
0.4859,0.6144,0.6144,0.0029,0,0.056,0,0.0248,0.0039,0.0864,0,0,0,0,0,0,0.1022,0.3015,0,0.0021,0.4952,0.0372
0.2745,0.3804,0.3804,0,0,0,0,0,1.00E-04,0.0334,0,0,0,0,0,0,0.0113,0.007,0,0,0.2573,0
0.0132,0.0804,0.0804,0,0,0,0,0,0,0.0033,0,0,0,0,0,0,0,0,0,0,0.0083,0
0,0,0,0,0,0,0,0,0,0,0,0,0,0,0,0,0,0,0,0,0,0
0,0,0,0,0,0,0,0,0,0,0,0,0,0,0,0,0,0,0,0,0,0
0,0,0,0,0,0,0,0,0,0,0,0,0,0,0,0,0,0,0,0,0,0
0,0,0,0,0,0,0,0,0,0,0,0,0,0,0,0,0,0,0,0,0,0
0,0,0,0,0,0,0,0,0,0,0,0,0,0,0,0,0,0,0,0,0,0
0,0,0,0,0,0,0,0,0,0,0,0,0,0,0,0,0,0,0,0,0,0
0,0,0,0,0,0,0,0,0,0,0,0,0,0,0,0,0,0,0,0,0,0
0,0,0,0,0,0,0,0,0,0,0,0,0,0,0,0,0,0,0,0,0,0
0,0,0,0,0,0,0,0,0,0,0,0,0,0,0,0,0,0,0,0,0,0
0,0,0,0,0,0,0,0,0,0,0,0,0,0,0,0,0,0,0,0,0,0
0,0,0,0,0,0,0,0,0,0,0,0,0,0,0,0,0,0,0,0,0,0
0,0,0,0.1399,0.003,0,0,0,0,0,0,0,0,0.0023,0,1.00E-04,0,0,0.0018,0,0,0
0,0,0,0.6335,0.0389,0.0024,0.006,0.02,0.0032,0,0.03,0.03,0.0024,0.0409,0.0324,0.0278,0,0.0166,0.085,0.0075,3.00E-04,0.012
0,0,0,1.0543,0.0683,0.1565,0.03,0.1706,0.2053,0,0.0624,0.0624,0.0564,0.1744,0.1095,0.1178,0.0445,0.7851,0.2561,0.0673,0.0349,0.1476
0.1439,0.1308,0.1308,1.3659,0.0928,0.3035,0.0648,0.363,0.522,0.0073,0.1212,0.1212,0.0852,0.2835,0.2523,0.2636,0.4398,1.7738,0.3543,0.1517,0.3536,0.4236
0.3912,0.4392,0.4392,1.4238,0.1238,0.4148,0.0828,0.5227,0.7471,0.0378,0.2496,0.2496,0.1692,0.4696,0.3582,0.3225,0.7354,2.4428,0.3432,0.1811,0.6387,0.6996
0.5599,0.6624,0.6624,1.4217,0.1842,0.5205,0.0936,0.6556,0.8555,0.0986,0.2352,0.2352,0.306,0.4056,0.2724,0.2571,0.883,2.7978,0.2926,0.2416,0.8178,0.8868
0.6487,0.7968,0.7968,1.2008,0.1682,0.5463,0.0672,0.6594,0.8642,0.144,0.1836,0.1836,0.3408,0.2582,0.2147,0.2079,0.8834,2.8767,0.2266,0.3033,0.9027,0.93
0.7047,0.8544,0.8544,0.8977,0.0997,0.503,0.0816,0.5698,0.7745,0.2124,0.1116,0.1116,0.3072,0.1291,0.112,0.1399,0.1672,2.7414,0.1516,0.4062,0.9268,0.8916
0.6842,0.8436,0.8436,0.6351,0.0191,0.4076,0.0648,0.4889,0.5743,0.2404,0.0252,0.0252,0.228,0.0971,0.0396,0.0849,0.1094,2.3788,0.0903,0.3746,0.8896,0.7752
0.5756,0.7704,0.7704,0.2759,0,0.2568,0.0132,0.3297,0.3302,0.2655,0,0,0.0816,0.0258,0.0022,0.0189,0.0887,1.739,0.0354,0.1869,0.7726,0.5796
0.4095,0.6252,0.6252,0.0124,0,0.0911,0,0.1423,0.0432,0.1923,0,0,0,0,0,0,0.0743,0.807,0,0.0155,0.5844,0.2904
0.2069,0.3972,0.3972,0,0,0,0,0.002,0,0.0809,0,0,0,0,0,0,0.0178,0.0519,0,0,0.3111,0.0084
0.0098,0.096,0.096,0,0,0,0,0,0,0.0045,0,0,0,0,0,0,0,0,0,0,0.0098,0
0,0,0,0,0,0,0,0,0,0,0,0,0,0,0,0,0,0,0,0,0,0
0,0,0,0,0,0,0,0,0,0,0,0,0,0,0,0,0,0,0,0,0,0
0,0,0,0,0,0,0,0,0,0,0,0,0,0,0,0,0,0,0,0,0,0
0,0,0,0,0,0,0,0,0,0,0,0,0,0,0,0,0,0,0,0,0,0
0,0,0,0,0,0,0,0,0,0,0,0,0,0,0,0,0,0,0,0,0,0
0,0,0,0,0,0,0,0,0,0,0,0,0,0,0,0,0,0,0,0,0,0
0,0,0,0,0,0,0,0,0,0,0,0,0,0,0,0,0,0,0,0,0,0
0,0,0,0,0,0,0,0,0,0,0,0,0,0,0,0,0,0,0,0,0,0
0,0,0,0,0,0,0,0,0,0,0,0,0,0,0,0,0,0,0,0,0,0
0,0,0,0,0,0,0,0,0,0,0,0,0,0,0,0,0,0,0,0,0,0
0,0,0,0,0,0,0,0,0,0,0,0,0,0,0,0,0,0,0,0,0,0
0,0,0,0.0261,0.0149,0,0,0,0,0,0.0072,0.0072,0,0.0071,0.0072,0.0046,0,0,0.0042,4.00E-04,0,0
0,0,0,0.1905,0.1579,0.0643,0.0924,0.0613,0.0094,0,0.1344,0.1344,0.0612,0.1348,0.1643,0.1363,0,0.0473,0.1046,0.1655,0.0015,0.0708
0,0,0,0.3778,0.3554,0.3846,0.3396,0.2828,0.2432,0,0.3588,0.3588,0.4104,0.3032,0.4371,0.3958,0.0806,0.706,0.2361,0.4993,0.0366,0.42
0.1526,0.1308,0.1308,0.5104,0.6297,0.6683,0.534,0.4194,0.4939,0.0091,0.594,0.594,0.6828,0.4535,0.6688,0.6037,0.4856,1.5632,0.3732,0.7319,0.3498,0.6252
0.4021,0.4392,0.4392,0.5905,0.7966,0.8338,0.6492,0.5023,0.655,0.0374,0.7308,0.7308,0.8376,0.4334,0.7772,0.6947,0.7529,2.1631,0.4623,0.8611,0.6302,0.744
0.6378,0.6612,0.6612,0.618,0.8082,0.9065,0.6312,0.5189,0.7195,0.0767,0.7968,0.7968,0.9012,0.3641,0.8121,0.7451,0.9113,2.4933,0.4463,0.9135,0.8019,0.7548
0.7791,0.7932,0.7932,0.5683,0.7208,0.904,0.4056,0.5134,0.6832,0.1243,0.7356,0.7356,0.8832,0.3254,0.7593,0.7144,0.9834,2.5654,0.3699,0.8899,0.8794,0.7464
0.8389,0.8508,0.8508,0.457,0.5296,0.8246,0.3096,0.4728,0.5375,0.191,0.5844,0.5844,0.7848,0.2709,0.5078,0.4808,0.9798,2.4496,0.2307,0.803,0.8964,0.6588
0.8057,0.8424,0.8424,0.3115,0.2627,0.6535,0.1512,0.4095,0.3723,0.1641,0.222,0.222,0.5748,0.0969,0.1971,0.2601,0.9028,2.1453,0.1117,0.6365,0.8457,0.5736
0.7013,0.7776,0.7776,0.1475,5.00E-04,0.3823,0.0648,0.2903,0.1738,0.1394,0.006,0.006,0.2604,0.0215,0.0151,0.0768,0.7441,1.577,0.0898,0.3861,0.7447,0.4416
0.5179,0.63,0.63,0.0096,0,0.0791,0,0.1184,0.0237,0.0951,0,0,0.0036,0,0,4.00E-04,0.4581,0.7115,0,0.0339,0.575,0.1896
0.2776,0.3996,0.3996,0,0,0,0,6.00E-04,0,0.0349,0,0,0,0,0,0,0.0357,0.0499,0,0,0.3018,0.0024
0.0104,0.0756,0.0756,0,0,0,0,0,0,0.0031,0,0,0,0,0,0,0,0,0,0,0.0072,0
0,0,0,0,0,0,0,0,0,0,0,0,0,0,0,0,0,0,0,0,0,0
0,0,0,0,0,0,0,0,0,0,0,0,0,0,0,0,0,0,0,0,0,0
0,0,0,0,0,0,0,0,0,0,0,0,0,0,0,0,0,0,0,0,0,0
0,0,0,0,0,0,0,0,0,0,0,0,0,0,0,0,0,0,0,0,0,0
0,0,0,0,0,0,0,0,0,0,0,0,0,0,0,0,0,0,0,0,0,0
0,0,0,0,0,0,0,0,0,0,0,0,0,0,0,0,0,0,0,0,0,0
0,0,0,0,0,0,0,0,0,0,0,0,0,0,0,0,0,0,0,0,0,0
0,0,0,0,0,0,0,0,0,0,0,0,0,0,0,0,0,0,0,0,0,0
0,0,0,0,0,0,0,0,0,0,0,0,0,0,0,0,0,0,0,0,0,0
0,0,0,0,0,0,0,0,0,0,0,0,0,0,0,0,0,0,0,0,0,0
0,0,0,0,0,0,0,0,0,0,0,0,0,0,0,0,0,0,0,0,0,0
0,0,0,0.0285,0.0313,0,0,0,0,0,0.0048,0.0048,0,0,0.0032,0.0012,0,0,0.0018,0,0,0
0,0,0,0.1914,0.1861,0.07,0.102,0.081,0.0105,0,0.0864,0.0864,0.0624,0.019,0.0703,0.1072,0,0.0533,0.0351,0.1716,0.0016,0.078
0,0,0,0.3678,0.3512,0.3998,0.4368,0.3722,0.2149,0,0.1788,0.1788,0.402,0.0565,0.1534,0.2737,0.0084,0.8672,0.0789,0.496,0.0341,0.438
0.1082,0.0144,0.0144,0.4849,0.466,0.671,0.6684,0.6246,0.4356,0.0016,0.264,0.264,0.6624,0.1024,0.2309,0.3879,0.1299,1.7816,0.1406,0.7086,0.3213,0.7092
0.3393,0.132,0.132,0.5524,0.5425,0.8268,0.7944,0.8597,0.5725,0.0191,0.2916,0.2916,0.81,0.17,0.2607,0.4505,0.375,2.3535,0.1821,0.8325,0.5983,0.8736
0.4566,0.3504,0.3504,0.5658,0.5139,0.8961,0.8448,0.9497,0.6692,0.0705,0.2652,0.2652,0.87,0.0987,0.2463,0.4625,0.6662,2.6553,0.2472,0.8844,0.7698,0.9612
0.5909,0.5748,0.5748,0.4828,0.3907,0.8932,0.8148,0.9647,0.7755,0.1248,0.2136,0.2136,0.8568,0.0827,0.2125,0.44,0.8643,2.7552,0.2586,0.8737,0.8467,0.9792
0.6565,0.6552,0.6552,0.3674,0.2558,0.8179,0.7056,0.9111,0.7681,0.1667,0.156,0.156,0.7716,0.0485,0.1537,0.3654,0.9237,2.6312,0.1329,0.7775,0.852,0.9312
0.6093,0.5328,0.5328,0.2289,0.1068,0.6608,0.5004,0.7865,0.6105,0.1841,0.0648,0.0648,0.6012,0.031,0.0617,0.2447,0.854,2.2679,0.0543,0.6179,0.7865,0.8172
0.4887,0.5064,0.5064,0.091,0,0.4078,0.1944,0.5803,0.3148,0.1652,0,0,0.3288,0.0053,0.0011,0.1032,0.7072,1.6448,0.0103,0.372,0.6467,0.63
0.3083,0.3972,0.3972,0.0054,0,0.0819,0,0.2829,0.0392,0.1092,0,0,0.0036,0,0,5.00E-04,0.467,0.7671,0,0.0328,0.4282,0.354
0.1263,0.2016,0.2016,0,0,0,0,0.0026,0,0.0489,0,0,0,0,0,0,0.0618,0.0503,0,0,0.1774,0.0108
0.0028,0.0204,0.0204,0,0,0,0,0,0,8.00E-04,0,0,0,0,0,0,0,0,0,0,0.0016,0
0,0,0,0,0,0,0,0,0,0,0,0,0,0,0,0,0,0,0,0,0,0
0,0,0,0,0,0,0,0,0,0,0,0,0,0,0,0,0,0,0,0,0,0
0,0,0,0,0,0,0,0,0,0,0,0,0,0,0,0,0,0,0,0,0,0
0,0,0,0,0,0,0,0,0,0,0,0,0,0,0,0,0,0,0,0,0,0
0,0,0,0,0,0,0,0,0,0,0,0,0,0,0,0,0,0,0,0,0,0
0,0,0,0,0,0,0,0,0,0,0,0,0,0,0,0,0,0,0,0,0,0
0,0,0,0,0,0,0,0,0,0,0,0,0,0,0,0,0,0,0,0,0,0
0,0,0,0,0,0,0,0,0,0,0,0,0,0,0,0,0,0,0,0,0,0
0,0,0,0,0,0,0,0,0,0,0,0,0,0,0,0,0,0,0,0,0,0
0,0,0,0,0,0,0,0,0,0,0,0,0,0,0,0,0,0,0,0,0,0
0,0,0,0,0,0,0,0,0,0,0,0,0,0,0,0,0,0,0,0,0,0
0,0,0,0.1589,0.0401,0,0,0,0,0,0.0228,0.0228,0,0.0012,0.0249,0.0162,0,0,0.0053,1.00E-04,0,0
0,0,0,0.6644,0.2842,0.0581,0.1392,0.164,0.007,0,0.3792,0.3792,0.0312,0.0414,0.3691,0.2952,0,0.0619,0.1654,0.1889,0.0019,0.09
0,0,0,1.1159,0.579,0.3086,0.4716,0.5163,0.1353,0,0.642,0.642,0.1848,0.1289,0.6503,0.5954,0.0095,0.7936,0.4607,0.5334,0.0292,0.456
0.0368,0.072,0.072,1.3894,0.7668,0.4996,0.6912,0.7565,0.403,0.0077,0.8028,0.8028,0.21,0.2555,0.8143,0.7788,0.1124,1.7578,0.6835,0.7683,0.2456,0.7164
0.1931,0.3432,0.3432,1.3971,0.8271,0.6085,0.8136,0.8995,0.6313,0.0634,0.8724,0.8724,0.2148,0.4195,0.889,0.8736,0.2685,2.3252,0.7459,0.892,0.4544,0.8736
0.367,0.5976,0.5976,1.3012,0.8093,0.6781,0.8472,0.9674,0.7223,0.223,0.864,0.864,0.2676,0.6084,0.8855,0.897,0.4395,2.6295,0.7582,0.9403,0.5826,0.9552
0.4146,0.7812,0.7812,1.1066,0.713,0.6983,0.6192,0.9686,0.7809,0.368,0.78,0.78,0.3204,0.7128,0.8088,0.844,0.555,2.7079,0.7458,0.9196,0.5055,0.972
0.3727,0.8568,0.8568,0.8772,0.5226,0.7201,0.2832,0.9066,0.677,0.4871,0.612,0.612,0.5244,0.6367,0.6513,0.7116,0.5929,2.5312,0.6319,0.8303,0.4001,0.9252
0.3107,0.8556,0.8556,0.4399,0.239,0.6212,0.1992,0.776,0.5245,0.5023,0.3456,0.3456,0.5148,0.4128,0.3976,0.4885,0.541,2.0896,0.4358,0.6632,0.3912,0.8136
0.223,0.7776,0.7776,0.1501,0.0014,0.3805,0.1212,0.5665,0.3318,0.3503,0.0168,0.0168,0.2652,0.0975,0.0508,0.154,0.3863,1.4702,0.1928,0.4027,0.2551,0.6264
0.1388,0.6216,0.6216,0.0077,0,0.0729,0,0.268,0.0359,0.1362,0,0,0.0012,0,0,5.00E-04,0.1857,0.6501,0,0.0356,0.1685,0.3504
0.0454,0.3696,0.3696,0,0,0,0,0.0023,1.00E-04,0.0397,0,0,0,0,0,0,0.019,0.0478,0,0,0.0617,0.0096
0,0.0684,0.0684,0,0,0,0,0,0,0.0028,0,0,0,0,0,0,0,0,0,0,0.0019,0
0,0,0,0,0,0,0,0,0,0,0,0,0,0,0,0,0,0,0,0,0,0
0,0,0,0,0,0,0,0,0,0,0,0,0,0,0,0,0,0,0,0,0,0
0,0,0,0,0,0,0,0,0,0,0,0,0,0,0,0,0,0,0,0,0,0
0,0,0,0,0,0,0,0,0,0,0,0,0,0,0,0,0,0,0,0,0,0
0,0,0,0,0,0,0,0,0,0,0,0,0,0,0,0,0,0,0,0,0,0
0,0,0,0,0,0,0,0,0,0,0,0,0,0,0,0,0,0,0,0,0,0
0,0,0,0,0,0,0,0,0,0,0,0,0,0,0,0,0,0,0,0,0,0
0,0,0,0,0,0,0,0,0,0,0,0,0,0,0,0,0,0,0,0,0,0
0,0,0,0,0,0,0,0,0,0,0,0,0,0,0,0,0,0,0,0,0,0
0,0,0,0,0,0,0,0,0,0,0,0,0,0,0,0,0,0,0,0,0,0
0,0,0,0,0,0,0,0,0,0,0,0,0,0,0,0,0,0,0,0,0,0
0,0,0,0.1423,0.052,0,0,0,0,0,0.0468,0.0468,0,0.0774,0.0374,0.0223,0,0,0.0168,0.0026,0,0
0,0,0,0.7064,0.3141,0.047,0.1068,0.1092,0.0049,0,0.3804,0.3804,0.018,0.4282,0.3731,0.3077,0,0.0256,0.3235,0.1989,1.00E-04,0.0048
0,0,0,1.2074,0.6133,0.2614,0.4008,0.3285,0.168,0,0.6408,0.6408,0.216,0.6923,0.6432,0.6038,0.0013,0.3319,0.6346,0.5395,0.0051,0.048
0.0458,0.1056,0.1056,1.4975,0.7493,0.5075,0.6228,0.4649,0.4251,0.0093,0.792,0.792,0.5676,0.8524,0.8025,0.7848,0.0346,0.7952,0.8121,0.7536,0.1658,0.0816
0.2142,0.396,0.396,1.6949,0.8337,0.6118,0.7356,0.5768,0.5635,0.0457,0.864,0.864,0.7572,0.9298,0.8767,0.8767,0.069,1.1267,0.9092,0.8701,0.4325,0.126
0.3964,0.6492,0.6492,1.7591,0.8092,0.6199,0.7668,0.6111,0.5799,0.121,0.8556,0.8556,0.8208,0.9354,0.8726,0.8894,0.1062,1.1579,0.9332,0.8919,0.6159,0.168
0.4733,0.7872,0.7872,1.6843,0.7038,0.578,0.6984,0.6045,0.7026,0.2219,0.7728,0.7728,0.8172,0.8682,0.7977,0.8331,0.1528,0.9406,0.8888,0.8303,0.6859,0.2076
0.5042,0.8136,0.8136,1.4954,0.5205,0.4772,0.5676,0.4648,0.6175,0.2885,0.6072,0.6072,0.72,0.7268,0.6423,0.6994,0.2012,0.6294,0.7754,0.7186,0.7008,0.312
0.5377,0.5388,0.5388,1.1572,0.2384,0.3335,0.384,0.4402,0.3937,0.2942,0.3444,0.3444,0.492,0.5007,0.3905,0.4743,0.2005,0.4367,0.5846,0.6003,0.6599,0.2712
0.5136,0.2904,0.2904,0.6614,0.0012,0.0744,0.1356,0.3178,0.145,0.2625,0.0156,0.0156,0.1116,0.1464,0.0481,0.1297,0.1791,0.3057,0.2978,0.2367,0.5892,0.228
0.3007,0.144,0.144,0.0463,0,0,0,0.1081,0.0055,0.1773,0,0,0,0,0,0,0.1663,0.1234,0,0.0081,0.4077,0.0984
0.0572,0.084,0.084,0,0,0,0,0,0,0.0707,0,0,0,0,0,0,0.0248,0.02,0,0,0.1727,0
7.00E-04,0.0432,0.0432,0,0,0,0,0,0,0.0018,0,0,0,0,0,0,0,0,0,0,0.0022,0
0,0,0,0,0,0,0,0,0,0,0,0,0,0,0,0,0,0,0,0,0,0
0,0,0,0,0,0,0,0,0,0,0,0,0,0,0,0,0,0,0,0,0,0
0,0,0,0,0,0,0,0,0,0,0,0,0,0,0,0,0,0,0,0,0,0
0,0,0,0,0,0,0,0,0,0,0,0,0,0,0,0,0,0,0,0,0,0
0,0,0,0,0,0,0,0,0,0,0,0,0,0,0,0,0,0,0,0,0,0
0,0,0,0,0,0,0,0,0,0,0,0,0,0,0,0,0,0,0,0,0,0
0,0,0,0,0,0,0,0,0,0,0,0,0,0,0,0,0,0,0,0,0,0
0,0,0,0,0,0,0,0,0,0,0,0,0,0,0,0,0,0,0,0,0,0
0,0,0,0,0,0,0,0,0,0,0,0,0,0,0,0,0,0,0,0,0,0
0,0,0,0,0,0,0,0,0,0,0,0,0,0,0,0,0,0,0,0,0,0
0,0,0,0,0,0,0,0,0,0,0,0,0,0,0,0,0,0,0,0,0,0
0,0,0,0.1945,0.0679,0,0,0,0,0,0.0096,0.0096,0,0.0011,0.0045,5.00E-04,0,0,0.003,0,0,0
0,0,0,0.7451,0.3815,0.0101,0.0132,0.0266,1.00E-04,0,0.1044,0.1044,0.0024,0.0405,0.0715,0.0412,0,0.0083,0.108,0.0302,2.00E-04,0.0084
0,0,0,1.1926,0.6214,0.1379,0.0408,0.1362,0.0129,0,0.2484,0.2484,0.0624,0.1226,0.1965,0.1726,0.012,0.3645,0.3619,0.1534,0.0061,0.1056
0.0482,0.1464,0.1464,1.4954,0.7817,0.3062,0.0612,0.2769,0.1045,0.0109,0.3108,0.3108,0.168,0.2505,0.3709,0.4337,0.1163,0.9327,0.4544,0.2258,0.0739,0.2004
0.2188,0.4704,0.4704,1.6669,0.8407,0.3618,0.0936,0.3763,0.1776,0.0431,0.3984,0.3984,0.1056,0.4846,0.5128,0.5131,0.161,1.4347,0.4686,0.2881,0.1961,0.2868
0.4785,0.6996,0.6996,1.6909,0.8377,0.3682,0.12,0.4941,0.1987,0.0827,0.5388,0.5388,0.0684,0.6929,0.6103,0.5543,0.1542,1.7824,0.4979,0.4355,0.3018,0.5028
0.6023,0.8364,0.8364,1.5682,0.7505,0.3545,0.0804,0.6027,0.1865,0.1179,0.6936,0.6936,0.0432,0.7322,0.7019,0.6374,0.153,1.8472,0.4838,0.3718,0.3192,0.7008
0.6392,0.8964,0.8964,1.2192,0.5678,0.2931,0.1884,0.5967,0.1246,0.125,0.5472,0.5472,0.0192,0.6542,0.537,0.4389,0.1527,1.6097,0.4212,0.2355,0.2726,0.6504
0.5985,0.864,0.864,0.8439,0.2834,0.2397,0.036,0.5118,0.0582,0.1214,0.1536,0.1536,0.0192,0.4211,0.2262,0.2341,0.1404,1.2762,0.2957,0.1512,0.2275,0.4704
0.5082,0.7848,0.7848,0.4243,5.00E-04,0.1469,0.012,0.2646,0.0183,0.1214,0.0012,0.0012,0.0084,0.096,0.0212,0.0374,0.1008,0.746,0.1076,0.0745,0.1516,0.1452
0.3659,0.6444,0.6444,0.022,0,0.0379,0,0.0603,6.00E-04,0.087,0,0,0,0,0,0,0.049,0.2513,0,0.002,0.0879,0.0372
0.1666,0.3936,0.3936,0,0,0,0,0,0,0.0352,0,0,0,0,0,0,0.0024,0.0096,0,0,0.0306,0
0.0049,0.0228,0.0228,0,0,0,0,0,0,9.00E-04,0,0,0,0,0,0,0,0,0,0,6.00E-04,0
0,0,0,0,0,0,0,0,0,0,0,0,0,0,0,0,0,0,0,0,0,0
0,0,0,0,0,0,0,0,0,0,0,0,0,0,0,0,0,0,0,0,0,0
0,0,0,0,0,0,0,0,0,0,0,0,0,0,0,0,0,0,0,0,0,0
0,0,0,0,0,0,0,0,0,0,0,0,0,0,0,0,0,0,0,0,0,0
0,0,0,0,0,0,0,0,0,0,0,0,0,0,0,0,0,0,0,0,0,0
0,0,0,0,0,0,0,0,0,0,0,0,0,0,0,0,0,0,0,0,0,0
0,0,0,0,0,0,0,0,0,0,0,0,0,0,0,0,0,0,0,0,0,0
0,0,0,0,0,0,0,0,0,0,0,0,0,0,0,0,0,0,0,0,0,0
0,0,0,0,0,0,0,0,0,0,0,0,0,0,0,0,0,0,0,0,0,0
0,0,0,0,0,0,0,0,0,0,0,0,0,0,0,0,0,0,0,0,0,0
0,0,0,0,0,0,0,0,0,0,0,0,0,0,0,0,0,0,0,0,0,0
0,0,0,0.1637,0.0147,0,0,0,0,0,0,0,0,0,0,0,0,0,0.0036,0,0,0
0,0,0,0.6858,0.1433,0.0107,0.0264,0.0378,3.00E-04,0,0.0372,0.0372,0.0072,0.022,0.0356,0.03,0,0.0039,0.0966,0.0093,0,0
0,0,0,1.0804,0.2741,0.1059,0.1512,0.1662,0.0872,0,0.0792,0.0792,0.096,0.0893,0.0803,0.0928,0.0522,0.2033,0.2432,0.0515,0.0095,0.0348
0.0929,0.0216,0.0216,1.2951,0.2668,0.3225,0.1392,0.2778,0.2433,0.0032,0.0996,0.0996,0.2712,0.1594,0.1061,0.1362,0.4199,0.6069,0.2877,0.0964,0.2178,0.078
0.2908,0.1524,0.1524,1.2295,0.2063,0.5428,0.1548,0.3579,0.3519,0.018,0.0756,0.0756,0.546,0.1775,0.0893,0.1483,0.6242,1.0341,0.3543,0.1367,0.4886,0.156
0.4021,0.2316,0.2316,1.1506,0.1714,0.5866,0.3204,0.3203,0.4371,0.0563,0.042,0.042,0.5328,0.1826,0.0608,0.1384,0.6434,1.3936,0.3929,0.139,0.6566,0.2856
0.4544,0.2496,0.2496,1.4255,0.1556,0.4712,0.4584,0.3435,0.4197,0.1039,0.0276,0.0276,0.3156,0.2279,0.0377,0.0959,0.6097,1.56,0.3966,0.1343,0.8341,0.4992
0.4891,0.2184,0.2184,1.4188,0.095,0.295,0.3396,0.3554,0.3342,0.0736,0.0108,0.0108,0.168,0.2209,0.0214,0.0634,0.541,1.4027,0.3226,0.0922,0.8636,0.6192
0.4268,0.1788,0.1788,1.0696,0.02,0.1505,0.138,0.2713,0.2182,0.0771,0.0012,0.0012,0.1296,0.1344,0.0074,0.0307,0.3323,0.9925,0.1766,0.0483,0.8171,0.4788
0.3131,0.1392,0.1392,0.6199,0,0.0702,0.0192,0.1507,0.0875,0.0842,0,0,0.0504,0.0189,0,0.0038,0.1525,0.6457,0.0463,0.0138,0.7092,0.2244
0.2115,0.0924,0.0924,0.0405,0,0.0226,0,0.0487,0.0038,0.0737,0,0,0,0,0,0,0.1342,0.2665,0,2.00E-04,0.524,0.0492
0.1249,0.0456,0.0456,0,0,0,0,0,0,0.0134,0,0,0,0,0,0,0.019,0.0379,0,0,0.2492,0
0.0042,0.0036,0.0036,0,0,0,0,0,0,1.00E-04,0,0,0,0,0,0,0,0,0,0,0.0032,0
0,0,0,0,0,0,0,0,0,0,0,0,0,0,0,0,0,0,0,0,0,0
0,0,0,0,0,0,0,0,0,0,0,0,0,0,0,0,0,0,0,0,0,0
0,0,0,0,0,0,0,0,0,0,0,0,0,0,0,0,0,0,0,0,0,0
0,0,0,0,0,0,0,0,0,0,0,0,0,0,0,0,0,0,0,0,0,0
0,0,0,0,0,0,0,0,0,0,0,0,0,0,0,0,0,0,0,0,0,0
0,0,0,0,0,0,0,0,0,0,0,0,0,0,0,0,0,0,0,0,0,0
0,0,0,0,0,0,0,0,0,0,0,0,0,0,0,0,0,0,0,0,0,0
0,0,0,0,0,0,0,0,0,0,0,0,0,0,0,0,0,0,0,0,0,0
0,0,0,0,0,0,0,0,0,0,0,0,0,0,0,0,0,0,0,0,0,0
0,0,0,0,0,0,0,0,0,0,0,0,0,0,0,0,0,0,0,0,0,0
0,0,0,0,0,0,0,0,0,0,0,0,0,0,0,0,0,0,0,0,0,0
0,0,0,0.1115,0,0,0,0,0,0,0,0,0,0,1.00E-04,2.00E-04,0,0,0.0012,0,0,0
0,0,0,0.6383,0.0158,0.003,0.0084,0.0199,0.0061,0,0.0336,0.0336,0.006,0.0159,0.0393,0.0285,0,0.0196,0.0482,0.0143,0.001,0.0492
0,0,0,1.1686,0.0389,0.0842,0.0612,0.1662,0.1255,0,0.1044,0.1044,0.078,0.056,0.0985,0.0711,0.0665,0.4804,0.1513,0.1182,0.0273,0.3972
0.0379,0.0156,0.0156,1.5002,0.0544,0.2567,0.1344,0.3278,0.3251,0.0016,0.18,0.18,0.1692,0.1299,0.1493,0.1213,0.4661,1.3855,0.2641,0.3356,0.2911,0.6744
0.1746,0.0972,0.0972,1.6983,0.0603,0.4139,0.1572,0.4571,0.5053,0.0116,0.1848,0.1848,0.2568,0.1882,0.153,0.1506,0.7239,2.0689,0.3077,0.5642,0.5552,0.8376
0.3393,0.1908,0.1908,1.7519,0.0498,0.4873,0.1908,0.5297,0.59,0.0448,0.1836,0.1836,0.2832,0.2143,0.1459,0.1576,0.8731,2.4232,0.238,0.6076,0.7247,0.9252
0.4432,0.2916,0.2916,1.6597,0.0388,0.4918,0.1992,0.5441,0.5845,0.0817,0.1404,0.1404,0.246,0.2282,0.1032,0.1373,0.9378,2.5831,0.185,0.5897,0.826,0.948
0.5211,0.504,0.504,1.4062,0.0192,0.4323,0.1632,0.5085,0.4911,0.1321,0.0624,0.0624,0.1644,0.1847,0.0471,0.1019,0.9343,2.4761,0.1116,0.5021,0.8596,0.9084
0.5124,0.6252,0.6252,0.9837,0.0028,0.3325,0.1044,0.4347,0.3384,0.1749,0.012,0.012,0.0828,0.0518,0.0097,0.0542,0.861,2.1305,0.0561,0.299,0.8323,0.8016
0.4144,0.5076,0.5076,0.4355,0,0.2031,0.0216,0.3249,0.1545,0.156,0,0,0.0204,0.0024,0,0.0107,0.7039,1.5235,0.0089,0.0988,0.7158,0.6216
0.2818,0.438,0.438,0.0254,0,0.0669,0,0.1576,0.0119,0.1069,0,0,0,0,0,0,0.4469,0.6502,0,0.0131,0.5279,0.3516
0.1092,0.1968,0.1968,0,0,0,0,0.0026,0,0.0361,0,0,0,0,0,0,0.0547,0.0461,0,0,0.2453,0.0108
0.0021,0.0204,0.0204,0,0,0,0,0,0,8.00E-04,0,0,0,0,0,0,0,0,0,0,0.0026,0
0,0,0,0,0,0,0,0,0,0,0,0,0,0,0,0,0,0,0,0,0,0
0,0,0,0,0,0,0,0,0,0,0,0,0,0,0,0,0,0,0,0,0,0
0,0,0,0,0,0,0,0,0,0,0,0,0,0,0,0,0,0,0,0,0,0
0,0,0,0,0,0,0,0,0,0,0,0,0,0,0,0,0,0,0,0,0,0
0,0,0,0,0,0,0,0,0,0,0,0,0,0,0,0,0,0,0,0,0,0
0,0,0,0,0,0,0,0,0,0,0,0,0,0,0,0,0,0,0,0,0,0
0,0,0,0,0,0,0,0,0,0,0,0,0,0,0,0,0,0,0,0,0,0
0,0,0,0,0,0,0,0,0,0,0,0,0,0,0,0,0,0,0,0,0,0
0,0,0,0,0,0,0,0,0,0,0,0,0,0,0,0,0,0,0,0,0,0
0,0,0,0,0,0,0,0,0,0,0,0,0,0,0,0,0,0,0,0,0,0
0,0,0,0,0,0,0,0,0,0,0,0,0,0,0,0,0,0,0,0,0,0
0,0,0,0.1423,2.00E-04,0,0,0,0,0,0.0024,0.0024,0,0.0469,0.0015,0.0038,0,0,0.0142,0.001,0,0
0,0,0,0.6799,0.0313,0.0263,0.0276,0.1303,0.0066,0,0.0612,0.0612,0.0408,0.344,0.0617,0.0766,0,0.0438,0.2536,0.1193,0.0015,0.072
0,0,0,1.1927,0.0838,0.2534,0.27,0.4638,0.1381,0,0.144,0.144,0.3432,0.6087,0.1989,0.2619,0.0308,0.7017,0.575,0.4378,0.0226,0.4164
0.0253,0.0048,0.0048,1.511,0.1204,0.5808,0.6372,0.7112,0.3453,0.0057,0.2412,0.2412,0.5436,0.7558,0.4336,0.5572,0.281,1.7021,0.7666,0.6996,0.1668,0.6672
0.1061,0.0732,0.0732,1.6922,0.1446,0.639,0.7932,0.8512,0.473,0.0295,0.4296,0.4296,0.4188,0.7967,0.5625,0.6883,0.5611,2.2825,0.8699,0.8278,0.3373,0.816
0.1822,0.1668,0.1668,1.7458,0.1554,0.6508,0.8376,0.916,0.4785,0.0815,0.636,0.636,0.3264,0.7527,0.6569,0.6881,0.8144,2.5685,0.9018,0.8874,0.4946,0.8892
0.2399,0.3084,0.3084,1.6698,0.1275,0.4467,0.7992,0.919,0.4953,0.137,0.6084,0.6084,0.1452,0.6263,0.5979,0.6143,0.8842,2.6345,0.8634,0.8702,0.4906,0.9048
0.2412,0.4968,0.4968,1.4618,0.0802,0.4661,0.6816,0.8576,0.4376,0.1807,0.42,0.42,0.2508,0.4176,0.4132,0.463,0.8437,2.4836,0.7535,0.774,0.3822,0.8592
0.2439,0.684,0.684,1.1122,0.026,0.416,0.4416,0.7288,0.3769,0.1958,0.1548,0.1548,0.27,0.2624,0.181,0.2421,0.6592,2.0872,0.5657,0.5982,0.2855,0.7524
0.262,0.7152,0.7152,0.6043,0,0.2115,0.06,0.5207,0.1916,0.2109,0.0012,0.0012,0.0876,0.0862,0.0182,0.0373,0.3105,1.4523,0.2771,0.3278,0.2174,0.576
0.1472,0.6024,0.6024,0.0399,0,0.0526,0,0.2237,0.0226,0.1525,0,0,0,0,0,1.00E-04,0.1098,0.5478,0,0.0246,0.2475,0.3132
0.059,0.348,0.348,0,0,0,0,0.002,1.00E-04,0.0505,0,0,0,0,0,0,0.0035,0.0055,0,0,0.113,0.0084
0.0021,0.09,0.09,0,0,0,0,0,0,0.0037,0,0,0,0,0,0,0,0,0,0,0.0025,0
0,0,0,0,0,0,0,0,0,0,0,0,0,0,0,0,0,0,0,0,0,0
0,0,0,0,0,0,0,0,0,0,0,0,0,0,0,0,0,0,0,0,0,0
0,0,0,0,0,0,0,0,0,0,0,0,0,0,0,0,0,0,0,0,0,0
0,0,0,0,0,0,0,0,0,0,0,0,0,0,0,0,0,0,0,0,0,0
0,0,0,0,0,0,0,0,0,0,0,0,0,0,0,0,0,0,0,0,0,0
0,0,0,0,0,0,0,0,0,0,0,0,0,0,0,0,0,0,0,0,0,0
0,0,0,0,0,0,0,0,0,0,0,0,0,0,0,0,0,0,0,0,0,0
0,0,0,0,0,0,0,0,0,0,0,0,0,0,0,0,0,0,0,0,0,0
0,0,0,0,0,0,0,0,0,0,0,0,0,0,0,0,0,0,0,0,0,0
0,0,0,0,0,0,0,0,0,0,0,0,0,0,0,0,0,0,0,0,0,0
0,0,0,0,0,0,0,0,0,0,0,0,0,0,0,0,0,0,0,0,0,0
0,0,0,0.2253,0.0217,0,0,0,0,0,0.0276,0.0276,0,0.0585,0.0164,0.0074,0,0,0.0267,0.0015,0,0
0,0,0,0.8272,0.1936,0.0018,0.0648,0.1068,7.00E-04,0,0.33,0.33,0,0.3906,0.2629,0.1516,0,0.0167,0.3314,0.0579,4.00E-04,0.0168
0,0,0,1.2942,0.388,0.0298,0.3108,0.3279,0.0398,0,0.5916,0.5916,0.0228,0.6445,0.5667,0.3946,0,0.1392,0.5955,0.2061,0.0156,0.1632
0.2176,0.1692,0.1692,1.5917,0.5194,0.0686,0.5892,0.5022,0.1376,0.0182,0.7596,0.7596,0.0672,0.797,0.7573,0.5594,0.0219,0.376,0.7168,0.355,0.2985,0.3492
0.5258,0.5076,0.5076,1.7561,0.5755,0.1016,0.6684,0.6335,0.2725,0.0598,0.8412,0.8412,0.0996,0.8721,0.8401,0.629,0.0614,0.6317,0.8136,0.4834,0.5987,0.5484
0.7626,0.7356,0.7356,1.7929,0.5474,0.1257,0.5652,0.6837,0.3301,0.1178,0.8484,0.8484,0.1224,0.8796,0.8461,0.6328,0.1106,0.7732,0.8766,0.607,0.7904,0.6408
0.9149,0.8688,0.8688,1.7068,0.4317,0.14,0.336,0.6602,0.289,0.1726,0.7704,0.7704,0.1392,0.8144,0.7669,0.5737,0.1372,0.7961,0.8395,0.5526,0.8917,0.582
0.9514,0.9276,0.9276,1.498,0.2826,0.1159,0.3396,0.6124,0.1892,0.2066,0.6036,0.6036,0.108,0.6694,0.5883,0.4543,0.1354,0.7444,0.6988,0.4251,0.9219,0.5556
0.9069,0.918,0.918,1.1546,0.128,0.0681,0.2424,0.4987,0.0972,0.208,0.3324,0.3324,0.0516,0.4321,0.2931,0.236,0.1184,0.6256,0.477,0.2313,0.8958,0.444
0.786,0.8388,0.8388,0.5807,0.0012,0.0173,0.0624,0.323,0.0317,0.1859,0.0144,0.0144,0.012,0.0747,0.0178,0.0343,0.1068,0.3834,0.1932,0.076,0.7862,0.2568
0.5841,0.684,0.684,0.0321,0,0,0,0.1038,0.0016,0.1236,0,0,0,0,0,0,0.0916,0.175,0,0.0038,0.5954,0.084
0.2857,0.4392,0.4392,0,0,0,0,0,1.00E-04,0.0456,0,0,0,0,0,0,0.0121,0.0448,0,0,0.3077,0
0.0111,0.114,0.114,0,0,0,0,0,0,0.0047,0,0,0,0,0,0,0,0,0,0,0.0082,0
0,0,0,0,0,0,0,0,0,0,0,0,0,0,0,0,0,0,0,0,0,0
0,0,0,0,0,0,0,0,0,0,0,0,0,0,0,0,0,0,0,0,0,0
0,0,0,0,0,0,0,0,0,0,0,0,0,0,0,0,0,0,0,0,0,0
0,0,0,0,0,0,0,0,0,0,0,0,0,0,0,0,0,0,0,0,0,0
0,0,0,0,0,0,0,0,0,0,0,0,0,0,0,0,0,0,0,0,0,0
0,0,0,0,0,0,0,0,0,0,0,0,0,0,0,0,0,0,0,0,0,0
0,0,0,0,0,0,0,0,0,0,0,0,0,0,0,0,0,0,0,0,0,0
0,0,0,0,0,0,0,0,0,0,0,0,0,0,0,0,0,0,0,0,0,0
0,0,0,0,0,0,0,0,0,0,0,0,0,0,0,0,0,0,0,0,0,0
0,0,0,0,0,0,0,0,0,0,0,0,0,0,0,0,0,0,0,0,0,0
0,0,0,0,0,0,0,0,0,0,0,0,0,0,0,0,0,0,0,0,0,0
0,0,0,0.1162,0.0473,0,0,0,0,0,0.024,0.024,0,0.0228,0.0116,0.0027,0,0,0.0148,4.00E-04,0,0
0,0,0,0.5411,0.3248,4.00E-04,0.0072,0.0673,1.00E-04,0,0.1272,0.1272,0,0.1926,0.1172,0.0839,0,0.0326,0.1819,0.0102,0.0017,0.0792
0,0,0,1.0466,0.5173,0.0262,0.042,0.3022,0.038,0,0.126,0.126,0.0312,0.3605,0.1647,0.1582,0.0775,0.486,0.4044,0.05,0.0369,0.456
0.2,0.1788,0.1788,1.395,0.5836,0.0804,0.0684,0.4963,0.1286,0.0142,0.1272,0.1272,0.0336,0.3362,0.1486,0.1561,0.5166,1.2737,0.5714,0.1028,0.3825,0.7224
0.5209,0.5148,0.5148,1.6151,0.5762,0.2986,0.066,0.7139,0.1535,0.0468,0.1476,0.1476,0.2436,0.4037,0.1703,0.1609,0.7785,1.935,0.6861,0.2145,0.6709,0.8904
0.7295,0.7416,0.7416,1.6658,0.5159,0.4385,0.0528,0.8986,0.2886,0.0891,0.186,0.186,0.2472,0.3473,0.2258,0.2015,0.9227,2.4304,0.5887,0.4277,0.8449,0.9804
0.842,0.87,0.87,1.6234,0.4312,0.4124,0.054,0.9348,0.341,0.1238,0.1764,0.1764,0.048,0.3401,0.1907,0.1848,0.9815,2.6734,0.4516,0.6686,0.9184,1
0.8717,0.924,0.924,1.451,0.2954,0.4336,0.042,0.8674,0.2807,0.1438,0.1152,0.1152,0.0888,0.2776,0.1115,0.1127,0.9707,2.6866,0.3543,0.5449,0.9343,0.9612
0.825,0.9108,0.9108,1.1228,0.0644,0.3769,0.0144,0.7673,0.2417,0.1714,0.0336,0.0336,0.1296,0.1146,0.0351,0.0583,0.8902,2.3509,0.2549,0.2615,0.8882,0.8508
0.7241,0.8292,0.8292,0.5909,0,0.2419,0,0.5586,0.1538,0.1513,0,0,0.0936,0.0117,0,0.0091,0.7304,1.7012,0.0823,0.0864,0.7538,0.6408
0.5594,0.6732,0.6732,0.0333,0,0.0738,0,0.2114,0.0268,0.0957,0,0,0,0,0,0,0.4769,0.7169,0,0.0086,0.525,0.2064
0.2881,0.4308,0.4308,0,0,0,0,3.00E-04,0,0.0423,0,0,0,0,0,0,0.0619,0.0512,0,0,0.1735,0.0012
0.0118,0.1068,0.1068,0,0,0,0,0,0,0.0044,0,0,0,0,0,0,0,0,0,0,0.004,0
0,0,0,0,0,0,0,0,0,0,0,0,0,0,0,0,0,0,0,0,0,0
0,0,0,0,0,0,0,0,0,0,0,0,0,0,0,0,0,0,0,0,0,0
0,0,0,0,0,0,0,0,0,0,0,0,0,0,0,0,0,0,0,0,0,0
0,0,0,0,0,0,0,0,0,0,0,0,0,0,0,0,0,0,0,0,0,0
0,0,0,0,0,0,0,0,0,0,0,0,0,0,0,0,0,0,0,0,0,0
0,0,0,0,0,0,0,0,0,0,0,0,0,0,0,0,0,0,0,0,0,0
0,0,0,0,0,0,0,0,0,0,0,0,0,0,0,0,0,0,0,0,0,0
0,0,0,0,0,0,0,0,0,0,0,0,0,0,0,0,0,0,0,0,0,0
0,0,0,0,0,0,0,0,0,0,0,0,0,0,0,0,0,0,0,0,0,0
0,0,0,0,0,0,0,0,0,0,0,0,0,0,0,0,0,0,0,0,0,0
0,0,0,0,0,0,0,0,0,0,0,0,0,0,0,0,0,0,0,0,0,0
0,0,0,0.0854,6.00E-04,0,0,0,0,0,0,0,0,0.0496,0.0059,0.0089,0,0,0.0285,0.0016,0,0
0,0,0,0.3801,0.0208,0.0059,0.0108,0.1635,0.0027,0,0.0372,0.0372,0.0084,0.3585,0.1444,0.17,0,0.0519,0.372,0.1401,0.0011,0.0516
0,0,0,0.803,0.0757,0.2061,0.0624,0.5305,0.2563,0,0.1656,0.1656,0.168,0.6186,0.3538,0.3555,0.0454,0.9505,0.6596,0.3879,0.0297,0.4608
0.2206,0.1692,0.1692,1.4109,0.1103,0.4504,0.084,0.7755,0.5497,0.0081,0.5652,0.5652,0.4908,0.7747,0.6303,0.4482,0.4185,1.8931,0.839,0.5747,0.3571,0.7404
0.5423,0.4932,0.4932,1.739,0.1817,0.6102,0.168,0.9193,0.7518,0.0418,0.7836,0.7836,0.7008,0.7869,0.6937,0.4719,0.698,2.4746,0.9162,0.698,0.6393,0.894
0.7485,0.7164,0.7164,1.852,0.2708,0.701,0.216,0.9839,0.865,0.1341,0.7404,0.7404,0.774,0.6733,0.5933,0.3902,0.8565,2.7742,0.9075,0.7595,0.8111,0.9708
0.8605,0.8448,0.8448,1.8115,0.1675,0.739,0.2196,0.987,0.8706,0.2463,0.5532,0.5532,0.7692,0.5392,0.4197,0.2857,0.9202,2.8398,0.8407,0.8125,0.894,0.9852
0.8949,0.8988,0.8988,1.6153,0.1375,0.6805,0.1788,0.9126,0.7624,0.3238,0.234,0.234,0.6744,0.5183,0.217,0.2066,0.9059,2.6761,0.7396,0.7734,0.9179,0.8976
0.8607,0.8796,0.8796,1.2513,0.0544,0.5453,0.0852,0.7202,0.5887,0.4203,0.0852,0.0852,0.4872,0.2222,0.0983,0.113,0.8043,2.2298,0.5526,0.6018,0.8487,0.5412
0.7521,0.7776,0.7776,0.7479,0,0.31,0.0084,0.46,0.3419,0.4038,0.0012,0.0012,0.204,0.0432,0.0061,0.0213,0.6082,1.5294,0.2618,0.3567,0.7343,0.1764
0.5637,0.624,0.624,0.0689,0,0.0722,0,0.1831,0.0482,0.3539,0,0,0,0,0,1.00E-04,0.3373,0.6329,0,0.0328,0.5234,0.0648
0.2732,0.3816,0.3816,0,0,0,0,0,0,0.1438,0,0,0,0,0,0,0.0407,0.0451,0,0,0.1811,0
0.0091,0.0576,0.0576,0,0,0,0,0,0,0.0029,0,0,0,0,0,0,0,0,0,0,0.0026,0
0,0,0,0,0,0,0,0,0,0,0,0,0,0,0,0,0,0,0,0,0,0
0,0,0,0,0,0,0,0,0,0,0,0,0,0,0,0,0,0,0,0,0,0
0,0,0,0,0,0,0,0,0,0,0,0,0,0,0,0,0,0,0,0,0,0
0,0,0,0,0,0,0,0,0,0,0,0,0,0,0,0,0,0,0,0,0,0
0,0,0,0,0,0,0,0,0,0,0,0,0,0,0,0,0,0,0,0,0,0
0,0,0,0,0,0,0,0,0,0,0,0,0,0,0,0,0,0,0,0,0,0
0,0,0,0,0,0,0,0,0,0,0,0,0,0,0,0,0,0,0,0,0,0
0,0,0,0,0,0,0,0,0,0,0,0,0,0,0,0,0,0,0,0,0,0
0,0,0,0,0,0,0,0,0,0,0,0,0,0,0,0,0,0,0,0,0,0
0,0,0,0,0,0,0,0,0,0,0,0,0,0,0,0,0,0,0,0,0,0
0,0,0,0,0,0,0,0,0,0,0,0,0,0,0,0,0,0,0,0,0,0
0,0,0,0.0901,0.0018,0,0,0,0,0,0,0,0,0.0294,4.00E-04,0.0024,0,0,0.0369,0.0016,0,0
0,0,0,0.5338,0.0426,0.0603,0.0816,0.1516,0.0047,0,0.0528,0.0528,0.0528,0.2966,0.0698,0.1164,0,0.0544,0.4226,0.2332,0.0014,0.0672
0,0,0,1.367,0.1023,0.3956,0.3432,0.5017,0.187,0,0.1344,0.1344,0.3708,0.5915,0.2488,0.3904,0.0227,0.8351,0.7018,0.5752,0.0112,0.4068
0.0526,0.1248,0.1248,1.8207,0.1603,0.6682,0.5304,0.7427,0.4623,0.0107,0.252,0.252,0.6396,0.8035,0.4205,0.5939,0.2313,1.7206,0.8741,0.7968,0.2002,0.666
0.23,0.378,0.378,1.9922,0.236,0.8237,0.5784,0.8872,0.6558,0.0532,0.3948,0.3948,0.7704,0.8695,0.5366,0.7333,0.4551,2.2852,0.9617,0.9198,0.4279,0.828
0.5707,0.588,0.588,1.999,0.2661,0.9035,0.6336,0.9522,0.7291,0.1365,0.4764,0.4764,0.8556,0.9297,0.6128,0.7938,0.6137,2.5289,0.9779,0.9645,0.6399,0.9024
0.682,0.7344,0.7344,1.9317,0.2436,0.9007,0.5124,0.954,0.7692,0.2071,0.5316,0.5316,0.858,0.8643,0.6295,0.7612,0.7536,2.6046,0.9251,0.9366,0.7675,0.9192
0.7858,0.5424,0.5424,1.7095,0.1635,0.8128,0.4032,0.8902,0.7262,0.2749,0.4548,0.4548,0.7548,0.7146,0.5162,0.6326,0.8309,2.4985,0.8039,0.8368,0.7977,0.8748
0.8269,0.4056,0.4056,1.3456,0.0664,0.6309,0.2484,0.7537,0.5263,0.2582,0.2184,0.2184,0.5316,0.4753,0.2648,0.4036,0.6276,2.0954,0.6035,0.6562,0.7607,0.7536
0.7106,0.2268,0.2268,0.8067,2.00E-04,0.347,0.0612,0.531,0.2906,0.1694,0.0048,0.0048,0.192,0.1308,0.029,0.1186,0.3618,1.4185,0.3041,0.3777,0.6901,0.5148
0.4891,0.126,0.126,0.0733,0,0.0732,0,0.2185,0.0348,0.1155,0,0,0,0,0,3.00E-04,0.1172,0.5574,0,0.03,0.5235,0.264
0.117,0.0492,0.0492,0,0,0,0,0.0011,0,0.0386,0,0,0,0,0,0,0.0059,0.0338,0,0,0.2534,0.0048
0.0014,0.0036,0.0036,0,0,0,0,0,0,1.00E-04,0,0,0,0,0,0,0,0,0,0,0.0032,0
0,0,0,0,0,0,0,0,0,0,0,0,0,0,0,0,0,0,0,0,0,0
0,0,0,0,0,0,0,0,0,0,0,0,0,0,0,0,0,0,0,0,0,0
0,0,0,0,0,0,0,0,0,0,0,0,0,0,0,0,0,0,0,0,0,0
0,0,0,0,0,0,0,0,0,0,0,0,0,0,0,0,0,0,0,0,0,0
0,0,0,0,0,0,0,0,0,0,0,0,0,0,0,0,0,0,0,0,0,0
0,0,0,0,0,0,0,0,0,0,0,0,0,0,0,0,0,0,0,0,0,0
0,0,0,0,0,0,0,0,0,0,0,0,0,0,0,0,0,0,0,0,0,0
0,0,0,0,0,0,0,0,0,0,0,0,0,0,0,0,0,0,0,0,0,0
0,0,0,0,0,0,0,0,0,0,0,0,0,0,0,0,0,0,0,0,0,0
0,0,0,0,0,0,0,0,0,0,0,0,0,0,0,0,0,0,0,0,0,0
0,0,0,0,0,0,0,0,0,0,0,0,0,0,0,0,0,0,0,0,0,0
0,0,0,0.2419,0.0547,0,0,0,0,0,0.024,0.024,0,0.0644,0.0226,0.0176,0,0,0.022,0.0017,0,0
0,0,0,0.8833,0.3628,0.0164,0.1416,0.0175,0.0057,0,0.2904,0.2904,0.024,0.419,0.3299,0.2757,0,0.0047,0.2455,0.0549,1.00E-04,0.0036
0,0,0,1.3551,0.597,0.1563,0.4548,0.1158,0.1808,0,0.4656,0.4656,0.2124,0.6798,0.5505,0.5122,0.0558,0.3702,0.4557,0.1736,0.0204,0.054
0.0845,0.0108,0.0108,1.6212,0.6903,0.3827,0.6984,0.264,0.409,0.0042,0.57,0.57,0.4308,0.8373,0.6909,0.686,0.4266,1.0293,0.5712,0.2692,0.2907,0.1536
0.2464,0.0648,0.0648,1.7195,0.7015,0.6504,0.8268,0.3952,0.581,0.0352,0.7092,0.7092,0.7236,0.912,0.8057,0.827,0.6567,1.5926,0.5998,0.325,0.5626,0.2736
0.377,0.1536,0.1536,1.3357,0.6687,0.7723,0.8556,0.4423,0.6597,0.0738,0.804,0.804,0.7272,0.9135,0.8594,0.8807,0.7706,1.9785,0.5279,0.3899,0.737,0.3324
0.559,0.258,0.258,0.9558,0.5494,0.7882,0.7536,0.444,0.6488,0.1156,0.7692,0.7692,0.6864,0.8442,0.7984,0.8238,0.8169,2.049,0.4348,0.3935,0.8287,0.3672
0.6378,0.1356,0.1356,1.0289,0.3661,0.6706,0.63,0.4062,0.5662,0.1278,0.6024,0.6024,0.564,0.6906,0.6366,0.6725,0.8434,1.7094,0.3182,0.3419,0.8459,0.3264
0.5312,0.2448,0.2448,0.7494,0.1453,0.4581,0.4284,0.2736,0.4001,0.116,0.3288,0.3288,0.3984,0.3989,0.3728,0.4262,0.847,1.1438,0.1711,0.2409,0.7994,0.2148
0.3021,0.5592,0.5592,0.3236,0.001,0.1506,0.1308,0.1126,0.1402,0.0981,0.0144,0.0144,0.1152,0.0652,0.0438,0.1006,0.7004,0.5892,0.048,0.0965,0.6735,0.1068
0.1111,0.4788,0.4788,0.0171,0,0.01,0,0.0224,0.0062,0.0608,0,0,0,0,0,0,0.4445,0.2242,0,0.0016,0.4365,0.0348
0.0336,0.2724,0.2724,0,0,0,0,0,0,0.0185,0,0,0,0,0,0,0.0536,0.0359,0,0,0.1625,0
0,0.0576,0.0576,0,0,0,0,0,0,0.0024,0,0,0,0,0,0,0,0,0,0,0.0016,0
0,0,0,0,0,0,0,0,0,0,0,0,0,0,0,0,0,0,0,0,0,0
0,0,0,0,0,0,0,0,0,0,0,0,0,0,0,0,0,0,0,0,0,0
0,0,0,0,0,0,0,0,0,0,0,0,0,0,0,0,0,0,0,0,0,0
0,0,0,0,0,0,0,0,0,0,0,0,0,0,0,0,0,0,0,0,0,0
0,0,0,0,0,0,0,0,0,0,0,0,0,0,0,0,0,0,0,0,0,0
0,0,0,0,0,0,0,0,0,0,0,0,0,0,0,0,0,0,0,0,0,0
0,0,0,0,0,0,0,0,0,0,0,0,0,0,0,0,0,0,0,0,0,0
0,0,0,0,0,0,0,0,0,0,0,0,0,0,0,0,0,0,0,0,0,0
0,0,0,0,0,0,0,0,0,0,0,0,0,0,0,0,0,0,0,0,0,0
0,0,0,0,0,0,0,0,0,0,0,0,0,0,0,0,0,0,0,0,0,0
0,0,0,0,0,0,0,0,0,0,0,0,0,0,0,0,0,0,0,0,0,0
0,0,0,0.0854,0.0593,0,0,0,0,0,0.0336,0.0336,0,0.0308,0.0185,0.007,0,0,0.0041,6.00E-04,0,0
0,0,0,0.4837,0.3813,0.004,0.0072,0.0234,1.00E-04,0,0.2424,0.2424,0.006,0.2452,0.1701,0.0866,0,0.0132,0.0487,0.0122,7.00E-04,0.0324
0,0,0,0.678,0.6473,0.0983,0.0456,0.2012,0.0547,0,0.4836,0.4836,0.0912,0.2531,0.3354,0.1634,0.0036,0.342,0.1213,0.0611,0.0096,0.33
0.032,0.0648,0.0648,1.0517,0.7992,0.2446,0.0876,0.4647,0.1871,0.0032,0.6348,0.6348,0.2052,0.1967,0.4206,0.1813,0.0606,0.883,0.2023,0.1366,0.1031,0.5664
0.15,0.3132,0.3132,1.3348,0.856,0.3654,0.1764,0.695,0.3463,0.0271,0.6228,0.6228,0.324,0.3026,0.3987,0.1809,0.1439,1.484,0.4108,0.253,0.4606,0.7572
0.3019,0.654,0.654,1.1598,0.8216,0.42,0.3504,0.8069,0.4931,0.09,0.5184,0.5184,0.4116,0.2323,0.3119,0.1438,0.317,1.9109,0.5221,0.3185,0.6841,0.8448
0.4901,0.8196,0.8196,1.0981,0.6676,0.3371,0.3336,0.7387,0.5534,0.1538,0.222,0.222,0.4164,0.1256,0.1511,0.1161,0.4178,1.6868,0.46,0.336,0.7786,0.852
0.5683,0.8832,0.8832,0.7574,0.4099,0.3197,0.1584,0.6103,0.4939,0.178,0.1416,0.1416,0.2844,0.0557,0.1008,0.0816,0.4414,1.5024,0.1696,0.3741,0.7966,0.8172
0.5861,0.8736,0.8736,0.5027,0.1123,0.2173,0.12,0.5541,0.3684,0.2007,0.0576,0.0576,0.1572,0.0203,0.0368,0.0411,0.3738,1.0774,0.0405,0.2925,0.7383,0.72
0.5324,0.7824,0.7824,0.2862,0,0.0879,0.0264,0.3566,0.1823,0.1802,0,0,0.0708,0.002,0,0.0084,0.1857,0.7007,0.0227,0.0897,0.5969,0.534
0.3902,0.6264,0.6264,0.0249,0,0.0064,0,0.1068,0.0103,0.1023,0,0,0,0,0,0,0.0589,0.2244,0,0.0072,0.3503,0.246
0.1878,0.4008,0.4008,0,0,0,0,9.00E-04,0,0.0372,0,0,0,0,0,0,0.0012,0.0127,0,0,0.0932,0.0036
0.0056,0.0684,0.0684,0,0,0,0,0,0,0.0028,0,0,0,0,0,0,0,0,0,0,0.0019,0
0,0,0,0,0,0,0,0,0,0,0,0,0,0,0,0,0,0,0,0,0,0
0,0,0,0,0,0,0,0,0,0,0,0,0,0,0,0,0,0,0,0,0,0
0,0,0,0,0,0,0,0,0,0,0,0,0,0,0,0,0,0,0,0,0,0
0,0,0,0,0,0,0,0,0,0,0,0,0,0,0,0,0,0,0,0,0,0
0,0,0,0,0,0,0,0,0,0,0,0,0,0,0,0,0,0,0,0,0,0
0,0,0,0,0,0,0,0,0,0,0,0,0,0,0,0,0,0,0,0,0,0
0,0,0,0,0,0,0,0,0,0,0,0,0,0,0,0,0,0,0,0,0,0
0,0,0,0,0,0,0,0,0,0,0,0,0,0,0,0,0,0,0,0,0,0
0,0,0,0,0,0,0,0,0,0,0,0,0,0,0,0,0,0,0,0,0,0
0,0,0,0,0,0,0,0,0,0,0,0,0,0,0,0,0,0,0,0,0,0
0,0,0,0,0,0,0,0,0,0,0,0,0,0,0,0,0,0,0,0,0,0
0,0,0,0.185,0.0028,0,0,0,0,0,0.0024,0.0024,0,0.0354,0.0031,0.0034,0,0,0.0018,7.00E-04,0,0
0,0,0,0.8136,0.0577,0.01,0.0624,0.0077,0.0027,0,0.1092,0.1092,0.0096,0.2724,0.1137,0.0851,0,0.0044,0.0668,0.0231,2.00E-04,0.0108
0,0,0,1.2699,0.1492,0.1022,0.2844,0.088,0.1858,0,0.4296,0.4296,0.1032,0.4847,0.4278,0.3149,0.0072,0.2042,0.1878,0.1095,0.0217,0.1428
0.0759,0.0408,0.0408,1.5666,0.2429,0.2423,0.5016,0.2299,0.4469,0.0107,0.714,0.714,0.1704,0.6554,0.7142,0.5715,0.1213,0.6158,0.329,0.1969,0.2493,0.33
0.2614,0.1452,0.1452,1.717,0.2976,0.3173,0.6228,0.3885,0.7002,0.0354,0.78,0.78,0.2916,0.7328,0.7591,0.6627,0.2499,1.0847,0.4501,0.2549,0.3007,0.5844
0.4199,0.192,0.192,1.7454,0.3197,0.3722,0.6048,0.4817,0.8617,0.0618,0.78,0.78,0.3384,0.7739,0.6933,0.6146,0.3418,1.6292,0.4589,0.2256,0.366,0.744
0.5351,0.2904,0.2904,1.6068,0.3241,0.3647,0.456,0.4731,0.8485,0.0834,0.7152,0.7152,0.3216,0.6855,0.6194,0.5277,0.5444,1.6874,0.3073,0.1824,0.6289,0.828
0.6009,0.3912,0.3912,1.2298,0.2352,0.2997,0.3288,0.4659,0.6908,0.1022,0.4956,0.4956,0.2676,0.4857,0.4106,0.3593,0.8146,1.5095,0.1621,0.1186,0.581,0.8136
0.5056,0.3276,0.3276,0.5791,0.0988,0.1755,0.1896,0.3651,0.5009,0.1267,0.1968,0.1968,0.1632,0.2498,0.163,0.1536,0.8367,1.0199,0.0719,0.0612,0.4193,0.7452
0.4015,0.2604,0.2604,0.1533,2.00E-04,0.0582,0.0408,0.2273,0.2317,0.1249,0.0048,0.0048,0.048,0.0304,0.0099,0.0225,0.682,0.5701,0.0227,0.0171,0.24,0.5808
0.2144,0.174,0.174,0.005,0,0.0055,0,0.0881,0.0175,0.0875,0,0,0,0,0,0,0.4144,0.2081,0,3.00E-04,0.1912,0.2964
0.0509,0.0804,0.0804,0,0,0,0,0.0011,1.00E-04,0.0264,0,0,0,0,0,0,0.0464,0.0161,0,0,0.0749,0.0048
0,0.0096,0.0096,0,0,0,0,0,0,4.00E-04,0,0,0,0,0,0,0,0,0,0,3.00E-04,0
0,0,0,0,0,0,0,0,0,0,0,0,0,0,0,0,0,0,0,0,0,0
0,0,0,0,0,0,0,0,0,0,0,0,0,0,0,0,0,0,0,0,0,0
0,0,0,0,0,0,0,0,0,0,0,0,0,0,0,0,0,0,0,0,0,0
0,0,0,0,0,0,0,0,0,0,0,0,0,0,0,0,0,0,0,0,0,0
0,0,0,0,0,0,0,0,0,0,0,0,0,0,0,0,0,0,0,0,0,0
0,0,0,0,0,0,0,0,0,0,0,0,0,0,0,0,0,0,0,0,0,0
0,0,0,0,0,0,0,0,0,0,0,0,0,0,0,0,0,0,0,0,0,0
0,0,0,0,0,0,0,0,0,0,0,0,0,0,0,0,0,0,0,0,0,0
0,0,0,0,0,0,0,0,0,0,0,0,0,0,0,0,0,0,0,0,0,0
0,0,0,0,0,0,0,0,0,0,0,0,0,0,0,0,0,0,0,0,0,0
0,0,0,0,0,0,0,0,0,0,0,0,0,0,0,0,0,0,0,0,0,0
0,0,0,0.121,0.0238,0,0,0,0,0,0.0036,0.0036,0,0,0.0013,2.00E-04,0,0,6.00E-04,0,0,0
0,0,0,0.5965,0.3062,9.00E-04,0.0012,0.1119,0,0,0.0528,0.0528,0.0012,0.0116,0.0299,0.0076,0,4.33E-02,0.0312,0.0071,0.0015,0.072
0,0,0,1.043,0.5303,0.1088,0.012,0.4641,0.1308,0,0.0564,0.0564,0.0516,0.0439,0.042,0.027,0.0024,0.7456,0.1356,0.0599,0.0161,0.4464
0.0682,0.0588,0.0588,1.3155,0.5232,0.2376,0.0336,0.7215,0.3691,0.0029,0.096,0.096,0.1116,0.0617,0.0729,0.0531,0.0509,1.5609,0.1281,0.1078,0.1409,0.7176
0.2116,0.3204,0.3204,1.4263,0.4982,0.334,0.0516,0.88,0.5091,0.0256,0.0828,0.0828,0.1524,0.0769,0.1007,0.1081,0.1079,2.0843,0.2648,0.1561,0.3154,0.8892
0.3715,0.6,0.6,1.4655,0.403,0.3896,0.0576,0.9571,0.5513,0.0846,0.06,0.06,0.168,0.1362,0.0757,0.1504,0.3342,2.399,0.4398,0.2191,0.5383,0.9684
0.5086,0.7752,0.7752,1.2411,0.2428,0.4098,0.054,0.955,0.5896,0.1503,0.048,0.048,0.2124,0.1349,0.056,0.135,0.8366,2.4534,0.4739,0.2378,0.7876,0.9468
0.5123,0.828,0.828,0.8755,0.0986,0.3782,0.0456,0.8882,0.58,0.1884,0.0336,0.0336,0.1752,0.0804,0.0367,0.0989,0.8957,2.2651,0.4139,0.201,0.8453,0.9144
0.4684,0.7968,0.7968,0.8466,0.0176,0.3086,0.0156,0.7266,0.4512,0.1843,0.0108,0.0108,0.1572,0.0414,0.0104,0.0492,0.8572,1.8275,0.3495,0.1446,0.8143,0.786
0.3611,0.684,0.684,0.4561,0,0.1898,0.0012,0.5189,0.2415,0.1454,0,0,0.0804,0.0069,0,0.0096,0.6884,1.1495,0.1573,0.0655,0.6921,0.5652
0.2417,0.5244,0.5244,0.0268,0,0.0249,0,0.1918,0.0179,0.0908,0,0,0,0,0,0,0.4014,0.3248,0,0.0047,0.5076,0.252
0.1195,0.3,0.3,0,0,0,0,0.0014,0,0.0287,0,0,0,0,0,0,0.045,0.0119,0,0,0.2249,0.006
0.0049,0.0708,0.0708,0,0,0,0,0,0,0.0029,0,0,0,0,0,0,0,0,0,0,0.004,0
0,0,0,0,0,0,0,0,0,0,0,0,0,0,0,0,0,0,0,0,0,0
0,0,0,0,0,0,0,0,0,0,0,0,0,0,0,0,0,0,0,0,0,0
0,0,0,0,0,0,0,0,0,0,0,0,0,0,0,0,0,0,0,0,0,0
0,0,0,0,0,0,0,0,0,0,0,0,0,0,0,0,0,0,0,0,0,0
0,0,0,0,0,0,0,0,0,0,0,0,0,0,0,0,0,0,0,0,0,0
0,0,0,0,0,0,0,0,0,0,0,0,0,0,0,0,0,0,0,0,0,0
0,0,0,0,0,0,0,0,0,0,0,0,0,0,0,0,0,0,0,0,0,0
0,0,0,0,0,0,0,0,0,0,0,0,0,0,0,0,0,0,0,0,0,0
0,0,0,0,0,0,0,0,0,0,0,0,0,0,0,0,0,0,0,0,0,0
0,0,0,0,0,0,0,0,0,0,0,0,0,0,0,0,0,0,0,0,0,0
0,0,0,0,0,0,0,0,0,0,0,0,0,0,0,0,0,0,0,0,0,0
0,0,0,0.2467,0,0,0,0,0,0,0,0,0,0.0473,0.0067,0.0095,0,0,0.0256,0.0016,0,0
0,0,0,0.9015,0.0097,0.0399,0.0564,0.1139,0.0037,0,0.0072,0.0072,0.012,0.3823,0.1459,0.1994,0,0.0186,0.3693,0.1324,5.00E-04,0.0228
0,0,0,1.3874,0.0296,0.2412,0.252,0.3526,0.0977,0,0.0144,0.0144,0.1548,0.649,0.2915,0.4656,0.0237,0.3196,0.6527,0.4097,0.0186,0.1824
0.0498,0.0864,0.0864,1.7008,0.0424,0.5254,0.4764,0.5535,0.2525,0.0066,0.024,0.024,0.3168,0.8142,0.3904,0.6396,0.2564,1.0257,0.8315,0.6444,0.2434,0.3084
0.2467,0.3636,0.3636,1.8683,0.0579,0.7023,0.6024,0.6745,0.4542,0.0411,0.0948,0.0948,0.4668,0.8942,0.4861,0.7106,0.4641,1.4368,0.9222,0.8106,0.3985,0.3456
0.4998,0.6804,0.6804,1.9077,0.062,0.7636,0.5904,0.7278,0.5374,0.1041,0.2904,0.2904,0.498,0.8975,0.6135,0.7196,0.6242,1.6279,0.9385,0.8185,0.5687,0.2952
0.5867,0.828,0.828,1.8219,0.074,0.7311,0.6096,0.693,0.4936,0.146,0.5532,0.5532,0.4272,0.8288,0.6881,0.6763,0.6651,1.5918,0.8857,0.7403,0.6347,0.2532
0.5724,0.888,0.888,1.6068,0.0984,0.6334,0.5004,0.6201,0.353,0.1743,0.4848,0.4848,0.3036,0.68,0.539,0.5391,0.518,1.4272,0.7585,0.6202,0.6701,0.2028
0.5113,0.876,0.876,1.2478,0.0342,0.4438,0.3648,0.5042,0.1336,0.1924,0.1944,0.1944,0.1332,0.4392,0.2548,0.3029,0.3486,1.1196,0.5385,0.3581,0.5328,0.132
0.4257,0.7968,0.7968,0.6468,2.00E-04,0.2367,0.138,0.3206,0.047,0.1592,0.0048,0.0048,0.0588,0.1146,0.0188,0.0501,0.1689,0.6971,0.2489,0.1316,0.3712,0.0708
0.3016,0.642,0.642,0.0411,0,0.0415,0,0.0976,0.0025,0.1323,0,0,0,0,0,0,0.0632,0.1855,0,0.008,0.2595,0.0192
0.1318,0.3984,0.3984,0,0,0,0,0,0,0.0579,0,0,0,0,0,0,0.0037,0.0025,0,0,0.1212,0
0.0056,0.078,0.078,0,0,0,0,0,0,0.0032,0,0,0,0,0,0,0,0,0,0,0.0042,0
0,0,0,0,0,0,0,0,0,0,0,0,0,0,0,0,0,0,0,0,0,0
0,0,0,0,0,0,0,0,0,0,0,0,0,0,0,0,0,0,0,0,0,0
0,0,0,0,0,0,0,0,0,0,0,0,0,0,0,0,0,0,0,0,0,0
0,0,0,0,0,0,0,0,0,0,0,0,0,0,0,0,0,0,0,0,0,0
0,0,0,0,0,0,0,0,0,0,0,0,0,0,0,0,0,0,0,0,0,0
0,0,0,0,0,0,0,0,0,0,0,0,0,0,0,0,0,0,0,0,0,0
0,0,0,0,0,0,0,0,0,0,0,0,0,0,0,0,0,0,0,0,0,0
0,0,0,0,0,0,0,0,0,0,0,0,0,0,0,0,0,0,0,0,0,0
0,0,0,0,0,0,0,0,0,0,0,0,0,0,0,0,0,0,0,0,0,0
0,0,0,0,0,0,0,0,0,0,0,0,0,0,0,0,0,0,0,0,0,0
0,0,0,0,0,0,0,0,0,0,0,0,0,0,0,0,0,0,0,0,0,0
0,0,0,0.1566,0.0695,0,0,0,0,0,0.042,0.042,0,0.0092,0.0227,0.0074,0,0,0.0059,2.00E-04,0,0
0,0,0,0.6905,0.4131,0.0059,0.012,0.0055,1.00E-04,0,0.3816,0.3816,0,0.1019,0.2537,0.1092,0,0.0017,0.1265,0.0649,1.00E-04,0.0024
0,0,0,1.0116,0.6624,0.1199,0.0624,0.0659,0.0306,0,0.6528,0.6528,0.0204,0.2031,0.453,0.2327,0.0478,0.2467,0.2878,0.2414,0.025,0.0576
0.1775,0.1452,0.1452,1.4598,0.8086,0.2849,0.1116,0.1804,0.1104,0.014,0.804,0.804,0.0624,0.2848,0.5926,0.388,0.4715,0.7343,0.3428,0.3169,0.3471,0.1728
0.4512,0.4512,0.4512,1.4934,0.8695,0.4145,0.144,0.2664,0.1907,0.0562,0.8604,0.8604,0.1104,0.4299,0.6597,0.5624,0.7602,1.1301,0.3062,0.3618,0.6278,0.3492
0.6721,0.6444,0.6444,1.1976,0.845,0.428,0.2052,0.2993,0.2441,0.1216,0.7668,0.7668,0.1632,0.5751,0.6817,0.6777,0.8886,1.2643,0.3579,0.4504,0.8012,0.5088
0.8122,0.7044,0.7044,0.9002,0.7344,0.4328,0.2352,0.295,0.228,0.1849,0.5664,0.5664,0.228,0.5213,0.526,0.6081,0.8868,1.2805,0.3692,0.6073,0.8996,0.6384
0.8939,0.6228,0.6228,0.7099,0.499,0.3746,0.2088,0.2903,0.1792,0.2269,0.3144,0.3144,0.2256,0.3638,0.3711,0.5085,0.8172,1.2399,0.2583,0.3529,0.926,0.7752
0.8476,0.4512,0.4512,0.5235,0.2138,0.234,0.1488,0.2483,0.1216,0.215,0.1812,0.1812,0.18,0.1609,0.2291,0.3399,0.6528,1.0305,0.1579,0.2322,0.8801,0.7488
0.7253,0.3024,0.3024,0.3019,5.00E-04,0.0689,0.0624,0.1652,0.0511,0.1605,0.0072,0.0072,0.0516,0.0287,0.0296,0.0775,0.5292,0.735,0.067,0.0644,0.76,0.5616
0.5213,0.1752,0.1752,0.0143,0,0.0077,0,0.0661,0.0035,0.0903,0,0,0,0,0,0,0.2906,0.312,0,0.001,0.5622,0.258
0.2195,0.0792,0.0792,0,0,0,0,0.0011,1.00E-04,0.0225,0,0,0,0,0,0,0.0297,0.0371,0,0,0.2701,0.0048
0.0042,0.0084,0.0084,0,0,0,0,0,0,3.00E-04,0,0,0,0,0,0,0,0,0,0,0.0043,0
0,0,0,0,0,0,0,0,0,0,0,0,0,0,0,0,0,0,0,0,0,0
0,0,0,0,0,0,0,0,0,0,0,0,0,0,0,0,0,0,0,0,0,0
0,0,0,0,0,0,0,0,0,0,0,0,0,0,0,0,0,0,0,0,0,0
0,0,0,0,0,0,0,0,0,0,0,0,0,0,0,0,0,0,0,0,0,0
0,0,0,0,0,0,0,0,0,0,0,0,0,0,0,0,0,0,0,0,0,0
0,0,0,0,0,0,0,0,0,0,0,0,0,0,0,0,0,0,0,0,0,0
0,0,0,0,0,0,0,0,0,0,0,0,0,0,0,0,0,0,0,0,0,0
0,0,0,0,0,0,0,0,0,0,0,0,0,0,0,0,0,0,0,0,0,0
0,0,0,0,0,0,0,0,0,0,0,0,0,0,0,0,0,0,0,0,0,0
0,0,0,0,0,0,0,0,0,0,0,0,0,0,0,0,0,0,0,0,0,0
0,0,0,0,0,0,0,0,0,0,0,0,0,0,0,0,0,0,0,0,0,0
0,0,0,0.1589,0.0074,0,0,0,0,0,0.0012,0.0012,0,0,6.00E-04,0,0,0,0,0,0,0
0,0,0,0.6984,0.0847,0.0086,0.0072,0.1024,1.00E-04,0,0.03,0.03,0.0024,0.0198,0.0505,0.0488,0,3.24E-02,0.0324,0.0334,8.00E-04,0.036
0,0,0,1.1536,0.1263,0.1507,0.0576,0.3559,0.0724,0,0.1092,0.1092,0.0696,0.0842,0.1306,0.1412,0.081,0.695,0.146,0.1701,0.0248,0.228
0.1349,0.0588,0.0588,1.381,0.1952,0.3257,0.108,0.6418,0.2027,0.012,0.1908,0.1908,0.1632,0.2352,0.1966,0.2552,0.5309,1.5876,0.4477,0.2979,0.3132,0.4608
0.3678,0.1416,0.1416,1.4366,0.2161,0.4739,0.1644,0.8185,0.3387,0.1023,0.216,0.216,0.2304,0.2335,0.2201,0.2751,0.7809,2.3433,0.706,0.3589,0.5841,0.5808
0.5476,0.1656,0.1656,1.4,0.2212,0.5288,0.2496,0.8676,0.4013,0.2766,0.174,0.174,0.2424,0.1774,0.1976,0.2469,0.9073,2.6699,0.7539,0.3806,0.7361,0.564
0.6978,0.2076,0.2076,1.3304,0.194,0.512,0.264,0.8682,0.4243,0.3947,0.1188,0.1188,0.1764,0.125,0.1481,0.1977,0.8988,2.7499,0.8202,0.3435,0.8131,0.636
0.8301,0.2256,0.2256,1.1582,0.1252,0.451,0.2064,0.8521,0.3972,0.4332,0.0696,0.0696,0.1344,0.1126,0.1028,0.1517,0.8421,2.6236,0.7435,0.2892,0.6829,0.708
0.8372,0.1836,0.1836,0.8595,0.0257,0.3479,0.108,0.7152,0.311,0.3979,0.0276,0.0276,0.0684,0.1622,0.0532,0.0907,0.6944,2.2195,0.5418,0.2109,0.5587,0.5568
0.7264,0.168,0.168,0.47,0,0.2136,0.0192,0.4883,0.1832,0.3068,0,0,0.0156,0.0624,0.0058,0.0193,0.4319,1.5521,0.2345,0.0909,0.4799,0.3444
0.5299,0.1548,0.1548,0.035,0,0.0617,0,0.1848,0.0307,0.1847,0,0,0,0,0,0,0.1921,0.6286,0,0.0069,0.2713,0.156
0.238,0.0984,0.0984,0,0,0,0,0.0014,0,0.0621,0,0,0,0,0,0,0.0201,0.0313,0,0,0.099,0.006
0.007,0.0084,0.0084,0,0,0,0,0,0,9.00E-04,0,0,0,0,0,0,0,0,0,0,2.00E-04,0
0,0,0,0,0,0,0,0,0,0,0,0,0,0,0,0,0,0,0,0,0,0
0,0,0,0,0,0,0,0,0,0,0,0,0,0,0,0,0,0,0,0,0,0
0,0,0,0,0,0,0,0,0,0,0,0,0,0,0,0,0,0,0,0,0,0
0,0,0,0,0,0,0,0,0,0,0,0,0,0,0,0,0,0,0,0,0,0
0,0,0,0,0,0,0,0,0,0,0,0,0,0,0,0,0,0,0,0,0,0
0,0,0,0,0,0,0,0,0,0,0,0,0,0,0,0,0,0,0,0,0,0
0,0,0,0,0,0,0,0,0,0,0,0,0,0,0,0,0,0,0,0,0,0
0,0,0,0,0,0,0,0,0,0,0,0,0,0,0,0,0,0,0,0,0,0
0,0,0,0,0,0,0,0,0,0,0,0,0,0,0,0,0,0,0,0,0,0
0,0,0,0,0,0,0,0,0,0,0,0,0,0,0,0,0,0,0,0,0,0
0,0,0,0,0,0,0,0,0,0,0,0,0,0,0,0,0,0,0,0,0,0
0,0,0,0.2918,0.0262,0,0,0,0,0,0.0288,0.0288,0,0.0361,0.0176,0.0087,0,0,0.0304,0.0016,0,0
0,0,0,0.9657,0.2003,0.0393,0.0432,0.1481,0.0025,0,0.2712,0.2712,0.0288,0.3107,0.243,0.179,0,0.0384,0.4011,0.226,4.00E-04,0.0192
0,0,0,1.4242,0.3885,0.3093,0.2844,0.4288,0.1107,0,0.4956,0.4956,0.2688,0.5431,0.4678,0.3963,0.0214,0.5788,0.6868,0.5672,0.0047,0.2052
0.0928,0.1356,0.1356,1.7094,0.5541,0.5942,0.6156,0.6539,0.3776,0.0103,0.6912,0.6912,0.534,0.7247,0.6694,0.6138,0.2352,1.2977,0.8681,0.8025,0.0536,0.5916
0.2841,0.4128,0.4128,1.8478,0.6861,0.7714,0.7296,0.7602,0.5729,0.1412,0.8256,0.8256,0.7284,0.8619,0.8003,0.7231,0.4755,1.6555,0.963,0.9307,0.1494,0.8232
0.4323,0.6504,0.6504,1.8585,0.7122,0.8388,0.642,0.8319,0.6455,0.3818,0.828,0.828,0.876,0.9063,0.7696,0.7404,0.6834,1.669,0.9828,0.9689,0.2745,0.8832
0.5224,0.6912,0.6912,1.7542,0.6478,0.8185,0.4644,0.847,0.6322,0.6053,0.7428,0.7428,0.8652,0.8559,0.6871,0.7311,0.6375,1.6359,0.933,0.9393,0.3684,0.7692
0.5488,0.5916,0.5916,1.5179,0.4822,0.7262,0.2364,0.7521,0.5255,0.7049,0.5676,0.5676,0.7632,0.7128,0.5263,0.6054,0.6361,1.4308,0.81,0.8372,0.3908,0.5796
0.5237,0.4788,0.4788,1.1424,0.1971,0.4815,0.1308,0.5502,0.3625,0.6967,0.2916,0.2916,0.5628,0.464,0.2902,0.3943,0.5425,0.8554,0.6035,0.6314,0.3653,0.4572
0.4425,0.3576,0.3576,0.5884,0.0012,0.1789,0.0276,0.377,0.1342,0.6187,0.0144,0.0144,0.2556,0.1313,0.0298,0.0878,0.2652,0.5167,0.2915,0.2984,0.3982,0.354
0.3359,0.2484,0.2484,0.0367,0,0.0043,0,0.1353,0.0055,0.4436,0,0,0.0012,0,0,2.00E-04,0.0774,0.1806,6.00E-04,0.0227,0.2908,0.1644
0.1413,0.138,0.138,0,0,0,0,6.00E-04,0,0.1985,0,0,0,0,0,0,0.0048,0.0078,0,0,0.1086,0.0024
0.0035,0.0312,0.0312,0,0,0,0,0,0,0.0057,0,0,0,0,0,0,0,0,0,0,9.00E-04,0
0,0,0,0,0,0,0,0,0,0,0,0,0,0,0,0,0,0,0,0,0,0
0,0,0,0,0,0,0,0,0,0,0,0,0,0,0,0,0,0,0,0,0,0
0,0,0,0,0,0,0,0,0,0,0,0,0,0,0,0,0,0,0,0,0,0
0,0,0,0,0,0,0,0,0,0,0,0,0,0,0,0,0,0,0,0,0,0
0,0,0,0,0,0,0,0,0,0,0,0,0,0,0,0,0,0,0,0,0,0
0,0,0,0,0,0,0,0,0,0,0,0,0,0,0,0,0,0,0,0,0,0
0,0,0,0,0,0,0,0,0,0,0,0,0,0,0,0,0,0,0,0,0,0
0,0,0,0,0,0,0,0,0,0,0,0,0,0,0,0,0,0,0,0,0,0
0,0,0,0,0,0,0,0,0,0,0,0,0,0,0,0,0,0,0,0,0,0
0,0,0,0,0,0,0,0,0,0,0,0,0,0,0,0,0,0,0,0,0,0
0,0,0,0,0,0,0,0,0,0,0,0,0,0,0,0,0,0,0,0,0,0
0,0,0,0.1992,0.0191,0,0,0,0,0,0.0012,0.0012,0,0.0461,0.0029,0.0045,0,0,0.0303,0.0015,0,0
0,0,0,0.8097,0.0931,0.0018,0.0252,0.0763,6.00E-04,0,0.054,0.054,0.0012,0.3496,0.1092,0.1149,0,0.0098,0.3323,0.0468,2.00E-04,0.0084
0,0,0,1.2963,0.1835,0.0245,0.09,0.2474,0.1171,0,0.1704,0.1704,0.0288,0.6679,0.2374,0.2392,0.0013,0.1062,0.5873,0.1933,0.0108,0.0768
0.1648,0.138,0.138,1.6264,0.3155,0.0628,0.1728,0.3851,0.2849,0.018,0.4908,0.4908,0.0684,0.8288,0.4541,0.3386,0.044,0.3383,0.7093,0.2864,0.2567,0.1224
0.4111,0.4872,0.4872,1.7941,0.3976,0.0917,0.1776,0.4588,0.4,0.098,0.5724,0.5724,0.0972,0.8621,0.4184,0.2675,0.0917,0.6007,0.7276,0.3446,0.5316,0.1452
0.5903,0.726,0.726,1.832,0.5253,0.1378,0.1704,0.5038,0.4752,0.2059,0.4512,0.4512,0.1068,0.7593,0.3166,0.2189,0.1394,0.7673,0.7872,0.2734,0.7126,0.18
0.7134,0.8556,0.8556,1.7504,0.4427,0.1851,0.126,0.513,0.4835,0.2405,0.3096,0.3096,0.0888,0.3828,0.2441,0.1712,0.167,0.8616,0.8307,0.2006,0.751,0.2052
0.7762,0.9012,0.9012,1.539,0.2753,0.149,0.0732,0.4685,0.4095,0.2234,0.1644,0.1644,0.0696,0.2046,0.145,0.1163,0.1804,0.7871,0.6997,0.158,0.7745,0.1956
0.7843,0.8628,0.8628,1.1858,0.0773,0.1008,0.03,0.3665,0.309,0.2091,0.0576,0.0576,0.0444,0.1411,0.0573,0.058,0.1744,0.6084,0.4376,0.1255,0.7244,0.1704
0.6977,0.7512,0.7512,0.6627,0,0.0579,0.0024,0.2037,0.1675,0.1724,0.0012,0.0012,0.0516,0.0215,0.0017,0.006,0.1273,0.3623,0.1753,0.0546,0.6059,0.1272
0.4965,0.6264,0.6264,0.0523,0,0.0059,0,0.0577,0.0133,0.1277,0,0,0,0,0,0,0.0675,0.1051,0,0.0015,0.4523,0.0468
0.1812,0.4128,0.4128,0,0,0,0,0,0,0.0721,0,0,0,0,0,0,0.006,0.0084,0,0,0.2167,0
0.0084,0.1032,0.1032,0,0,0,0,0,0,0.0065,0,0,0,0,0,0,0,0,0,0,0.0079,0
0,0,0,0,0,0,0,0,0,0,0,0,0,0,0,0,0,0,0,0,0,0
0,0,0,0,0,0,0,0,0,0,0,0,0,0,0,0,0,0,0,0,0,0
0,0,0,0,0,0,0,0,0,0,0,0,0,0,0,0,0,0,0,0,0,0
0,0,0,0,0,0,0,0,0,0,0,0,0,0,0,0,0,0,0,0,0,0